price,quantity,date,unix timestamp
0.361,50,Feb 07 2019 01: +0,1549501200
0.22,45,Feb 08 2019 01: +0,1549587600
0.218,22,Feb 09 2019 01: +0,1549674000
0.233,25,Feb 10 2019 01: +0,1549760400
0.205,27,Feb 11 2019 01: +0,1549846800
0.22,27,Feb 12 2019 01: +0,1549933200
0.225,29,Feb 13 2019 01: +0,1550019600
0.382,27,Feb 14 2019 01: +0,1550106000
0.543,12,Feb 15 2019 01: +0,1550192400
0.402,13,Feb 16 2019 01: +0,1550278800
0.348,16,Feb 17 2019 01: +0,1550365200
0.353,15,Feb 18 2019 01: +0,1550451600
0.323,20,Feb 19 2019 01: +0,1550538000
0.384,15,Feb 20 2019 01: +0,1550624400
0.659,25,Feb 21 2019 01: +0,1550710800
0.93,13,Feb 22 2019 01: +0,1550797200
0.693,12,Feb 23 2019 01: +0,1550883600
0.493,17,Feb 24 2019 01: +0,1550970000
0.518,16,Feb 25 2019 01: +0,1551056400
0.533,13,Feb 26 2019 01: +0,1551142800
0.478,9,Feb 27 2019 01: +0,1551229200
0.502,14,Feb 28 2019 01: +0,1551315600
0.463,10,Mar 01 2019 01: +0,1551402000
0.16,528,Mar 02 2019 01: +0,1551488400
0.102,677,Mar 03 2019 01: +0,1551574800
0.107,415,Mar 04 2019 01: +0,1551661200
0.102,260,Mar 05 2019 01: +0,1551747600
0.088,288,Mar 06 2019 01: +0,1551834000
0.089,159,Mar 07 2019 01: +0,1551920400
0.084,191,Mar 08 2019 01: +0,1552006800
0.083,182,Mar 09 2019 01: +0,1552093200
0.088,145,Mar 10 2019 01: +0,1552179600
0.089,111,Mar 11 2019 01: +0,1552266000
0.097,103,Mar 12 2019 01: +0,1552352400
0.109,66,Mar 13 2019 01: +0,1552438800
0.106,85,Mar 14 2019 01: +0,1552525200
0.103,65,Mar 15 2019 01: +0,1552611600
0.108,98,Mar 16 2019 01: +0,1552698000
0.1,85,Mar 17 2019 01: +0,1552784400
0.111,67,Mar 18 2019 01: +0,1552870800
0.118,37,Mar 19 2019 01: +0,1552957200
0.113,46,Mar 20 2019 01: +0,1553043600
0.117,62,Mar 21 2019 01: +0,1553130000
0.116,47,Mar 22 2019 01: +0,1553216400
0.12,45,Mar 23 2019 01: +0,1553302800
0.118,50,Mar 24 2019 01: +0,1553389200
0.131,30,Mar 25 2019 01: +0,1553475600
0.126,31,Mar 26 2019 01: +0,1553562000
0.136,32,Mar 27 2019 01: +0,1553648400
0.121,33,Mar 28 2019 01: +0,1553734800
0.114,70,Mar 29 2019 01: +0,1553821200
0.121,39,Mar 30 2019 01: +0,1553907600
0.125,46,Mar 31 2019 01: +0,1553994000
0.126,45,Apr 01 2019 01: +0,1554076800
0.137,29,Apr 02 2019 01: +0,1554163200
0.128,26,Apr 03 2019 01: +0,1554249600
0.136,34,Apr 04 2019 01: +0,1554336000
0.137,27,Apr 05 2019 01: +0,1554422400
0.141,60,Apr 06 2019 01: +0,1554508800
0.144,36,Apr 07 2019 01: +0,1554595200
0.138,22,Apr 08 2019 01: +0,1554681600
0.146,31,Apr 09 2019 01: +0,1554768000
0.148,21,Apr 10 2019 01: +0,1554854400
0.144,22,Apr 11 2019 01: +0,1554940800
0.14,37,Apr 12 2019 01: +0,1555027200
0.138,30,Apr 13 2019 01: +0,1555113600
0.144,26,Apr 14 2019 01: +0,1555200000
0.144,28,Apr 15 2019 01: +0,1555286400
0.146,23,Apr 16 2019 01: +0,1555372800
0.141,21,Apr 17 2019 01: +0,1555459200
0.14,32,Apr 18 2019 01: +0,1555545600
0.145,27,Apr 19 2019 01: +0,1555632000
0.154,25,Apr 20 2019 01: +0,1555718400
0.136,20,Apr 21 2019 01: +0,1555804800
0.148,22,Apr 22 2019 01: +0,1555891200
0.156,25,Apr 23 2019 01: +0,1555977600
0.157,23,Apr 24 2019 01: +0,1556064000
0.16,30,Apr 25 2019 01: +0,1556150400
0.148,19,Apr 26 2019 01: +0,1556236800
0.152,33,Apr 27 2019 01: +0,1556323200
0.15,31,Apr 28 2019 01: +0,1556409600
0.15,22,Apr 29 2019 01: +0,1556496000
0.152,25,Apr 30 2019 01: +0,1556582400
0.159,28,May 01 2019 01: +0,1556668800
0.155,22,May 02 2019 01: +0,1556755200
0.155,21,May 03 2019 01: +0,1556841600
0.158,27,May 04 2019 01: +0,1556928000
0.158,19,May 05 2019 01: +0,1557014400
0.153,27,May 06 2019 01: +0,1557100800
0.157,21,May 07 2019 01: +0,1557187200
0.157,18,May 08 2019 01: +0,1557273600
0.166,13,May 09 2019 01: +0,1557360000
0.158,27,May 10 2019 01: +0,1557446400
0.157,26,May 11 2019 01: +0,1557532800
0.161,28,May 12 2019 01: +0,1557619200
0.159,20,May 13 2019 01: +0,1557705600
0.154,21,May 14 2019 01: +0,1557792000
0.153,18,May 15 2019 01: +0,1557878400
0.153,14,May 16 2019 01: +0,1557964800
0.16,23,May 17 2019 01: +0,1558051200
0.157,28,May 18 2019 01: +0,1558137600
0.163,47,May 19 2019 01: +0,1558224000
0.16,25,May 20 2019 01: +0,1558310400
0.158,32,May 21 2019 01: +0,1558396800
0.154,23,May 22 2019 01: +0,1558483200
0.164,23,May 23 2019 01: +0,1558569600
0.158,27,May 24 2019 01: +0,1558656000
0.159,39,May 25 2019 01: +0,1558742400
0.165,24,May 26 2019 01: +0,1558828800
0.161,27,May 27 2019 01: +0,1558915200
0.164,32,May 28 2019 01: +0,1559001600
0.164,45,May 29 2019 01: +0,1559088000
0.17,47,May 30 2019 01: +0,1559174400
0.17,31,May 31 2019 01: +0,1559260800
0.175,32,Jun 01 2019 01: +0,1559347200
0.172,29,Jun 02 2019 01: +0,1559433600
0.181,21,Jun 03 2019 01: +0,1559520000
0.179,25,Jun 04 2019 01: +0,1559606400
0.175,30,Jun 05 2019 01: +0,1559692800
0.184,25,Jun 06 2019 01: +0,1559779200
0.186,122,Jun 07 2019 01: +0,1559865600
0.185,40,Jun 08 2019 01: +0,1559952000
0.187,32,Jun 09 2019 01: +0,1560038400
0.192,97,Jun 10 2019 01: +0,1560124800
0.183,24,Jun 11 2019 01: +0,1560211200
0.194,16,Jun 12 2019 01: +0,1560297600
0.183,20,Jun 13 2019 01: +0,1560384000
0.187,16,Jun 14 2019 01: +0,1560470400
0.199,29,Jun 15 2019 01: +0,1560556800
0.201,25,Jun 16 2019 01: +0,1560643200
0.19,12,Jun 17 2019 01: +0,1560729600
0.196,20,Jun 18 2019 01: +0,1560816000
0.198,25,Jun 19 2019 01: +0,1560902400
0.2,26,Jun 20 2019 01: +0,1560988800
0.2,23,Jun 21 2019 01: +0,1561075200
0.201,25,Jun 22 2019 01: +0,1561161600
0.202,28,Jun 23 2019 01: +0,1561248000
0.203,29,Jun 24 2019 01: +0,1561334400
0.194,20,Jun 25 2019 01: +0,1561420800
0.188,21,Jun 26 2019 01: +0,1561507200
0.186,24,Jun 27 2019 01: +0,1561593600
0.193,17,Jun 28 2019 01: +0,1561680000
0.193,21,Jun 29 2019 01: +0,1561766400
0.181,17,Jun 30 2019 01: +0,1561852800
0.17,18,Jul 01 2019 01: +0,1561939200
0.183,13,Jul 02 2019 01: +0,1562025600
0.196,19,Jul 03 2019 01: +0,1562112000
0.205,10,Jul 04 2019 01: +0,1562198400
0.206,22,Jul 05 2019 01: +0,1562284800
0.177,14,Jul 06 2019 01: +0,1562371200
0.2,11,Jul 07 2019 01: +0,1562457600
0.198,13,Jul 08 2019 01: +0,1562544000
0.203,27,Jul 09 2019 01: +0,1562630400
0.216,30,Jul 10 2019 01: +0,1562716800
0.208,11,Jul 11 2019 01: +0,1562803200
0.216,20,Jul 12 2019 01: +0,1562889600
0.225,14,Jul 13 2019 01: +0,1562976000
0.231,9,Jul 14 2019 01: +0,1563062400
0.237,13,Jul 15 2019 01: +0,1563148800
0.24,5,Jul 16 2019 01: +0,1563235200
0.237,18,Jul 17 2019 01: +0,1563321600
0.244,32,Jul 18 2019 01: +0,1563408000
0.223,21,Jul 19 2019 01: +0,1563494400
0.238,45,Jul 20 2019 01: +0,1563580800
0.25,46,Jul 21 2019 01: +0,1563667200
0.228,12,Jul 22 2019 01: +0,1563753600
0.263,14,Jul 23 2019 01: +0,1563840000
0.252,15,Jul 24 2019 01: +0,1563926400
0.259,7,Jul 25 2019 01: +0,1564012800
0.258,17,Jul 26 2019 01: +0,1564099200
0.254,6,Jul 27 2019 01: +0,1564185600
0.234,14,Jul 28 2019 01: +0,1564272000
0.236,16,Jul 29 2019 01: +0,1564358400
0.239,11,Jul 30 2019 01: +0,1564444800
0.24,11,Jul 31 2019 01: +0,1564531200
0.25,9,Aug 01 2019 01: +0,1564617600
0.244,13,Aug 02 2019 01: +0,1564704000
0.242,16,Aug 03 2019 01: +0,1564790400
0.234,11,Aug 04 2019 01: +0,1564876800
0.233,22,Aug 05 2019 01: +0,1564963200
0.247,15,Aug 06 2019 01: +0,1565049600
0.235,9,Aug 07 2019 01: +0,1565136000
0.244,26,Aug 08 2019 01: +0,1565222400
0.247,42,Aug 09 2019 01: +0,1565308800
0.259,12,Aug 10 2019 01: +0,1565395200
0.273,68,Aug 11 2019 01: +0,1565481600
0.267,31,Aug 12 2019 01: +0,1565568000
0.281,9,Aug 13 2019 01: +0,1565654400
0.267,39,Aug 14 2019 01: +0,1565740800
0.267,11,Aug 15 2019 01: +0,1565827200
0.25,35,Aug 16 2019 01: +0,1565913600
0.252,17,Aug 17 2019 01: +0,1566000000
0.25,6,Aug 18 2019 01: +0,1566086400
0.243,12,Aug 19 2019 01: +0,1566172800
0.239,6,Aug 20 2019 01: +0,1566259200
0.244,11,Aug 21 2019 01: +0,1566345600
0.227,13,Aug 22 2019 01: +0,1566432000
0.227,17,Aug 23 2019 01: +0,1566518400
0.231,18,Aug 24 2019 01: +0,1566604800
0.224,12,Aug 25 2019 01: +0,1566691200
0.233,9,Aug 26 2019 01: +0,1566777600
0.241,7,Aug 27 2019 01: +0,1566864000
0.246,11,Aug 28 2019 01: +0,1566950400
0.228,9,Aug 29 2019 01: +0,1567036800
0.229,15,Aug 30 2019 01: +0,1567123200
0.242,12,Aug 31 2019 01: +0,1567209600
0.24,5,Sep 01 2019 01: +0,1567296000
0.244,15,Sep 02 2019 01: +0,1567382400
0.244,13,Sep 03 2019 01: +0,1567468800
0.256,9,Sep 04 2019 01: +0,1567555200
0.276,102,Sep 05 2019 01: +0,1567641600
0.299,24,Sep 06 2019 01: +0,1567728000
0.294,25,Sep 07 2019 01: +0,1567814400
0.243,20,Sep 08 2019 01: +0,1567900800
0.211,10,Sep 09 2019 01: +0,1567987200
0.2,9,Sep 10 2019 01: +0,1568073600
0.202,19,Sep 11 2019 01: +0,1568160000
0.211,4,Sep 12 2019 01: +0,1568246400
0.221,11,Sep 13 2019 01: +0,1568332800
0.239,6,Sep 14 2019 01: +0,1568419200
0.232,4,Sep 15 2019 01: +0,1568505600
0.208,9,Sep 16 2019 01: +0,1568592000
0.214,8,Sep 17 2019 01: +0,1568678400
0.2,5,Sep 18 2019 01: +0,1568764800
0.226,8,Sep 19 2019 01: +0,1568851200
0.208,3,Sep 20 2019 01: +0,1568937600
0.224,7,Sep 21 2019 01: +0,1569024000
0.212,9,Sep 22 2019 01: +0,1569110400
0.201,10,Sep 23 2019 01: +0,1569196800
0.212,2,Sep 24 2019 01: +0,1569283200
0.23,9,Sep 25 2019 01: +0,1569369600
0.244,6,Sep 26 2019 01: +0,1569456000
0.271,4,Sep 27 2019 01: +0,1569542400
0.215,4,Sep 28 2019 01: +0,1569628800
0.24,6,Sep 29 2019 01: +0,1569715200
0.258,2,Sep 30 2019 01: +0,1569801600
0.253,5,Oct 01 2019 01: +0,1569888000
0.258,5,Oct 02 2019 01: +0,1569974400
0.232,6,Oct 03 2019 01: +0,1570060800
0.243,5,Oct 04 2019 01: +0,1570147200
0.237,5,Oct 05 2019 01: +0,1570233600
0.228,5,Oct 06 2019 01: +0,1570320000
0.289,2,Oct 07 2019 01: +0,1570406400
0.25,12,Oct 08 2019 01: +0,1570492800
0.246,9,Oct 09 2019 01: +0,1570579200
0.263,4,Oct 10 2019 01: +0,1570665600
0.278,9,Oct 11 2019 01: +0,1570752000
0.242,7,Oct 12 2019 01: +0,1570838400
0.245,5,Oct 13 2019 01: +0,1570924800
0.244,4,Oct 14 2019 01: +0,1571011200
0.259,5,Oct 15 2019 01: +0,1571097600
0.254,2,Oct 16 2019 01: +0,1571184000
0.283,13,Oct 17 2019 01: +0,1571270400
0.277,12,Oct 18 2019 01: +0,1571356800
0.272,9,Oct 19 2019 01: +0,1571443200
0.259,12,Oct 20 2019 01: +0,1571529600
0.261,9,Oct 21 2019 01: +0,1571616000
0.293,7,Oct 22 2019 01: +0,1571702400
0.274,4,Oct 23 2019 01: +0,1571788800
0.298,3,Oct 24 2019 01: +0,1571875200
0.328,1,Oct 25 2019 01: +0,1571961600
0.284,4,Oct 26 2019 01: +0,1572048000
0.271,4,Oct 27 2019 01: +0,1572134400
0.265,5,Oct 28 2019 01: +0,1572224400
0.276,2,Oct 29 2019 01: +0,1572310800
0.297,14,Oct 30 2019 01: +0,1572397200
0.302,7,Oct 31 2019 01: +0,1572483600
0.305,4,Nov 01 2019 01: +0,1572570000
0.309,2,Nov 02 2019 01: +0,1572656400
0.283,9,Nov 03 2019 01: +0,1572742800
0.346,4,Nov 04 2019 01: +0,1572829200
0.336,6,Nov 05 2019 01: +0,1572915600
0.316,2,Nov 06 2019 01: +0,1573002000
0.303,5,Nov 07 2019 01: +0,1573088400
0.312,3,Nov 08 2019 01: +0,1573174800
0.293,3,Nov 09 2019 01: +0,1573261200
0.294,4,Nov 10 2019 01: +0,1573347600
0.296,4,Nov 11 2019 01: +0,1573434000
0.333,3,Nov 12 2019 01: +0,1573520400
0.276,8,Nov 13 2019 01: +0,1573606800
0.292,1,Nov 14 2019 01: +0,1573693200
0.303,6,Nov 15 2019 01: +0,1573779600
0.314,3,Nov 16 2019 01: +0,1573866000
0.292,12,Nov 17 2019 01: +0,1573952400
0.317,5,Nov 18 2019 01: +0,1574038800
0.23,8,Nov 19 2019 01: +0,1574125200
0.229,4,Nov 20 2019 01: +0,1574211600
0.24,3,Nov 21 2019 01: +0,1574298000
0.218,2,Nov 22 2019 01: +0,1574384400
0.217,6,Nov 23 2019 01: +0,1574470800
0.225,4,Nov 24 2019 01: +0,1574557200
0.275,6,Nov 25 2019 01: +0,1574643600
0.262,8,Nov 26 2019 01: +0,1574730000
0.233,3,Nov 27 2019 01: +0,1574816400
0.24,2,Nov 28 2019 01: +0,1574902800
0.252,7,Nov 29 2019 01: +0,1574989200
0.306,2,Nov 30 2019 01: +0,1575075600
0.243,3,Dec 01 2019 01: +0,1575162000
0.273,1,Dec 02 2019 01: +0,1575248400
0.252,4,Dec 03 2019 01: +0,1575334800
0.278,1,Dec 04 2019 01: +0,1575421200
0.264,2,Dec 05 2019 01: +0,1575507600
0.234,3,Dec 06 2019 01: +0,1575594000
0.247,5,Dec 07 2019 01: +0,1575680400
0.271,5,Dec 08 2019 01: +0,1575766800
0.265,3,Dec 09 2019 01: +0,1575853200
0.299,6,Dec 10 2019 01: +0,1575939600
0.341,2,Dec 11 2019 01: +0,1576026000
0.289,5,Dec 12 2019 01: +0,1576112400
0.314,1,Dec 14 2019 01: +0,1576285200
0.302,3,Dec 15 2019 01: +0,1576371600
0.311,6,Dec 16 2019 01: +0,1576458000
0.315,6,Dec 17 2019 01: +0,1576544400
0.307,3,Dec 18 2019 01: +0,1576630800
0.318,2,Dec 19 2019 01: +0,1576717200
0.261,5,Dec 20 2019 01: +0,1576803600
0.221,2,Dec 21 2019 01: +0,1576890000
0.279,10,Dec 22 2019 01: +0,1576976400
0.284,3,Dec 23 2019 01: +0,1577062800
0.309,3,Dec 24 2019 01: +0,1577149200
0.297,3,Dec 25 2019 01: +0,1577235600
0.265,1,Dec 26 2019 01: +0,1577322000
0.276,5,Dec 27 2019 01: +0,1577408400
0.326,9,Dec 28 2019 01: +0,1577494800
0.337,2,Dec 29 2019 01: +0,1577581200
0.329,4,Dec 30 2019 01: +0,1577667600
0.345,4,Dec 31 2019 01: +0,1577754000
0.325,3,Jan 01 2020 01: +0,1577840400
0.353,5,Jan 02 2020 01: +0,1577926800
0.401,9,Jan 03 2020 01: +0,1578013200
0.362,2,Jan 04 2020 01: +0,1578099600
0.387,2,Jan 05 2020 01: +0,1578186000
0.391,7,Jan 06 2020 01: +0,1578272400
0.434,3,Jan 07 2020 01: +0,1578358800
0.42,2,Jan 09 2020 01: +0,1578531600
0.408,3,Jan 10 2020 01: +0,1578618000
0.382,3,Jan 11 2020 01: +0,1578704400
0.389,2,Jan 12 2020 01: +0,1578790800
0.412,2,Jan 13 2020 01: +0,1578877200
0.418,1,Jan 14 2020 01: +0,1578963600
0.407,3,Jan 15 2020 01: +0,1579050000
0.442,3,Jan 16 2020 01: +0,1579136400
0.396,2,Jan 17 2020 01: +0,1579222800
0.434,5,Jan 18 2020 01: +0,1579309200
0.452,2,Jan 19 2020 01: +0,1579395600
0.409,3,Jan 20 2020 01: +0,1579482000
0.455,4,Jan 21 2020 01: +0,1579568400
0.455,2,Jan 22 2020 01: +0,1579654800
0.375,3,Jan 24 2020 01: +0,1579827600
0.404,2,Jan 25 2020 01: +0,1579914000
0.419,5,Jan 26 2020 01: +0,1580000400
0.423,6,Jan 27 2020 01: +0,1580086800
0.401,2,Jan 28 2020 01: +0,1580173200
0.394,3,Jan 29 2020 01: +0,1580259600
0.447,2,Jan 30 2020 01: +0,1580346000
0.457,1,Jan 31 2020 01: +0,1580432400
0.407,2,Feb 01 2020 01: +0,1580518800
0.392,4,Feb 03 2020 01: +0,1580691600
0.356,1,Feb 04 2020 01: +0,1580778000
0.366,2,Feb 05 2020 01: +0,1580864400
0.42,2,Feb 06 2020 01: +0,1580950800
0.396,2,Feb 07 2020 01: +0,1581037200
0.365,4,Feb 08 2020 01: +0,1581123600
0.42,4,Feb 09 2020 01: +0,1581210000
0.407,6,Feb 10 2020 01: +0,1581296400
0.39,3,Feb 11 2020 01: +0,1581382800
0.391,4,Feb 12 2020 01: +0,1581469200
0.354,6,Feb 13 2020 01: +0,1581555600
0.352,5,Feb 14 2020 01: +0,1581642000
0.411,1,Feb 15 2020 01: +0,1581728400
0.405,5,Feb 16 2020 01: +0,1581814800
0.444,2,Feb 17 2020 01: +0,1581901200
0.418,4,Feb 18 2020 01: +0,1581987600
0.401,3,Feb 19 2020 01: +0,1582074000
0.413,4,Feb 20 2020 01: +0,1582160400
0.441,6,Feb 21 2020 01: +0,1582246800
0.44,3,Feb 22 2020 01: +0,1582333200
0.418,3,Feb 23 2020 01: +0,1582419600
0.356,1,Feb 24 2020 01: +0,1582506000
0.363,2,Feb 25 2020 01: +0,1582592400
0.405,5,Feb 26 2020 01: +0,1582678800
0.422,5,Feb 27 2020 01: +0,1582765200
0.447,6,Feb 28 2020 01: +0,1582851600
0.443,4,Feb 29 2020 01: +0,1582938000
0.406,5,Mar 01 2020 01: +0,1583024400
0.404,6,Mar 02 2020 01: +0,1583110800
0.426,2,Mar 03 2020 01: +0,1583197200
0.419,6,Mar 04 2020 01: +0,1583283600
0.407,3,Mar 05 2020 01: +0,1583370000
0.425,9,Mar 06 2020 01: +0,1583456400
0.422,6,Mar 07 2020 01: +0,1583542800
0.429,6,Mar 08 2020 01: +0,1583629200
0.453,3,Mar 09 2020 01: +0,1583715600
0.395,62,Mar 10 2020 01: +0,1583802000
0.417,1,Mar 11 2020 01: +0,1583888400
0.397,2,Mar 12 2020 01: +0,1583974800
0.391,2,Mar 13 2020 01: +0,1584061200
0.409,9,Mar 14 2020 01: +0,1584147600
0.422,3,Mar 15 2020 01: +0,1584234000
0.364,11,Mar 16 2020 01: +0,1584320400
0.364,7,Mar 17 2020 01: +0,1584406800
0.405,1,Mar 18 2020 01: +0,1584493200
0.361,8,Mar 19 2020 01: +0,1584579600
0.343,4,Mar 20 2020 01: +0,1584666000
0.381,3,Mar 21 2020 01: +0,1584752400
0.37,3,Mar 22 2020 01: +0,1584838800
0.374,6,Mar 23 2020 01: +0,1584925200
0.406,4,Mar 24 2020 01: +0,1585011600
0.422,5,Mar 25 2020 01: +0,1585098000
0.425,2,Mar 26 2020 01: +0,1585184400
0.403,5,Mar 27 2020 01: +0,1585270800
0.386,3,Mar 28 2020 01: +0,1585357200
0.412,8,Mar 29 2020 01: +0,1585443600
0.404,6,Mar 30 2020 01: +0,1585526400
0.322,6,Mar 31 2020 01: +0,1585612800
0.383,8,Apr 01 2020 01: +0,1585699200
0.406,3,Apr 02 2020 01: +0,1585785600
0.394,3,Apr 03 2020 01: +0,1585872000
0.42,7,Apr 04 2020 01: +0,1585958400
0.445,13,Apr 05 2020 01: +0,1586044800
0.52,16,Apr 06 2020 01: +0,1586131200
0.552,13,Apr 07 2020 01: +0,1586217600
0.587,10,Apr 08 2020 01: +0,1586304000
0.588,3,Apr 09 2020 01: +0,1586390400
0.618,2,Apr 10 2020 01: +0,1586476800
0.609,8,Apr 11 2020 01: +0,1586563200
0.583,7,Apr 12 2020 01: +0,1586649600
0.624,2,Apr 13 2020 01: +0,1586736000
0.491,3,Apr 14 2020 01: +0,1586822400
0.485,10,Apr 15 2020 01: +0,1586908800
0.475,17,Apr 16 2020 01: +0,1586995200
0.434,54,Apr 17 2020 01: +0,1587081600
0.456,17,Apr 18 2020 01: +0,1587168000
0.413,16,Apr 19 2020 01: +0,1587254400
0.468,5,Apr 20 2020 01: +0,1587340800
0.484,10,Apr 21 2020 01: +0,1587427200
0.443,1,Apr 22 2020 01: +0,1587513600
0.479,14,Apr 23 2020 01: +0,1587600000
0.484,14,Apr 24 2020 01: +0,1587686400
0.494,14,Apr 25 2020 01: +0,1587772800
0.514,2,Apr 26 2020 01: +0,1587859200
0.458,2,Apr 27 2020 01: +0,1587945600
0.476,8,Apr 28 2020 01: +0,1588032000
0.498,3,Apr 29 2020 01: +0,1588118400
0.498,5,Apr 30 2020 01: +0,1588204800
0.498,15,May 01 2020 01: +0,1588291200
0.51,3,May 02 2020 01: +0,1588377600
0.523,4,May 03 2020 01: +0,1588464000
0.452,3,May 04 2020 01: +0,1588550400
0.539,5,May 05 2020 01: +0,1588636800
0.552,1,May 06 2020 01: +0,1588723200
0.532,8,May 07 2020 01: +0,1588809600
0.52,11,May 08 2020 01: +0,1588896000
0.537,2,May 09 2020 01: +0,1588982400
0.574,4,May 10 2020 01: +0,1589068800
0.549,2,May 11 2020 01: +0,1589155200
0.567,2,May 12 2020 01: +0,1589241600
0.611,3,May 13 2020 01: +0,1589328000
0.631,3,May 14 2020 01: +0,1589414400
0.589,3,May 15 2020 01: +0,1589500800
0.832,29,May 16 2020 01: +0,1589587200
1.074,1,May 17 2020 01: +0,1589673600
0.808,6,May 18 2020 01: +0,1589760000
0.821,4,May 20 2020 01: +0,1589932800
0.839,2,May 22 2020 01: +0,1590105600
0.687,1,May 23 2020 01: +0,1590192000
0.888,3,May 24 2020 01: +0,1590278400
0.794,5,May 26 2020 01: +0,1590451200
0.777,3,May 27 2020 01: +0,1590537600
0.753,1,May 28 2020 01: +0,1590624000
0.791,3,May 29 2020 01: +0,1590710400
0.783,5,May 30 2020 01: +0,1590796800
0.767,1,May 31 2020 01: +0,1590883200
0.759,3,Jun 01 2020 01: +0,1590969600
0.786,6,Jun 03 2020 01: +0,1591142400
0.782,5,Jun 04 2020 01: +0,1591228800
0.789,5,Jun 05 2020 01: +0,1591315200
0.875,1,Jun 06 2020 01: +0,1591401600
0.654,5,Jun 07 2020 01: +0,1591488000
0.793,2,Jun 09 2020 01: +0,1591660800
0.604,1,Jun 10 2020 01: +0,1591747200
0.709,1,Jun 13 2020 01: +0,1592006400
0.825,4,Jun 14 2020 01: +0,1592092800
0.872,4,Jun 15 2020 01: +0,1592179200
0.687,1,Jun 16 2020 01: +0,1592265600
0.787,2,Jun 17 2020 01: +0,1592352000
0.789,3,Jun 18 2020 01: +0,1592438400
0.811,2,Jun 19 2020 01: +0,1592524800
0.827,1,Jun 21 2020 01: +0,1592697600
0.813,8,Jun 23 2020 01: +0,1592870400
0.893,1,Jun 24 2020 01: +0,1592956800
0.724,3,Jun 25 2020 01: +0,1593043200
0.703,1,Jun 27 2020 01: +0,1593216000
0.865,7,Jun 29 2020 01: +0,1593388800
0.808,4,Jun 30 2020 01: +0,1593475200
0.827,1,Jul 01 2020 01: +0,1593561600
0.876,7,Jul 02 2020 01: +0,1593648000
0.789,1,Jul 03 2020 01: +0,1593734400
0.917,1,Jul 04 2020 01: +0,1593820800
1.164,23,Jul 05 2020 01: +0,1593907200
1.05,2,Jul 06 2020 01: +0,1593993600
1.509,1,Jul 07 2020 01: +0,1594080000
1.481,1,Jul 08 2020 01: +0,1594166400
1.106,2,Jul 09 2020 01: +0,1594252800
1.217,3,Jul 12 2020 01: +0,1594512000
1.213,2,Jul 13 2020 01: +0,1594598400
1.443,7,Jul 14 2020 01: +0,1594684800
1.373,6,Jul 15 2020 01: +0,1594771200
1.564,2,Jul 17 2020 01: +0,1594944000
1.473,1,Jul 18 2020 01: +0,1595030400
1.732,5,Jul 19 2020 01: +0,1595116800
1.283,5,Jul 21 2020 01: +0,1595289600
1.373,3,Jul 22 2020 01: +0,1595376000
1.486,3,Jul 23 2020 01: +0,1595462400
1.476,3,Jul 24 2020 01: +0,1595548800
1.446,3,Jul 25 2020 01: +0,1595635200
1.654,2,Jul 26 2020 01: +0,1595721600
1.635,8,Jul 27 2020 01: +0,1595808000
1.689,3,Jul 28 2020 01: +0,1595894400
1.772,14,Jul 29 2020 01: +0,1595980800
2.444,6,Jul 30 2020 01: +0,1596067200
2.276,1,Jul 31 2020 01: +0,1596153600
2.694,2,Aug 01 2020 01: +0,1596240000
2.125,5,Aug 04 2020 01: +0,1596499200
2.259,2,Aug 05 2020 01: +0,1596585600
2.107,2,Aug 06 2020 01: +0,1596672000
1.994,5,Aug 07 2020 01: +0,1596758400
2.114,2,Aug 08 2020 01: +0,1596844800
1.892,1,Aug 09 2020 01: +0,1596931200
1.947,5,Aug 10 2020 01: +0,1597017600
1.756,4,Aug 13 2020 01: +0,1597276800
1.556,9,Aug 14 2020 01: +0,1597363200
1.472,1,Aug 15 2020 01: +0,1597449600
1.483,1,Aug 16 2020 01: +0,1597536000
1.674,1,Aug 17 2020 01: +0,1597622400
1.607,3,Aug 18 2020 01: +0,1597708800
1.48,2,Aug 20 2020 01: +0,1597881600
1.514,3,Aug 21 2020 01: +0,1597968000
1.503,3,Aug 23 2020 01: +0,1598140800
1.498,2,Aug 24 2020 01: +0,1598227200
1.443,2,Aug 25 2020 01: +0,1598313600
1.382,2,Aug 30 2020 01: +0,1598745600
1.368,1,Sep 02 2020 01: +0,1599004800
1.32,3,Sep 03 2020 01: +0,1599091200
1.282,1,Sep 05 2020 01: +0,1599264000
1.166,1,Sep 06 2020 01: +0,1599350400
1.108,1,Sep 07 2020 01: +0,1599436800
1.15,2,Sep 08 2020 01: +0,1599523200
1.177,2,Sep 09 2020 01: +0,1599609600
1.246,1,Sep 11 2020 01: +0,1599782400
1.246,1,Sep 12 2020 01: +0,1599868800
1.227,1,Sep 13 2020 01: +0,1599955200
0.923,1,Sep 14 2020 01: +0,1600041600
1.092,1,Sep 15 2020 01: +0,1600128000
0.942,2,Sep 16 2020 01: +0,1600214400
1.09,1,Sep 17 2020 01: +0,1600300800
0.922,6,Sep 18 2020 01: +0,1600387200
1.092,4,Sep 19 2020 01: +0,1600473600
1.214,4,Sep 20 2020 01: +0,1600560000
1.282,1,Sep 21 2020 01: +0,1600646400
1.092,3,Sep 24 2020 01: +0,1600905600
1.026,1,Sep 25 2020 01: +0,1600992000
1.096,2,Sep 26 2020 01: +0,1601078400
1.092,3,Sep 27 2020 01: +0,1601164800
1.291,10,Sep 28 2020 01: +0,1601251200
1.035,1,Sep 29 2020 01: +0,1601337600
1.354,3,Sep 30 2020 01: +0,1601424000
1.441,5,Oct 01 2020 01: +0,1601510400
1.067,1,Oct 02 2020 01: +0,1601596800
1.244,5,Oct 03 2020 01: +0,1601683200
1.092,2,Oct 04 2020 01: +0,1601769600
1.512,2,Oct 05 2020 01: +0,1601856000
1.345,1,Oct 06 2020 01: +0,1601942400
1.224,2,Oct 07 2020 01: +0,1602028800
1.511,4,Oct 08 2020 01: +0,1602115200
1.15,1,Oct 10 2020 01: +0,1602288000
1.601,6,Oct 11 2020 01: +0,1602374400
2.636,2,Oct 12 2020 01: +0,1602460800
1.611,2,Oct 13 2020 01: +0,1602547200
1.845,2,Oct 14 2020 01: +0,1602633600
1.628,3,Oct 17 2020 01: +0,1602892800
1.776,2,Oct 18 2020 01: +0,1602979200
1.859,7,Oct 19 2020 01: +0,1603065600
1.2,2,Oct 25 2020 01: +0,1603584000
1.365,1,Oct 26 2020 01: +0,1603674000
1.158,1,Oct 28 2020 01: +0,1603846800
1.444,1,Oct 29 2020 01: +0,1603933200
1.249,1,Oct 30 2020 01: +0,1604019600
1.249,2,Oct 31 2020 01: +0,1604106000
1.267,1,Nov 02 2020 01: +0,1604278800
1.073,1,Nov 03 2020 01: +0,1604365200
1.08,1,Nov 04 2020 01: +0,1604451600
1.328,3,Nov 06 2020 01: +0,1604624400
1.34,1,Nov 07 2020 01: +0,1604710800
1.33,1,Nov 08 2020 01: +0,1604797200
1.276,2,Nov 09 2020 01: +0,1604883600
1.118,2,Nov 12 2020 01: +0,1605142800
1.316,5,Nov 13 2020 01: +0,1605229200
1.755,10,Nov 14 2020 01: +0,1605315600
1.589,1,Nov 17 2020 01: +0,1605574800
1.617,1,Nov 20 2020 01: +0,1605834000
1.56,1,Nov 23 2020 01: +0,1606093200
1.307,1,Nov 25 2020 01: +0,1606266000
1.282,1,Nov 26 2020 01: +0,1606352400
1.357,2,Nov 27 2020 01: +0,1606438800
1.307,4,Nov 28 2020 01: +0,1606525200
1.211,2,Nov 29 2020 01: +0,1606611600
1.352,1,Nov 30 2020 01: +0,1606698000
1.26,1,Dec 01 2020 01: +0,1606784400
1.183,1,Dec 02 2020 01: +0,1606870800
1.026,1,Dec 03 2020 01: +0,1606957200
0.968,7,Dec 04 2020 01: +0,1607043600
0.913,1,Dec 05 2020 01: +0,1607130000
0.894,2,Dec 06 2020 01: +0,1607216400
0.813,2,Dec 07 2020 01: +0,1607302800
1.017,3,Dec 09 2020 01: +0,1607475600
0.969,1,Dec 10 2020 01: +0,1607562000
0.91,1,Dec 11 2020 01: +0,1607648400
0.956,2,Dec 12 2020 01: +0,1607734800
0.973,1,Dec 15 2020 01: +0,1607994000
0.92,2,Dec 17 2020 01: +0,1608166800
0.945,2,Dec 18 2020 01: +0,1608253200
0.98,1,Dec 19 2020 01: +0,1608339600
0.947,4,Dec 20 2020 01: +0,1608426000
0.937,6,Dec 21 2020 01: +0,1608512400
0.916,13,Dec 22 2020 01: +0,1608598800
0.976,1,Dec 23 2020 01: +0,1608685200
0.995,5,Dec 24 2020 01: +0,1608771600
1.088,1,Dec 25 2020 01: +0,1608858000
1.108,2,Dec 27 2020 01: +0,1609030800
1.229,2,Dec 28 2020 01: +0,1609117200
1.092,1,Dec 29 2020 01: +0,1609203600
1.278,1,Dec 31 2020 01: +0,1609376400
0.976,1,Jan 01 2021 01: +0,1609462800
1.076,2,Jan 02 2021 01: +0,1609549200
1.142,1,Jan 03 2021 01: +0,1609635600
0.91,4,Jan 04 2021 01: +0,1609722000
1.29,2,Jan 05 2021 01: +0,1609808400
1.081,2,Jan 06 2021 01: +0,1609894800
1.343,1,Jan 07 2021 01: +0,1609981200
1.351,4,Jan 08 2021 01: +0,1610067600
1.359,2,Jan 10 2021 01: +0,1610240400
1.373,1,Jan 14 2021 01: +0,1610586000
1.383,1,Jan 15 2021 01: +0,1610672400
1.384,1,Jan 17 2021 01: +0,1610845200
1.158,1,Jan 18 2021 01: +0,1610931600
1.216,1,Jan 19 2021 01: +0,1611018000
1.295,2,Jan 22 2021 01: +0,1611277200
1.158,1,Jan 23 2021 01: +0,1611363600
1.433,4,Jan 24 2021 01: +0,1611450000
1.374,3,Jan 25 2021 01: +0,1611536400
1.406,2,Jan 26 2021 01: +0,1611622800
1.29,2,Jan 27 2021 01: +0,1611709200
1.274,3,Jan 28 2021 01: +0,1611795600
1.086,3,Jan 30 2021 01: +0,1611968400
1.274,2,Jan 31 2021 01: +0,1612054800
1.22,3,Feb 01 2021 01: +0,1612141200
1.351,2,Feb 03 2021 01: +0,1612314000
1.365,3,Feb 04 2021 01: +0,1612400400
1.381,3,Feb 05 2021 01: +0,1612486800
1.434,1,Feb 06 2021 01: +0,1612573200
1.431,1,Feb 07 2021 01: +0,1612659600
1.199,1,Feb 08 2021 01: +0,1612746000
1.252,3,Feb 09 2021 01: +0,1612832400
1.017,1,Feb 15 2021 01: +0,1613350800
1.147,1,Feb 17 2021 01: +0,1613523600
0.774,1,Feb 19 2021 01: +0,1613696400
1.009,1,Feb 23 2021 01: +0,1614042000
1.042,1,Feb 25 2021 01: +0,1614214800
1.075,2,Feb 26 2021 01: +0,1614301200
0.96,1,Feb 27 2021 01: +0,1614387600
1.129,1,Feb 28 2021 01: +0,1614474000
1.137,2,Mar 02 2021 01: +0,1614646800
1.148,1,Mar 03 2021 01: +0,1614733200
1.026,1,Mar 04 2021 01: +0,1614819600
1.017,1,Mar 05 2021 01: +0,1614906000
1.026,2,Mar 07 2021 01: +0,1615078800
0.981,3,Mar 08 2021 01: +0,1615165200
0.926,1,Mar 09 2021 01: +0,1615251600
0.968,2,Mar 10 2021 01: +0,1615338000
0.951,1,Mar 12 2021 01: +0,1615510800
0.991,3,Mar 14 2021 01: +0,1615683600
1.01,4,Mar 15 2021 01: +0,1615770000
1.073,2,Mar 16 2021 01: +0,1615856400
1.14,2,Mar 17 2021 01: +0,1615942800
1.026,5,Mar 18 2021 01: +0,1616029200
1.017,1,Mar 19 2021 01: +0,1616115600
1.026,7,Mar 20 2021 01: +0,1616202000
1.034,6,Mar 21 2021 01: +0,1616288400
1.026,8,Mar 22 2021 01: +0,1616374800
1.029,8,Mar 23 2021 01: +0,1616461200
0.91,1,Mar 25 2021 01: +0,1616634000
0.869,1,Mar 26 2021 01: +0,1616720400
1.101,1,Mar 27 2021 01: +0,1616806800
0.937,6,Mar 28 2021 01: +0,1616893200
1.097,2,Mar 29 2021 01: +0,1616976000
1.009,1,Mar 30 2021 01: +0,1617062400
1.056,2,Mar 31 2021 01: +0,1617148800
1.116,1,Apr 01 2021 01: +0,1617235200
1.108,1,Apr 02 2021 01: +0,1617321600
1.036,3,Apr 06 2021 01: +0,1617667200
0.965,1,Apr 07 2021 01: +0,1617753600
1.015,15,Apr 08 2021 01: +0,1617840000
0.934,8,Apr 09 2021 01: +0,1617926400
0.893,3,Apr 11 2021 01: +0,1618099200
0.894,10,Apr 12 2021 01: +0,1618185600
0.904,3,Apr 13 2021 01: +0,1618272000
0.979,2,Apr 14 2021 01: +0,1618358400
0.983,2,Apr 15 2021 01: +0,1618444800
0.926,1,Apr 17 2021 01: +0,1618617600
0.974,4,Apr 20 2021 01: +0,1618876800
0.926,3,Apr 21 2021 01: +0,1618963200
0.972,2,Apr 22 2021 01: +0,1619049600
1.019,1,Apr 26 2021 01: +0,1619395200
1.029,1,Apr 28 2021 01: +0,1619568000
0.978,1,Apr 29 2021 01: +0,1619654400
0.95,1,Apr 30 2021 01: +0,1619740800
0.903,2,May 02 2021 01: +0,1619913600
0.942,1,May 03 2021 01: +0,1620000000
0.94,1,May 04 2021 01: +0,1620086400
0.835,1,May 05 2021 01: +0,1620172800
0.824,3,May 06 2021 01: +0,1620259200
0.877,1,May 10 2021 01: +0,1620604800
0.752,1,May 12 2021 01: +0,1620777600
0.877,1,May 13 2021 01: +0,1620864000
0.835,1,May 16 2021 01: +0,1621123200
0.879,2,May 17 2021 01: +0,1621209600
0.893,9,May 18 2021 01: +0,1621296000
0.979,7,May 19 2021 01: +0,1621382400
1.023,7,May 20 2021 01: +0,1621468800
1.026,3,May 21 2021 01: +0,1621555200
1.067,6,May 22 2021 01: +0,1621641600
1.117,1,May 23 2021 01: +0,1621728000
1.123,2,May 24 2021 01: +0,1621814400
0.889,2,May 25 2021 01: +0,1621900800
1.117,1,May 27 2021 01: +0,1622073600
1.117,1,May 28 2021 01: +0,1622160000
1.141,1,May 29 2021 01: +0,1622246400
1.026,1,May 31 2021 01: +0,1622419200
1.119,3,Jun 01 2021 01: +0,1622505600
1.165,2,Jun 02 2021 01: +0,1622592000
1.15,1,Jun 06 2021 01: +0,1622937600
1.117,1,Jun 07 2021 01: +0,1623024000
1.056,2,Jun 08 2021 01: +0,1623110400
1.208,2,Jun 11 2021 01: +0,1623369600
1.117,1,Jun 12 2021 01: +0,1623456000
1.259,1,Jun 13 2021 01: +0,1623542400
1.123,1,Jun 14 2021 01: +0,1623628800
0.933,2,Jun 15 2021 01: +0,1623715200
0.984,1,Jun 16 2021 01: +0,1623801600
1.155,3,Jun 20 2021 01: +0,1624147200
1.108,1,Jun 22 2021 01: +0,1624320000
1.166,1,Jun 24 2021 01: +0,1624492800
1.234,1,Jun 25 2021 01: +0,1624579200
0.656,1,Jun 26 2021 01: +0,1624665600
1.173,2,Jun 28 2021 01: +0,1624838400
0.827,1,Jul 03 2021 01: +0,1625270400
1.274,1,Jul 04 2021 01: +0,1625356800
1.283,1,Jul 06 2021 01: +0,1625529600
1.128,1,Jul 12 2021 01: +0,1626048000
0.951,1,Jul 18 2021 01: +0,1626566400
0.939,1,Jul 19 2021 01: +0,1626652800
1.009,1,Jul 20 2021 01: +0,1626739200
0.949,1,Jul 25 2021 01: +0,1627171200
1.192,2,Jul 28 2021 01: +0,1627430400
1.016,3,Jul 29 2021 01: +0,1627516800
1.198,1,Aug 02 2021 01: +0,1627862400
1.026,1,Aug 05 2021 01: +0,1628121600
1.027,3,Aug 07 2021 01: +0,1628294400
1.183,1,Aug 10 2021 01: +0,1628553600
0.765,2,Aug 11 2021 01: +0,1628640000
1.017,1,Aug 18 2021 01: +0,1629244800
1.18,2,Aug 20 2021 01: +0,1629417600
1.146,1,Aug 27 2021 01: +0,1630022400
1.039,1,Aug 29 2021 01: +0,1630195200
1.059,2,Sep 02 2021 01: +0,1630540800
1.026,3,Sep 03 2021 01: +0,1630627200
1.17,1,Sep 04 2021 01: +0,1630713600
1.059,1,Sep 09 2021 01: +0,1631145600
1.067,1,Sep 11 2021 01: +0,1631318400
1.161,1,Sep 14 2021 01: +0,1631577600
0.977,1,Sep 15 2021 01: +0,1631664000
1.17,1,Sep 17 2021 01: +0,1631836800
1.084,1,Sep 19 2021 01: +0,1632009600
0.988,3,Sep 22 2021 01: +0,1632268800
0.931,1,Sep 23 2021 01: +0,1632355200
0.736,1,Sep 24 2021 01: +0,1632441600
0.68,1,Sep 26 2021 01: +0,1632614400
0.778,2,Sep 27 2021 01: +0,1632700800
0.652,1,Sep 28 2021 01: +0,1632787200
0.74,4,Sep 30 2021 01: +0,1632960000
0.914,1,Oct 03 2021 01: +0,1633219200
0.899,2,Oct 04 2021 01: +0,1633305600
0.944,1,Oct 06 2021 01: +0,1633478400
0.883,2,Oct 08 2021 01: +0,1633651200
0.955,4,Oct 09 2021 01: +0,1633737600
1.021,1,Oct 12 2021 01: +0,1633996800
0.994,1,Oct 14 2021 01: +0,1634169600
0.986,2,Oct 15 2021 01: +0,1634256000
0.834,1,Oct 16 2021 01: +0,1634342400
0.972,4,Oct 17 2021 01: +0,1634428800
0.984,9,Oct 18 2021 01: +0,1634515200
0.77,2,Oct 22 2021 01: +0,1634860800
0.697,1,Oct 23 2021 01: +0,1634947200
0.918,1,Oct 24 2021 01: +0,1635033600
0.947,1,Oct 25 2021 01: +0,1635120000
0.824,2,Oct 26 2021 01: +0,1635206400
0.698,1,Oct 27 2021 01: +0,1635292800
0.939,1,Oct 30 2021 01: +0,1635552000
0.942,1,Oct 31 2021 01: +0,1635638400
0.704,1,Nov 05 2021 01: +0,1636074000
0.703,1,Nov 14 2021 01: +0,1636851600
0.711,2,Nov 15 2021 01: +0,1636938000
0.456,2,Nov 18 2021 01: +0,1637197200
0.813,1,Nov 20 2021 01: +0,1637370000
0.709,1,Nov 21 2021 01: +0,1637456400
0.71,1,Nov 24 2021 01: +0,1637715600
0.71,1,Nov 26 2021 01: +0,1637888400
0.717,1,Nov 27 2021 01: +0,1637974800
0.656,1,Nov 30 2021 01: +0,1638234000
0.665,2,Dec 01 2021 01: +0,1638320400
0.778,1,Dec 05 2021 01: +0,1638666000
0.712,1,Dec 06 2021 01: +0,1638752400
0.688,1,Dec 16 2021 01: +0,1639616400
0.758,1,Dec 19 2021 01: +0,1639875600
0.696,1,Dec 20 2021 01: +0,1639962000
0.699,1,Dec 23 2021 01: +0,1640221200
0.675,1,Dec 24 2021 01: +0,1640307600
0.641,5,Dec 26 2021 01: +0,1640480400
0.612,1,Jan 01 2022 01: +0,1640998800
0.604,1,Jan 03 2022 01: +0,1641171600
0.681,1,Jan 05 2022 01: +0,1641344400
0.604,6,Jan 09 2022 01: +0,1641690000
0.596,2,Jan 11 2022 01: +0,1641862800
0.619,2,Jan 12 2022 01: +0,1641949200
0.612,1,Jan 13 2022 01: +0,1642035600
0.471,1,Jan 14 2022 01: +0,1642122000
0.62,1,Jan 15 2022 01: +0,1642208400
0.624,1,Jan 25 2022 01: +0,1643072400
0.644,1,Jan 26 2022 01: +0,1643158800
0.635,1,Jan 28 2022 01: +0,1643331600
0.634,2,Jan 30 2022 01: +0,1643504400
0.673,1,Jan 31 2022 01: +0,1643590800
0.513,1,Feb 01 2022 01: +0,1643677200
0.645,1,Feb 03 2022 01: +0,1643850000
0.596,1,Feb 04 2022 01: +0,1643936400
0.612,1,Feb 05 2022 01: +0,1644022800
0.455,1,Feb 06 2022 01: +0,1644109200
0.397,1,Feb 08 2022 01: +0,1644282000
0.608,1,Feb 15 2022 01: +0,1644886800
0.65,3,Feb 16 2022 01: +0,1644973200
0.612,1,Feb 17 2022 01: +0,1645059600
0.604,2,Feb 18 2022 01: +0,1645146000
0.606,2,Feb 19 2022 01: +0,1645232400
0.643,2,Feb 21 2022 01: +0,1645405200
0.612,1,Feb 23 2022 01: +0,1645578000
0.639,2,Feb 24 2022 01: +0,1645664400
0.661,1,Feb 25 2022 01: +0,1645750800
0.689,4,Feb 26 2022 01: +0,1645837200
0.717,1,Feb 28 2022 01: +0,1646010000
0.687,1,Mar 01 2022 01: +0,1646096400
0.687,1,Mar 04 2022 01: +0,1646355600
0.707,1,Mar 05 2022 01: +0,1646442000
0.615,6,Mar 07 2022 01: +0,1646614800
0.62,1,Mar 08 2022 01: +0,1646701200
0.67,1,Mar 11 2022 01: +0,1646960400
0.782,1,Mar 13 2022 01: +0,1647133200
0.783,1,Mar 14 2022 01: +0,1647219600
0.819,1,Mar 19 2022 01: +0,1647651600
0.858,1,Mar 21 2022 01: +0,1647824400
0.645,1,Mar 24 2022 01: +0,1648083600
0.629,1,Mar 25 2022 01: +0,1648170000
0.887,1,Mar 28 2022 01: +0,1648425600
0.678,1,Apr 03 2022 01: +0,1648944000
1.043,3,Apr 04 2022 01: +0,1649030400
1.13,3,Apr 05 2022 01: +0,1649116800
0.963,3,Apr 10 2022 01: +0,1649548800
0.947,2,Apr 11 2022 01: +0,1649635200
0.736,1,Apr 14 2022 01: +0,1649894400
1.123,1,Apr 18 2022 01: +0,1650240000
1.127,1,Apr 19 2022 01: +0,1650326400
1.122,1,Apr 20 2022 01: +0,1650412800
0.866,1,Apr 21 2022 01: +0,1650499200
1.103,2,Apr 22 2022 01: +0,1650585600
0.835,1,Apr 29 2022 01: +0,1651190400
1.046,1,Apr 30 2022 01: +0,1651276800
0.837,1,May 05 2022 01: +0,1651708800
0.827,2,May 06 2022 01: +0,1651795200
0.726,1,May 09 2022 01: +0,1652054400
0.783,3,May 12 2022 01: +0,1652313600
0.764,3,May 16 2022 01: +0,1652659200
0.974,7,May 23 2022 01: +0,1653264000
0.736,1,May 24 2022 01: +0,1653350400
0.67,1,May 26 2022 01: +0,1653523200
0.894,1,May 31 2022 01: +0,1653955200
0.641,2,Jun 01 2022 01: +0,1654041600
0.747,1,Jun 05 2022 01: +0,1654387200
0.735,1,Jun 07 2022 01: +0,1654560000
0.604,2,Jun 08 2022 01: +0,1654646400
0.858,1,Jun 18 2022 01: +0,1655510400
0.72,1,Jun 20 2022 01: +0,1655683200
0.871,4,Jun 22 2022 01: +0,1655856000
0.685,1,Jun 30 2022 01: +0,1656547200
0.819,1,Jul 02 2022 01: +0,1656720000
0.697,1,Jul 04 2022 01: +0,1656892800
0.952,1,Jul 05 2022 01: +0,1656979200
0.736,1,Jul 07 2022 01: +0,1657152000
0.811,1,Jul 08 2022 01: +0,1657238400
0.95,1,Jul 09 2022 01: +0,1657324800
0.646,2,Jul 10 2022 01: +0,1657411200
0.645,1,Jul 13 2022 01: +0,1657670400
0.678,1,Jul 16 2022 01: +0,1657929600
0.629,1,Jul 20 2022 01: +0,1658275200
0.637,1,Jul 30 2022 01: +0,1659139200
0.612,1,Jul 31 2022 01: +0,1659225600
0.587,1,Aug 01 2022 01: +0,1659312000
0.422,1,Aug 02 2022 01: +0,1659398400
0.62,2,Aug 03 2022 01: +0,1659484800
0.645,1,Aug 06 2022 01: +0,1659744000
0.542,2,Aug 10 2022 01: +0,1660089600
0.546,1,Aug 22 2022 01: +0,1661126400
0.612,1,Aug 31 2022 01: +0,1661904000
0.666,2,Sep 04 2022 01: +0,1662249600
0.612,1,Sep 12 2022 01: +0,1662940800
0.703,1,Sep 15 2022 01: +0,1663200000
0.693,1,Sep 16 2022 01: +0,1663286400
0.712,1,Sep 17 2022 01: +0,1663372800
0.612,1,Sep 19 2022 01: +0,1663545600
0.596,1,Sep 21 2022 01: +0,1663718400
0.579,1,Sep 22 2022 01: +0,1663804800
0.659,2,Sep 26 2022 01: +0,1664150400
0.761,1,Oct 05 2022 01: +0,1664928000
0.562,1,Oct 06 2022 01: +0,1665014400
0.546,1,Oct 15 2022 01: +0,1665792000
0.619,10,Oct 16 2022 01: +0,1665878400
0.641,6,Oct 17 2022 01: +0,1665964800
0.763,15,Oct 18 2022 01: +0,1666051200
1.067,10,Oct 19 2022 01: +0,1666137600
1.138,2,Oct 21 2022 01: +0,1666310400
0.763,2,Oct 22 2022 01: +0,1666396800
1.145,2,Oct 27 2022 01: +0,1666828800
0.869,1,Nov 02 2022 01: +0,1667350800
1.084,1,Nov 03 2022 01: +0,1667437200
0.863,1,Nov 09 2022 01: +0,1667955600
0.963,2,Nov 11 2022 01: +0,1668128400
1.055,1,Nov 16 2022 01: +0,1668560400
0.778,1,Nov 25 2022 01: +0,1669338000
0.77,1,Dec 01 2022 01: +0,1669856400
0.932,1,Dec 04 2022 01: +0,1670115600
0.947,3,Dec 07 2022 01: +0,1670374800
1.017,1,Dec 18 2022 01: +0,1671325200
0.618,2,Dec 21 2022 01: +0,1671584400
0.852,1,Dec 23 2022 01: +0,1671757200
0.885,3,Dec 27 2022 01: +0,1672102800
0.878,1,Jan 04 2023 01: +0,1672794000
0.678,1,Jan 05 2023 01: +0,1672880400
0.793,2,Jan 09 2023 01: +0,1673226000
1.078,1,Jan 11 2023 01: +0,1673398800
1.089,1,Jan 12 2023 01: +0,1673485200
0.898,2,Jan 16 2023 01: +0,1673830800
0.869,1,Jan 17 2023 01: +0,1673917200
0.761,5,Jan 21 2023 01: +0,1674262800
0.966,5,Jan 26 2023 01: +0,1674694800
0.739,1,Jan 27 2023 01: +0,1674781200
1.112,5,Jan 28 2023 01: +0,1674867600
1.48,1,Jan 29 2023 01: +0,1674954000
1.463,1,Feb 01 2023 01: +0,1675213200
1.026,3,Feb 02 2023 01: +0,1675299600
1.286,2,Feb 04 2023 01: +0,1675472400
1.333,2,Feb 11 2023 01: +0,1676077200
1.142,1,Feb 17 2023 16: +0,1676649600
1.012,1,Feb 18 2023 16: +0,1676736000
1.106,1,Feb 22 2023 23: +0,1677106800
1.241,2,Feb 23 2023 08: +0,1677139200
1.117,2,Feb 23 2023 19: +0,1677178800
1.641,1,Feb 23 2023 20: +0,1677182400
1.075,1,Feb 24 2023 22: +0,1677276000
1.075,1,Feb 25 2023 10: +0,1677319200
0.968,2,Mar 01 2023 02: +0,1677636000
0.968,6,Mar 01 2023 09: +0,1677661200
0.968,4,Mar 01 2023 10: +0,1677664800
0.968,3,Mar 01 2023 13: +0,1677675600
0.968,1,Mar 01 2023 18: +0,1677693600
0.91,1,Mar 01 2023 19: +0,1677697200
0.976,1,Mar 02 2023 09: +0,1677747600
1.051,1,Mar 02 2023 12: +0,1677758400
1.05,2,Mar 05 2023 14: +0,1678024800
1.267,7,Mar 08 2023 12: +0,1678276800
1.175,1,Mar 11 2023 06: +0,1678514400
1.169,1,Mar 13 2023 12: +0,1678708800
1.17,1,Mar 13 2023 22: +0,1678744800
1.108,7,Mar 14 2023 14: +0,1678802400
0.728,1,Mar 14 2023 17: +0,1678813200
1.141,2,Mar 16 2023 01: +0,1678928400
1.121,1,Mar 16 2023 02: +0,1678932000
1.163,1,Mar 16 2023 15: +0,1678978800
1.156,1,Mar 16 2023 16: +0,1678982400
1.121,1,Mar 16 2023 19: +0,1678993200
1.072,1,Mar 17 2023 14: +0,1679061600
1.388,3,Mar 17 2023 17: +0,1679072400
1.145,1,Mar 18 2023 05: +0,1679115600
1.266,2,Mar 20 2023 18: +0,1679335200
1.161,1,Mar 21 2023 09: +0,1679389200
1.517,1,Mar 22 2023 05: +0,1679461200
1.276,1,Mar 23 2023 05: +0,1679547600
1.502,1,Mar 23 2023 07: +0,1679554800
1.521,1,Mar 23 2023 12: +0,1679572800
1.259,1,Mar 23 2023 17: +0,1679590800
1.538,1,Mar 23 2023 22: +0,1679608800
1.722,2,Mar 24 2023 07: +0,1679641200
1.742,1,Mar 24 2023 11: +0,1679655600
1.749,2,Mar 24 2023 15: +0,1679670000
1.749,2,Mar 24 2023 18: +0,1679680800
1.748,2,Mar 25 2023 03: +0,1679713200
1.84,2,Mar 25 2023 05: +0,1679720400
2.264,1,Mar 25 2023 17: +0,1679763600
2.114,1,Mar 26 2023 22: +0,1679864400
2.283,1,Mar 27 2023 13: +0,1679918400
2.295,1,Mar 28 2023 00: +0,1679958000
2.331,4,Mar 28 2023 03: +0,1679968800
2.489,1,Mar 28 2023 06: +0,1679979600
2.545,1,Mar 28 2023 07: +0,1679983200
2.803,1,Mar 28 2023 08: +0,1679986800
3.087,2,Mar 28 2023 11: +0,1679997600
1.835,1,Mar 29 2023 04: +0,1680058800
3.298,2,Mar 31 2023 12: +0,1680260400
4.604,6,Mar 31 2023 17: +0,1680278400
4.438,1,Apr 01 2023 02: +0,1680310800
4.631,1,Apr 01 2023 19: +0,1680372000
4.736,9,Apr 02 2023 04: +0,1680404400
4.865,2,Apr 02 2023 12: +0,1680433200
5.277,1,Apr 03 2023 08: +0,1680505200
6.572,2,Apr 03 2023 14: +0,1680526800
6.592,1,Apr 04 2023 02: +0,1680570000
6.164,1,Apr 04 2023 09: +0,1680595200
5.479,2,Apr 04 2023 13: +0,1680609600
5.094,4,Apr 06 2023 01: +0,1680739200
5.022,1,Apr 06 2023 02: +0,1680742800
4.75,2,Apr 06 2023 11: +0,1680775200
5.129,2,Apr 07 2023 12: +0,1680865200
4.427,1,Apr 09 2023 02: +0,1681002000
4.355,1,Apr 09 2023 17: +0,1681056000
4.355,2,Apr 09 2023 18: +0,1681059600
4.355,1,Apr 09 2023 23: +0,1681077600
5.045,1,Apr 10 2023 01: +0,1681084800
5.081,2,Apr 10 2023 14: +0,1681131600
4.282,1,Apr 10 2023 18: +0,1681146000
4.468,3,Apr 11 2023 08: +0,1681196400
4.452,1,Apr 12 2023 05: +0,1681272000
4.019,1,Apr 12 2023 19: +0,1681322400
4.452,2,Apr 12 2023 23: +0,1681336800
3.85,1,Apr 14 2023 03: +0,1681437600
3.822,1,Apr 14 2023 17: +0,1681488000
3.881,1,Apr 18 2023 09: +0,1681804800
4.328,1,Apr 20 2023 19: +0,1682013600
2.739,2,Apr 25 2023 02: +0,1682384400
3.54,5,Apr 26 2023 03: +0,1682474400
3.216,1,Apr 27 2023 06: +0,1682571600
3.28,1,Apr 29 2023 14: +0,1682773200
3.288,1,Apr 29 2023 17: +0,1682784000
3.28,2,Apr 29 2023 21: +0,1682798400
3.152,1,Apr 30 2023 21: +0,1682884800
3.288,1,May 01 2023 16: +0,1682953200
3.272,1,May 03 2023 21: +0,1683144000
2.743,1,May 05 2023 18: +0,1683306000
2.481,5,May 07 2023 23: +0,1683496800
2.34,1,May 14 2023 14: +0,1684069200
2.711,1,May 16 2023 07: +0,1684216800
2.081,1,May 21 2023 15: +0,1684677600
1.719,1,May 26 2023 02: +0,1685062800
0.838,1,Jun 01 2023 18: +0,1685638800
1.637,4,Jun 01 2023 22: +0,1685653200
1.288,4,Jun 06 2023 15: +0,1686060000
1.752,1,Jun 06 2023 17: +0,1686067200
1.798,1,Jun 08 2023 09: +0,1686211200
1.825,1,Jun 10 2023 12: +0,1686394800
1.656,1,Jun 10 2023 18: +0,1686416400
1.815,1,Jun 16 2023 17: +0,1686931200
1.794,1,Jun 16 2023 21: +0,1686945600
1.794,2,Jun 17 2023 09: +0,1686988800
1.771,1,Jun 17 2023 16: +0,1687014000
1.771,3,Jun 17 2023 22: +0,1687035600
1.786,1,Jun 20 2023 16: +0,1687273200
1.77,1,Jun 23 2023 09: +0,1687507200
1.762,2,Jun 24 2023 03: +0,1687572000
1.659,1,Jun 24 2023 19: +0,1687629600
2.022,1,Jun 26 2023 21: +0,1687809600
1.947,1,Jul 02 2023 16: +0,1688310000
1.955,1,Jul 03 2023 03: +0,1688349600
0.865,2,Jul 08 2023 19: +0,1688839200
1.706,1,Jul 09 2023 03: +0,1688868000
0.828,1,Jul 15 2023 18: +0,1689440400
0.604,1,Jul 27 2023 11: +0,1690452000
1.967,1,Jul 29 2023 07: +0,1690610400
1.98,1,Jul 29 2023 11: +0,1690624800
1.999,5,Jul 31 2023 09: +0,1690790400
0.866,3,Jul 31 2023 11: +0,1690797600
2.062,1,Jul 31 2023 19: +0,1690826400
2.436,2,Aug 03 2023 03: +0,1691028000
2.322,1,Aug 06 2023 19: +0,1691344800
2.117,1,Aug 11 2023 15: +0,1691762400
1.834,1,Aug 12 2023 08: +0,1691823600
1.94,1,Aug 15 2023 14: +0,1692104400
1.948,1,Aug 15 2023 15: +0,1692108000
1.728,4,Aug 17 2023 02: +0,1692234000
1.94,2,Aug 17 2023 08: +0,1692255600
2.003,1,Aug 18 2023 02: +0,1692320400
2.344,2,Aug 18 2023 03: +0,1692324000
2.402,1,Aug 18 2023 10: +0,1692349200
2.67,1,Aug 19 2023 07: +0,1692424800
2.906,1,Aug 21 2023 09: +0,1692604800
0.611,1,Aug 23 2023 00: +0,1692745200
2.929,1,Aug 26 2023 05: +0,1693022400
0.84,1,Aug 26 2023 22: +0,1693083600
0.802,1,Aug 27 2023 13: +0,1693137600
4.854,5,Aug 28 2023 08: +0,1693206000
3.107,1,Aug 30 2023 22: +0,1693429200
3.613,1,Sep 06 2023 06: +0,1693976400
3.42,1,Sep 12 2023 17: +0,1694534400
3.539,1,Sep 16 2023 12: +0,1694862000
3.356,1,Sep 20 2023 04: +0,1695178800
1.757,1,Sep 22 2023 14: +0,1695387600
3.431,1,Sep 25 2023 00: +0,1695596400
3.435,1,Sep 25 2023 20: +0,1695668400
2.867,1,Oct 01 2023 18: +0,1696179600
2.059,1,Oct 06 2023 13: +0,1696593600
2.849,1,Oct 11 2023 09: +0,1697011200
2.278,1,Oct 12 2023 08: +0,1697094000
2.902,1,Oct 14 2023 07: +0,1697263200
2.519,1,Oct 18 2023 08: +0,1697612400
2.659,1,Oct 20 2023 09: +0,1697788800
2.908,1,Oct 24 2023 11: +0,1698141600
2.058,1,Oct 30 2023 18: +0,1698688800
0.706,1,Nov 02 2023 09: +0,1698915600
2.248,1,Nov 03 2023 12: +0,1699012800
2.873,1,Nov 05 2023 03: +0,1699153200
2.876,1,Nov 05 2023 05: +0,1699160400
0.779,1,Nov 06 2023 00: +0,1699228800
2.407,1,Nov 17 2023 01: +0,1700182800
2.331,1,Nov 24 2023 08: +0,1700812800
2.877,1,Nov 30 2023 07: +0,1701327600
1.614,1,Dec 02 2023 15: +0,1701529200
2.828,2,Dec 06 2023 17: +0,1701882000
2.888,3,Dec 16 2023 19: +0,1702753200
2.763,1,Dec 24 2023 05: +0,1703394000
2.231,1,Jan 02 2024 11: +0,1704193200
1.743,1,Jan 12 2024 10: +0,1705053600
2.59,2,Jan 28 2024 03: +0,1706410800
2.252,1,Jan 28 2024 09: +0,1706432400
2.567,4,Feb 04 2024 12: +0,1707048000
2.759,1,Feb 07 2024 03: +0,1707274800
2.987,1,Feb 07 2024 05: +0,1707282000
2.537,1,Feb 08 2024 10: +0,1707386400
3.583,1,Feb 09 2024 03: +0,1707447600
1.748,1,Feb 11 2024 19: +0,1707678000
0.86,1,Feb 14 2024 17: +0,1707930000
2.388,1,Feb 16 2024 16: +0,1708099200
2.358,1,Feb 16 2024 20: +0,1708113600
0.876,1,Feb 17 2024 08: +0,1708156800
3.038,3,Feb 18 2024 09: +0,1708246800
3.398,1,Feb 18 2024 11: +0,1708254000
3.642,3,Feb 18 2024 15: +0,1708268400
4.018,9,Feb 26 2024 13: +0,1708952400
5.951,9,Feb 26 2024 14: +0,1708956000
4.713,10,Feb 26 2024 15: +0,1708959600
3.847,3,Feb 26 2024 16: +0,1708963200
3.669,2,Feb 27 2024 01: +0,1708995600
3.294,7,Feb 27 2024 04: +0,1709006400
3.837,1,Feb 27 2024 07: +0,1709017200
3.289,1,Feb 27 2024 17: +0,1709053200
4.386,3,Feb 27 2024 20: +0,1709064000
4.629,1,Feb 28 2024 13: +0,1709125200
4.629,1,Feb 28 2024 22: +0,1709157600
4.613,2,Feb 29 2024 05: +0,1709182800
2.757,5,Feb 29 2024 16: +0,1709222400
3.133,1,Mar 01 2024 06: +0,1709272800
2.887,1,Mar 02 2024 20: +0,1709409600
3.191,1,Mar 03 2024 10: +0,1709460000
2.918,1,Mar 05 2024 08: +0,1709625600
2.965,2,Mar 05 2024 09: +0,1709629200
2.887,5,Mar 05 2024 13: +0,1709643600
2.871,1,Mar 05 2024 14: +0,1709647200
2.708,1,Mar 06 2024 03: +0,1709694000
2.707,1,Mar 06 2024 04: +0,1709697600
2.707,1,Mar 06 2024 11: +0,1709722800
2.707,1,Mar 06 2024 19: +0,1709751600
2.271,1,Mar 16 2024 09: +0,1710579600
2.122,1,Mar 16 2024 16: +0,1710604800
1.694,1,Mar 20 2024 15: +0,1710946800
1.759,1,Mar 20 2024 22: +0,1710972000
2.039,1,Mar 24 2024 04: +0,1711252800
1.733,1,Apr 04 2024 03: +0,1712196000
2.13,1,Apr 04 2024 10: +0,1712221200
2.176,3,Apr 07 2024 04: +0,1712458800
2.427,1,Apr 12 2024 19: +0,1712944800
2.64,1,Apr 12 2024 20: +0,1712948400
2.104,1,Apr 13 2024 08: +0,1712991600
2.68,8,Apr 13 2024 21: +0,1713038400
2.592,2,Apr 14 2024 02: +0,1713056400
2.586,2,Apr 14 2024 05: +0,1713067200
2.463,1,Apr 14 2024 07: +0,1713074400
1.944,4,Apr 14 2024 08: +0,1713078000
2.247,2,Apr 16 2024 09: +0,1713254400
2.264,1,Apr 16 2024 13: +0,1713268800
2.883,5,Apr 16 2024 21: +0,1713297600
2.185,1,Apr 17 2024 16: +0,1713366000
2.407,1,Apr 23 2024 08: +0,1713855600
2.5,1,Apr 24 2024 15: +0,1713967200
2.131,1,Apr 25 2024 20: +0,1714071600
1.988,1,Apr 28 2024 02: +0,1714266000
2.455,4,Apr 30 2024 22: +0,1714510800
2.524,2,May 01 2024 03: +0,1714528800
1.957,1,May 12 2024 20: +0,1715540400
1.793,1,May 13 2024 04: +0,1715569200
1.865,1,May 20 2024 01: +0,1716163200
2.128,1,May 31 2024 00: +0,1717110000
1.874,1,Jun 01 2024 08: +0,1717225200
2.179,2,Jun 03 2024 20: +0,1717441200
2.148,1,Jun 13 2024 16: +0,1718290800
2.141,1,Jun 14 2024 21: +0,1718395200
