price,quantity,date,unix timestamp
0.306,424,Feb 07 2019 01: +0,1549501200
0.355,251,Feb 08 2019 01: +0,1549587600
0.345,202,Feb 09 2019 01: +0,1549674000
0.291,150,Feb 10 2019 01: +0,1549760400
0.262,119,Feb 11 2019 01: +0,1549846800
0.26,121,Feb 12 2019 01: +0,1549933200
0.288,127,Feb 13 2019 01: +0,1550019600
0.28,107,Feb 14 2019 01: +0,1550106000
0.319,95,Feb 15 2019 01: +0,1550192400
0.298,102,Feb 16 2019 01: +0,1550278800
0.304,92,Feb 17 2019 01: +0,1550365200
0.283,92,Feb 18 2019 01: +0,1550451600
0.318,73,Feb 19 2019 01: +0,1550538000
0.333,97,Feb 20 2019 01: +0,1550624400
0.323,99,Feb 21 2019 01: +0,1550710800
0.305,120,Feb 22 2019 01: +0,1550797200
0.334,132,Feb 23 2019 01: +0,1550883600
0.373,122,Feb 24 2019 01: +0,1550970000
0.347,103,Feb 25 2019 01: +0,1551056400
0.388,74,Feb 26 2019 01: +0,1551142800
0.39,83,Feb 27 2019 01: +0,1551229200
0.372,80,Feb 28 2019 01: +0,1551315600
0.402,122,Mar 01 2019 01: +0,1551402000
0.23,3654,Mar 02 2019 01: +0,1551488400
0.079,4140,Mar 03 2019 01: +0,1551574800
0.07,2717,Mar 04 2019 01: +0,1551661200
0.07,1879,Mar 05 2019 01: +0,1551747600
0.074,1374,Mar 06 2019 01: +0,1551834000
0.066,1146,Mar 07 2019 01: +0,1551920400
0.06,1243,Mar 08 2019 01: +0,1552006800
0.056,1222,Mar 09 2019 01: +0,1552093200
0.054,1182,Mar 10 2019 01: +0,1552179600
0.05,1113,Mar 11 2019 01: +0,1552266000
0.058,1065,Mar 12 2019 01: +0,1552352400
0.064,701,Mar 13 2019 01: +0,1552438800
0.065,877,Mar 14 2019 01: +0,1552525200
0.065,792,Mar 15 2019 01: +0,1552611600
0.067,949,Mar 16 2019 01: +0,1552698000
0.068,868,Mar 17 2019 01: +0,1552784400
0.073,543,Mar 18 2019 01: +0,1552870800
0.074,521,Mar 19 2019 01: +0,1552957200
0.078,518,Mar 20 2019 01: +0,1553043600
0.079,465,Mar 21 2019 01: +0,1553130000
0.074,478,Mar 22 2019 01: +0,1553216400
0.075,531,Mar 23 2019 01: +0,1553302800
0.074,529,Mar 24 2019 01: +0,1553389200
0.073,455,Mar 25 2019 01: +0,1553475600
0.073,439,Mar 26 2019 01: +0,1553562000
0.078,451,Mar 27 2019 01: +0,1553648400
0.075,361,Mar 28 2019 01: +0,1553734800
0.071,464,Mar 29 2019 01: +0,1553821200
0.077,428,Mar 30 2019 01: +0,1553907600
0.077,424,Mar 31 2019 01: +0,1553994000
0.078,351,Apr 01 2019 01: +0,1554076800
0.081,290,Apr 02 2019 01: +0,1554163200
0.081,270,Apr 03 2019 01: +0,1554249600
0.078,239,Apr 04 2019 01: +0,1554336000
0.081,296,Apr 05 2019 01: +0,1554422400
0.084,330,Apr 06 2019 01: +0,1554508800
0.084,319,Apr 07 2019 01: +0,1554595200
0.083,243,Apr 08 2019 01: +0,1554681600
0.083,239,Apr 09 2019 01: +0,1554768000
0.084,236,Apr 10 2019 01: +0,1554854400
0.086,275,Apr 11 2019 01: +0,1554940800
0.085,291,Apr 12 2019 01: +0,1555027200
0.084,342,Apr 13 2019 01: +0,1555113600
0.088,311,Apr 14 2019 01: +0,1555200000
0.089,272,Apr 15 2019 01: +0,1555286400
0.087,256,Apr 16 2019 01: +0,1555372800
0.088,244,Apr 17 2019 01: +0,1555459200
0.089,239,Apr 18 2019 01: +0,1555545600
0.09,277,Apr 19 2019 01: +0,1555632000
0.089,291,Apr 20 2019 01: +0,1555718400
0.09,279,Apr 21 2019 01: +0,1555804800
0.088,257,Apr 22 2019 01: +0,1555891200
0.089,275,Apr 23 2019 01: +0,1555977600
0.09,238,Apr 24 2019 01: +0,1556064000
0.093,298,Apr 25 2019 01: +0,1556150400
0.087,168,Apr 26 2019 01: +0,1556236800
0.093,262,Apr 27 2019 01: +0,1556323200
0.088,263,Apr 28 2019 01: +0,1556409600
0.089,234,Apr 29 2019 01: +0,1556496000
0.093,237,Apr 30 2019 01: +0,1556582400
0.094,331,May 01 2019 01: +0,1556668800
0.094,238,May 02 2019 01: +0,1556755200
0.092,207,May 03 2019 01: +0,1556841600
0.095,246,May 04 2019 01: +0,1556928000
0.097,239,May 05 2019 01: +0,1557014400
0.091,176,May 06 2019 01: +0,1557100800
0.094,230,May 07 2019 01: +0,1557187200
0.089,170,May 08 2019 01: +0,1557273600
0.098,213,May 09 2019 01: +0,1557360000
0.096,212,May 10 2019 01: +0,1557446400
0.1,192,May 11 2019 01: +0,1557532800
0.104,197,May 12 2019 01: +0,1557619200
0.103,136,May 13 2019 01: +0,1557705600
0.102,116,May 14 2019 01: +0,1557792000
0.1,134,May 15 2019 01: +0,1557878400
0.1,141,May 16 2019 01: +0,1557964800
0.1,208,May 17 2019 01: +0,1558051200
0.101,174,May 18 2019 01: +0,1558137600
0.101,159,May 19 2019 01: +0,1558224000
0.097,144,May 20 2019 01: +0,1558310400
0.098,161,May 21 2019 01: +0,1558396800
0.091,192,May 22 2019 01: +0,1558483200
0.094,153,May 23 2019 01: +0,1558569600
0.094,169,May 24 2019 01: +0,1558656000
0.094,259,May 25 2019 01: +0,1558742400
0.091,186,May 26 2019 01: +0,1558828800
0.094,180,May 27 2019 01: +0,1558915200
0.09,183,May 28 2019 01: +0,1559001600
0.091,202,May 29 2019 01: +0,1559088000
0.093,181,May 30 2019 01: +0,1559174400
0.095,220,May 31 2019 01: +0,1559260800
0.096,207,Jun 01 2019 01: +0,1559347200
0.095,271,Jun 02 2019 01: +0,1559433600
0.098,191,Jun 03 2019 01: +0,1559520000
0.096,172,Jun 04 2019 01: +0,1559606400
0.093,142,Jun 05 2019 01: +0,1559692800
0.097,193,Jun 06 2019 01: +0,1559779200
0.095,189,Jun 07 2019 01: +0,1559865600
0.096,164,Jun 08 2019 01: +0,1559952000
0.094,225,Jun 09 2019 01: +0,1560038400
0.094,187,Jun 10 2019 01: +0,1560124800
0.089,157,Jun 11 2019 01: +0,1560211200
0.09,176,Jun 12 2019 01: +0,1560297600
0.09,199,Jun 13 2019 01: +0,1560384000
0.092,269,Jun 14 2019 01: +0,1560470400
0.096,202,Jun 15 2019 01: +0,1560556800
0.094,194,Jun 16 2019 01: +0,1560643200
0.095,171,Jun 17 2019 01: +0,1560729600
0.1,182,Jun 18 2019 01: +0,1560816000
0.097,177,Jun 19 2019 01: +0,1560902400
0.095,195,Jun 20 2019 01: +0,1560988800
0.098,171,Jun 21 2019 01: +0,1561075200
0.098,158,Jun 22 2019 01: +0,1561161600
0.098,198,Jun 23 2019 01: +0,1561248000
0.097,185,Jun 24 2019 01: +0,1561334400
0.094,177,Jun 25 2019 01: +0,1561420800
0.089,237,Jun 26 2019 01: +0,1561507200
0.09,185,Jun 27 2019 01: +0,1561593600
0.087,156,Jun 28 2019 01: +0,1561680000
0.091,179,Jun 29 2019 01: +0,1561766400
0.091,159,Jun 30 2019 01: +0,1561852800
0.092,174,Jul 01 2019 01: +0,1561939200
0.091,198,Jul 02 2019 01: +0,1562025600
0.094,174,Jul 03 2019 01: +0,1562112000
0.094,181,Jul 04 2019 01: +0,1562198400
0.094,310,Jul 05 2019 01: +0,1562284800
0.095,162,Jul 06 2019 01: +0,1562371200
0.095,156,Jul 07 2019 01: +0,1562457600
0.098,185,Jul 08 2019 01: +0,1562544000
0.097,183,Jul 09 2019 01: +0,1562630400
0.092,227,Jul 10 2019 01: +0,1562716800
0.096,192,Jul 11 2019 01: +0,1562803200
0.098,161,Jul 12 2019 01: +0,1562889600
0.091,211,Jul 13 2019 01: +0,1562976000
0.094,304,Jul 14 2019 01: +0,1563062400
0.097,250,Jul 15 2019 01: +0,1563148800
0.095,272,Jul 16 2019 01: +0,1563235200
0.096,241,Jul 17 2019 01: +0,1563321600
0.102,223,Jul 18 2019 01: +0,1563408000
0.104,208,Jul 19 2019 01: +0,1563494400
0.104,210,Jul 20 2019 01: +0,1563580800
0.106,256,Jul 21 2019 01: +0,1563667200
0.105,222,Jul 22 2019 01: +0,1563753600
0.105,209,Jul 23 2019 01: +0,1563840000
0.106,253,Jul 24 2019 01: +0,1563926400
0.107,193,Jul 25 2019 01: +0,1564012800
0.114,175,Jul 26 2019 01: +0,1564099200
0.118,216,Jul 27 2019 01: +0,1564185600
0.12,153,Jul 28 2019 01: +0,1564272000
0.118,149,Jul 29 2019 01: +0,1564358400
0.119,182,Jul 30 2019 01: +0,1564444800
0.12,191,Jul 31 2019 01: +0,1564531200
0.119,164,Aug 01 2019 01: +0,1564617600
0.116,159,Aug 02 2019 01: +0,1564704000
0.12,177,Aug 03 2019 01: +0,1564790400
0.122,146,Aug 04 2019 01: +0,1564876800
0.123,155,Aug 05 2019 01: +0,1564963200
0.122,161,Aug 06 2019 01: +0,1565049600
0.125,141,Aug 07 2019 01: +0,1565136000
0.123,144,Aug 08 2019 01: +0,1565222400
0.124,186,Aug 09 2019 01: +0,1565308800
0.13,188,Aug 10 2019 01: +0,1565395200
0.135,165,Aug 11 2019 01: +0,1565481600
0.134,140,Aug 12 2019 01: +0,1565568000
0.14,171,Aug 13 2019 01: +0,1565654400
0.129,191,Aug 14 2019 01: +0,1565740800
0.125,205,Aug 15 2019 01: +0,1565827200
0.134,136,Aug 16 2019 01: +0,1565913600
0.128,150,Aug 17 2019 01: +0,1566000000
0.122,150,Aug 18 2019 01: +0,1566086400
0.125,128,Aug 19 2019 01: +0,1566172800
0.122,96,Aug 20 2019 01: +0,1566259200
0.12,119,Aug 21 2019 01: +0,1566345600
0.123,115,Aug 22 2019 01: +0,1566432000
0.12,114,Aug 23 2019 01: +0,1566518400
0.13,125,Aug 24 2019 01: +0,1566604800
0.125,138,Aug 25 2019 01: +0,1566691200
0.125,88,Aug 26 2019 01: +0,1566777600
0.127,125,Aug 27 2019 01: +0,1566864000
0.13,174,Aug 28 2019 01: +0,1566950400
0.124,172,Aug 29 2019 01: +0,1567036800
0.131,133,Aug 30 2019 01: +0,1567123200
0.137,166,Aug 31 2019 01: +0,1567209600
0.135,134,Sep 01 2019 01: +0,1567296000
0.134,113,Sep 02 2019 01: +0,1567382400
0.132,82,Sep 03 2019 01: +0,1567468800
0.143,169,Sep 04 2019 01: +0,1567555200
0.149,69,Sep 05 2019 01: +0,1567641600
0.143,102,Sep 06 2019 01: +0,1567728000
0.134,122,Sep 07 2019 01: +0,1567814400
0.102,291,Sep 08 2019 01: +0,1567900800
0.092,140,Sep 09 2019 01: +0,1567987200
0.091,121,Sep 10 2019 01: +0,1568073600
0.087,79,Sep 11 2019 01: +0,1568160000
0.084,55,Sep 12 2019 01: +0,1568246400
0.079,76,Sep 13 2019 01: +0,1568332800
0.083,84,Sep 14 2019 01: +0,1568419200
0.086,57,Sep 15 2019 01: +0,1568505600
0.079,62,Sep 16 2019 01: +0,1568592000
0.079,40,Sep 17 2019 01: +0,1568678400
0.084,40,Sep 18 2019 01: +0,1568764800
0.086,53,Sep 19 2019 01: +0,1568851200
0.085,53,Sep 20 2019 01: +0,1568937600
0.081,68,Sep 21 2019 01: +0,1569024000
0.081,81,Sep 22 2019 01: +0,1569110400
0.079,53,Sep 23 2019 01: +0,1569196800
0.089,49,Sep 24 2019 01: +0,1569283200
0.079,35,Sep 25 2019 01: +0,1569369600
0.082,62,Sep 26 2019 01: +0,1569456000
0.084,51,Sep 27 2019 01: +0,1569542400
0.085,61,Sep 28 2019 01: +0,1569628800
0.085,56,Sep 29 2019 01: +0,1569715200
0.091,45,Sep 30 2019 01: +0,1569801600
0.088,44,Oct 01 2019 01: +0,1569888000
0.087,146,Oct 02 2019 01: +0,1569974400
0.09,78,Oct 03 2019 01: +0,1570060800
0.089,47,Oct 04 2019 01: +0,1570147200
0.091,47,Oct 05 2019 01: +0,1570233600
0.087,75,Oct 06 2019 01: +0,1570320000
0.086,49,Oct 07 2019 01: +0,1570406400
0.091,50,Oct 08 2019 01: +0,1570492800
0.087,51,Oct 09 2019 01: +0,1570579200
0.088,55,Oct 10 2019 01: +0,1570665600
0.094,55,Oct 11 2019 01: +0,1570752000
0.093,61,Oct 12 2019 01: +0,1570838400
0.093,84,Oct 13 2019 01: +0,1570924800
0.098,79,Oct 14 2019 01: +0,1571011200
0.099,45,Oct 15 2019 01: +0,1571097600
0.097,44,Oct 16 2019 01: +0,1571184000
0.091,43,Oct 17 2019 01: +0,1571270400
0.102,49,Oct 18 2019 01: +0,1571356800
0.094,96,Oct 19 2019 01: +0,1571443200
0.095,77,Oct 20 2019 01: +0,1571529600
0.094,60,Oct 21 2019 01: +0,1571616000
0.097,72,Oct 22 2019 01: +0,1571702400
0.099,67,Oct 23 2019 01: +0,1571788800
0.095,53,Oct 24 2019 01: +0,1571875200
0.092,59,Oct 25 2019 01: +0,1571961600
0.099,57,Oct 26 2019 01: +0,1572048000
0.088,51,Oct 27 2019 01: +0,1572134400
0.092,50,Oct 28 2019 01: +0,1572224400
0.092,40,Oct 29 2019 01: +0,1572310800
0.098,48,Oct 30 2019 01: +0,1572397200
0.09,29,Oct 31 2019 01: +0,1572483600
0.103,42,Nov 01 2019 01: +0,1572570000
0.098,49,Nov 02 2019 01: +0,1572656400
0.101,30,Nov 03 2019 01: +0,1572742800
0.103,37,Nov 04 2019 01: +0,1572829200
0.103,35,Nov 05 2019 01: +0,1572915600
0.098,27,Nov 06 2019 01: +0,1573002000
0.105,34,Nov 07 2019 01: +0,1573088400
0.098,37,Nov 08 2019 01: +0,1573174800
0.102,38,Nov 09 2019 01: +0,1573261200
0.093,32,Nov 10 2019 01: +0,1573347600
0.099,24,Nov 11 2019 01: +0,1573434000
0.1,33,Nov 12 2019 01: +0,1573520400
0.103,25,Nov 13 2019 01: +0,1573606800
0.105,37,Nov 14 2019 01: +0,1573693200
0.104,30,Nov 15 2019 01: +0,1573779600
0.102,45,Nov 16 2019 01: +0,1573866000
0.097,40,Nov 17 2019 01: +0,1573952400
0.092,26,Nov 18 2019 01: +0,1574038800
0.081,248,Nov 19 2019 01: +0,1574125200
0.077,30,Nov 20 2019 01: +0,1574211600
0.079,35,Nov 21 2019 01: +0,1574298000
0.078,30,Nov 22 2019 01: +0,1574384400
0.079,48,Nov 23 2019 01: +0,1574470800
0.084,44,Nov 24 2019 01: +0,1574557200
0.079,27,Nov 25 2019 01: +0,1574643600
0.078,21,Nov 26 2019 01: +0,1574730000
0.076,51,Nov 27 2019 01: +0,1574816400
0.08,31,Nov 28 2019 01: +0,1574902800
0.081,36,Nov 29 2019 01: +0,1574989200
0.08,36,Nov 30 2019 01: +0,1575075600
0.083,39,Dec 01 2019 01: +0,1575162000
0.081,41,Dec 02 2019 01: +0,1575248400
0.082,35,Dec 03 2019 01: +0,1575334800
0.078,34,Dec 04 2019 01: +0,1575421200
0.081,34,Dec 05 2019 01: +0,1575507600
0.085,27,Dec 06 2019 01: +0,1575594000
0.079,25,Dec 07 2019 01: +0,1575680400
0.083,43,Dec 08 2019 01: +0,1575766800
0.083,32,Dec 09 2019 01: +0,1575853200
0.083,22,Dec 10 2019 01: +0,1575939600
0.083,25,Dec 11 2019 01: +0,1576026000
0.086,34,Dec 12 2019 01: +0,1576112400
0.086,46,Dec 13 2019 01: +0,1576198800
0.085,46,Dec 14 2019 01: +0,1576285200
0.083,44,Dec 15 2019 01: +0,1576371600
0.083,42,Dec 16 2019 01: +0,1576458000
0.085,48,Dec 17 2019 01: +0,1576544400
0.085,34,Dec 18 2019 01: +0,1576630800
0.081,36,Dec 19 2019 01: +0,1576717200
0.086,26,Dec 20 2019 01: +0,1576803600
0.081,31,Dec 21 2019 01: +0,1576890000
0.085,29,Dec 22 2019 01: +0,1576976400
0.08,26,Dec 23 2019 01: +0,1577062800
0.084,34,Dec 24 2019 01: +0,1577149200
0.084,37,Dec 25 2019 01: +0,1577235600
0.087,37,Dec 26 2019 01: +0,1577322000
0.089,32,Dec 27 2019 01: +0,1577408400
0.084,43,Dec 28 2019 01: +0,1577494800
0.088,40,Dec 29 2019 01: +0,1577581200
0.086,30,Dec 30 2019 01: +0,1577667600
0.091,45,Dec 31 2019 01: +0,1577754000
0.097,31,Jan 01 2020 01: +0,1577840400
0.093,24,Jan 02 2020 01: +0,1577926800
0.099,37,Jan 03 2020 01: +0,1578013200
0.099,48,Jan 04 2020 01: +0,1578099600
0.103,41,Jan 05 2020 01: +0,1578186000
0.104,43,Jan 06 2020 01: +0,1578272400
0.098,32,Jan 07 2020 01: +0,1578358800
0.109,33,Jan 08 2020 01: +0,1578445200
0.111,34,Jan 09 2020 01: +0,1578531600
0.112,34,Jan 10 2020 01: +0,1578618000
0.106,48,Jan 11 2020 01: +0,1578704400
0.11,22,Jan 12 2020 01: +0,1578790800
0.106,31,Jan 13 2020 01: +0,1578877200
0.103,34,Jan 14 2020 01: +0,1578963600
0.113,75,Jan 15 2020 01: +0,1579050000
0.113,24,Jan 16 2020 01: +0,1579136400
0.114,36,Jan 17 2020 01: +0,1579222800
0.108,27,Jan 18 2020 01: +0,1579309200
0.107,41,Jan 19 2020 01: +0,1579395600
0.112,41,Jan 20 2020 01: +0,1579482000
0.115,37,Jan 21 2020 01: +0,1579568400
0.111,36,Jan 22 2020 01: +0,1579654800
0.104,29,Jan 23 2020 01: +0,1579741200
0.111,31,Jan 24 2020 01: +0,1579827600
0.109,43,Jan 25 2020 01: +0,1579914000
0.11,34,Jan 26 2020 01: +0,1580000400
0.109,36,Jan 27 2020 01: +0,1580086800
0.111,47,Jan 28 2020 01: +0,1580173200
0.113,36,Jan 29 2020 01: +0,1580259600
0.112,29,Jan 30 2020 01: +0,1580346000
0.11,19,Jan 31 2020 01: +0,1580432400
0.106,34,Feb 01 2020 01: +0,1580518800
0.112,41,Feb 02 2020 01: +0,1580605200
0.112,24,Feb 03 2020 01: +0,1580691600
0.117,39,Feb 04 2020 01: +0,1580778000
0.115,31,Feb 05 2020 01: +0,1580864400
0.118,30,Feb 06 2020 01: +0,1580950800
0.125,45,Feb 07 2020 01: +0,1581037200
0.118,35,Feb 08 2020 01: +0,1581123600
0.128,39,Feb 09 2020 01: +0,1581210000
0.121,32,Feb 10 2020 01: +0,1581296400
0.122,27,Feb 11 2020 01: +0,1581382800
0.113,52,Feb 12 2020 01: +0,1581469200
0.116,32,Feb 13 2020 01: +0,1581555600
0.122,33,Feb 14 2020 01: +0,1581642000
0.125,38,Feb 15 2020 01: +0,1581728400
0.12,37,Feb 16 2020 01: +0,1581814800
0.12,43,Feb 17 2020 01: +0,1581901200
0.121,23,Feb 18 2020 01: +0,1581987600
0.115,45,Feb 19 2020 01: +0,1582074000
0.117,43,Feb 20 2020 01: +0,1582160400
0.119,28,Feb 21 2020 01: +0,1582246800
0.123,39,Feb 22 2020 01: +0,1582333200
0.122,29,Feb 23 2020 01: +0,1582419600
0.122,31,Feb 24 2020 01: +0,1582506000
0.123,38,Feb 25 2020 01: +0,1582592400
0.117,41,Feb 26 2020 01: +0,1582678800
0.124,48,Feb 27 2020 01: +0,1582765200
0.12,33,Feb 28 2020 01: +0,1582851600
0.126,42,Feb 29 2020 01: +0,1582938000
0.117,39,Mar 01 2020 01: +0,1583024400
0.128,24,Mar 02 2020 01: +0,1583110800
0.122,22,Mar 03 2020 01: +0,1583197200
0.121,40,Mar 04 2020 01: +0,1583283600
0.123,37,Mar 05 2020 01: +0,1583370000
0.125,39,Mar 06 2020 01: +0,1583456400
0.123,39,Mar 07 2020 01: +0,1583542800
0.121,41,Mar 08 2020 01: +0,1583629200
0.116,27,Mar 09 2020 01: +0,1583715600
0.111,31,Mar 10 2020 01: +0,1583802000
0.117,31,Mar 11 2020 01: +0,1583888400
0.121,43,Mar 12 2020 01: +0,1583974800
0.118,32,Mar 13 2020 01: +0,1584061200
0.122,52,Mar 14 2020 01: +0,1584147600
0.123,36,Mar 15 2020 01: +0,1584234000
0.119,37,Mar 16 2020 01: +0,1584320400
0.119,51,Mar 17 2020 01: +0,1584406800
0.113,30,Mar 18 2020 01: +0,1584493200
0.113,33,Mar 19 2020 01: +0,1584579600
0.111,60,Mar 20 2020 01: +0,1584666000
0.115,44,Mar 21 2020 01: +0,1584752400
0.114,45,Mar 22 2020 01: +0,1584838800
0.115,42,Mar 23 2020 01: +0,1584925200
0.11,34,Mar 24 2020 01: +0,1585011600
0.113,55,Mar 25 2020 01: +0,1585098000
0.111,53,Mar 26 2020 01: +0,1585184400
0.119,40,Mar 27 2020 01: +0,1585270800
0.116,41,Mar 28 2020 01: +0,1585357200
0.121,36,Mar 29 2020 01: +0,1585443600
0.108,34,Mar 30 2020 01: +0,1585526400
0.113,47,Mar 31 2020 01: +0,1585612800
0.12,49,Apr 01 2020 01: +0,1585699200
0.121,64,Apr 02 2020 01: +0,1585785600
0.129,62,Apr 03 2020 01: +0,1585872000
0.118,58,Apr 04 2020 01: +0,1585958400
0.127,65,Apr 05 2020 01: +0,1586044800
0.132,62,Apr 06 2020 01: +0,1586131200
0.125,50,Apr 07 2020 01: +0,1586217600
0.129,38,Apr 08 2020 01: +0,1586304000
0.127,41,Apr 09 2020 01: +0,1586390400
0.129,60,Apr 10 2020 01: +0,1586476800
0.132,79,Apr 11 2020 01: +0,1586563200
0.131,52,Apr 12 2020 01: +0,1586649600
0.131,78,Apr 13 2020 01: +0,1586736000
0.133,70,Apr 14 2020 01: +0,1586822400
0.14,75,Apr 15 2020 01: +0,1586908800
0.142,94,Apr 16 2020 01: +0,1586995200
0.141,57,Apr 17 2020 01: +0,1587081600
0.144,84,Apr 18 2020 01: +0,1587168000
0.145,76,Apr 19 2020 01: +0,1587254400
0.157,62,Apr 20 2020 01: +0,1587340800
0.151,64,Apr 21 2020 01: +0,1587427200
0.152,45,Apr 22 2020 01: +0,1587513600
0.154,68,Apr 23 2020 01: +0,1587600000
0.174,41,Apr 24 2020 01: +0,1587686400
0.169,42,Apr 25 2020 01: +0,1587772800
0.177,50,Apr 26 2020 01: +0,1587859200
0.179,44,Apr 27 2020 01: +0,1587945600
0.188,39,Apr 28 2020 01: +0,1588032000
0.195,36,Apr 29 2020 01: +0,1588118400
0.2,40,Apr 30 2020 01: +0,1588204800
0.199,38,May 01 2020 01: +0,1588291200
0.196,36,May 02 2020 01: +0,1588377600
0.215,35,May 03 2020 01: +0,1588464000
0.215,35,May 04 2020 01: +0,1588550400
0.211,34,May 05 2020 01: +0,1588636800
0.218,29,May 06 2020 01: +0,1588723200
0.221,30,May 07 2020 01: +0,1588809600
0.226,31,May 08 2020 01: +0,1588896000
0.218,29,May 09 2020 01: +0,1588982400
0.226,27,May 10 2020 01: +0,1589068800
0.231,25,May 11 2020 01: +0,1589155200
0.229,28,May 12 2020 01: +0,1589241600
0.207,29,May 13 2020 01: +0,1589328000
0.217,30,May 14 2020 01: +0,1589414400
0.223,23,May 15 2020 01: +0,1589500800
0.219,25,May 16 2020 01: +0,1589587200
0.219,30,May 17 2020 01: +0,1589673600
0.222,24,May 18 2020 01: +0,1589760000
0.21,17,May 19 2020 01: +0,1589846400
0.212,22,May 20 2020 01: +0,1589932800
0.222,20,May 21 2020 01: +0,1590019200
0.216,17,May 22 2020 01: +0,1590105600
0.215,25,May 23 2020 01: +0,1590192000
0.222,31,May 24 2020 01: +0,1590278400
0.221,31,May 25 2020 01: +0,1590364800
0.214,21,May 26 2020 01: +0,1590451200
0.214,17,May 27 2020 01: +0,1590537600
0.216,20,May 28 2020 01: +0,1590624000
0.224,32,May 29 2020 01: +0,1590710400
0.21,21,May 30 2020 01: +0,1590796800
0.221,29,May 31 2020 01: +0,1590883200
0.233,29,Jun 01 2020 01: +0,1590969600
0.232,19,Jun 02 2020 01: +0,1591056000
0.222,26,Jun 03 2020 01: +0,1591142400
0.235,33,Jun 04 2020 01: +0,1591228800
0.241,43,Jun 05 2020 01: +0,1591315200
0.241,32,Jun 06 2020 01: +0,1591401600
0.233,33,Jun 07 2020 01: +0,1591488000
0.25,26,Jun 08 2020 01: +0,1591574400
0.253,35,Jun 09 2020 01: +0,1591660800
0.268,62,Jun 10 2020 01: +0,1591747200
0.27,33,Jun 11 2020 01: +0,1591833600
0.286,30,Jun 12 2020 01: +0,1591920000
0.291,23,Jun 13 2020 01: +0,1592006400
0.291,31,Jun 14 2020 01: +0,1592092800
0.285,22,Jun 15 2020 01: +0,1592179200
0.294,36,Jun 16 2020 01: +0,1592265600
0.3,36,Jun 17 2020 01: +0,1592352000
0.292,18,Jun 18 2020 01: +0,1592438400
0.299,32,Jun 19 2020 01: +0,1592524800
0.301,41,Jun 20 2020 01: +0,1592611200
0.299,44,Jun 21 2020 01: +0,1592697600
0.325,50,Jun 22 2020 01: +0,1592784000
0.325,42,Jun 23 2020 01: +0,1592870400
0.338,69,Jun 24 2020 01: +0,1592956800
0.326,32,Jun 25 2020 01: +0,1593043200
0.3,43,Jun 26 2020 01: +0,1593129600
0.288,47,Jun 27 2020 01: +0,1593216000
0.291,29,Jun 28 2020 01: +0,1593302400
0.284,32,Jun 29 2020 01: +0,1593388800
0.292,24,Jun 30 2020 01: +0,1593475200
0.288,34,Jul 01 2020 01: +0,1593561600
0.296,30,Jul 02 2020 01: +0,1593648000
0.299,36,Jul 03 2020 01: +0,1593734400
0.307,25,Jul 04 2020 01: +0,1593820800
0.3,30,Jul 05 2020 01: +0,1593907200
0.268,24,Jul 06 2020 01: +0,1593993600
0.295,39,Jul 07 2020 01: +0,1594080000
0.304,30,Jul 08 2020 01: +0,1594166400
0.305,35,Jul 09 2020 01: +0,1594252800
0.296,23,Jul 10 2020 01: +0,1594339200
0.309,33,Jul 11 2020 01: +0,1594425600
0.338,28,Jul 12 2020 01: +0,1594512000
0.34,15,Jul 13 2020 01: +0,1594598400
0.338,25,Jul 14 2020 01: +0,1594684800
0.354,15,Jul 15 2020 01: +0,1594771200
0.351,23,Jul 16 2020 01: +0,1594857600
0.324,28,Jul 17 2020 01: +0,1594944000
0.338,11,Jul 18 2020 01: +0,1595030400
0.336,23,Jul 19 2020 01: +0,1595116800
0.341,25,Jul 20 2020 01: +0,1595203200
0.343,53,Jul 21 2020 01: +0,1595289600
0.35,24,Jul 22 2020 01: +0,1595376000
0.366,26,Jul 23 2020 01: +0,1595462400
0.369,28,Jul 24 2020 01: +0,1595548800
0.367,20,Jul 25 2020 01: +0,1595635200
0.363,22,Jul 26 2020 01: +0,1595721600
0.398,64,Jul 27 2020 01: +0,1595808000
0.439,25,Jul 28 2020 01: +0,1595894400
0.432,27,Jul 29 2020 01: +0,1595980800
0.421,33,Jul 30 2020 01: +0,1596067200
0.404,32,Jul 31 2020 01: +0,1596153600
0.383,10,Aug 01 2020 01: +0,1596240000
0.368,33,Aug 02 2020 01: +0,1596326400
0.372,25,Aug 03 2020 01: +0,1596412800
0.379,28,Aug 04 2020 01: +0,1596499200
0.383,22,Aug 05 2020 01: +0,1596585600
0.37,76,Aug 06 2020 01: +0,1596672000
0.353,18,Aug 07 2020 01: +0,1596758400
0.366,28,Aug 08 2020 01: +0,1596844800
0.36,31,Aug 09 2020 01: +0,1596931200
0.369,29,Aug 10 2020 01: +0,1597017600
0.352,30,Aug 11 2020 01: +0,1597104000
0.364,25,Aug 12 2020 01: +0,1597190400
0.34,31,Aug 13 2020 01: +0,1597276800
0.339,18,Aug 14 2020 01: +0,1597363200
0.333,35,Aug 15 2020 01: +0,1597449600
0.334,18,Aug 16 2020 01: +0,1597536000
0.352,20,Aug 17 2020 01: +0,1597622400
0.341,11,Aug 18 2020 01: +0,1597708800
0.342,20,Aug 19 2020 01: +0,1597795200
0.322,20,Aug 20 2020 01: +0,1597881600
0.315,35,Aug 21 2020 01: +0,1597968000
0.321,21,Aug 22 2020 01: +0,1598054400
0.33,12,Aug 23 2020 01: +0,1598140800
0.33,32,Aug 24 2020 01: +0,1598227200
0.332,21,Aug 25 2020 01: +0,1598313600
0.308,24,Aug 26 2020 01: +0,1598400000
0.347,18,Aug 27 2020 01: +0,1598486400
0.343,17,Aug 28 2020 01: +0,1598572800
0.321,27,Aug 29 2020 01: +0,1598659200
0.35,9,Aug 30 2020 01: +0,1598745600
0.355,11,Aug 31 2020 01: +0,1598832000
0.345,11,Sep 01 2020 01: +0,1598918400
0.343,22,Sep 02 2020 01: +0,1599004800
0.34,17,Sep 03 2020 01: +0,1599091200
0.328,14,Sep 04 2020 01: +0,1599177600
0.342,21,Sep 05 2020 01: +0,1599264000
0.37,6,Sep 06 2020 01: +0,1599350400
0.356,9,Sep 07 2020 01: +0,1599436800
0.329,25,Sep 08 2020 01: +0,1599523200
0.327,26,Sep 09 2020 01: +0,1599609600
0.351,22,Sep 10 2020 01: +0,1599696000
0.345,14,Sep 11 2020 01: +0,1599782400
0.324,19,Sep 12 2020 01: +0,1599868800
0.395,183,Sep 13 2020 01: +0,1599955200
0.683,288,Sep 14 2020 01: +0,1600041600
0.704,48,Sep 15 2020 01: +0,1600128000
0.572,28,Sep 16 2020 01: +0,1600214400
0.552,22,Sep 17 2020 01: +0,1600300800
0.516,33,Sep 18 2020 01: +0,1600387200
0.519,19,Sep 19 2020 01: +0,1600473600
0.445,16,Sep 20 2020 01: +0,1600560000
0.412,19,Sep 21 2020 01: +0,1600646400
0.382,19,Sep 22 2020 01: +0,1600732800
0.378,32,Sep 23 2020 01: +0,1600819200
0.359,18,Sep 24 2020 01: +0,1600905600
0.363,19,Sep 25 2020 01: +0,1600992000
0.358,19,Sep 26 2020 01: +0,1601078400
0.329,11,Sep 27 2020 01: +0,1601164800
0.33,8,Sep 28 2020 01: +0,1601251200
0.295,54,Sep 29 2020 01: +0,1601337600
0.315,28,Sep 30 2020 01: +0,1601424000
0.317,23,Oct 01 2020 01: +0,1601510400
0.339,35,Oct 02 2020 01: +0,1601596800
0.333,10,Oct 03 2020 01: +0,1601683200
0.317,17,Oct 04 2020 01: +0,1601769600
0.34,14,Oct 05 2020 01: +0,1601856000
0.345,16,Oct 06 2020 01: +0,1601942400
0.363,13,Oct 07 2020 01: +0,1602028800
0.364,9,Oct 08 2020 01: +0,1602115200
0.36,10,Oct 09 2020 01: +0,1602201600
0.327,16,Oct 10 2020 01: +0,1602288000
0.35,10,Oct 11 2020 01: +0,1602374400
0.327,9,Oct 12 2020 01: +0,1602460800
0.346,13,Oct 13 2020 01: +0,1602547200
0.34,19,Oct 14 2020 01: +0,1602633600
0.338,14,Oct 15 2020 01: +0,1602720000
0.316,15,Oct 16 2020 01: +0,1602806400
0.318,15,Oct 17 2020 01: +0,1602892800
0.336,25,Oct 18 2020 01: +0,1602979200
0.367,8,Oct 19 2020 01: +0,1603065600
0.355,17,Oct 20 2020 01: +0,1603152000
0.362,11,Oct 21 2020 01: +0,1603238400
0.347,6,Oct 22 2020 01: +0,1603324800
0.364,16,Oct 23 2020 01: +0,1603411200
0.336,19,Oct 24 2020 01: +0,1603497600
0.324,12,Oct 25 2020 01: +0,1603584000
0.323,16,Oct 26 2020 01: +0,1603674000
0.32,10,Oct 27 2020 01: +0,1603760400
0.323,13,Oct 28 2020 01: +0,1603846800
0.314,11,Oct 29 2020 01: +0,1603933200
0.295,18,Oct 30 2020 01: +0,1604019600
0.31,17,Oct 31 2020 01: +0,1604106000
0.328,12,Nov 01 2020 01: +0,1604192400
0.32,16,Nov 02 2020 01: +0,1604278800
0.32,14,Nov 03 2020 01: +0,1604365200
0.326,7,Nov 04 2020 01: +0,1604451600
0.311,17,Nov 05 2020 01: +0,1604538000
0.329,10,Nov 06 2020 01: +0,1604624400
0.326,15,Nov 07 2020 01: +0,1604710800
0.332,19,Nov 08 2020 01: +0,1604797200
0.348,9,Nov 09 2020 01: +0,1604883600
0.322,5,Nov 10 2020 01: +0,1604970000
0.33,15,Nov 11 2020 01: +0,1605056400
0.327,6,Nov 12 2020 01: +0,1605142800
0.325,18,Nov 13 2020 01: +0,1605229200
0.299,13,Nov 14 2020 01: +0,1605315600
0.325,14,Nov 15 2020 01: +0,1605402000
0.331,6,Nov 16 2020 01: +0,1605488400
0.315,12,Nov 17 2020 01: +0,1605574800
0.319,8,Nov 18 2020 01: +0,1605661200
0.314,13,Nov 19 2020 01: +0,1605747600
0.321,16,Nov 20 2020 01: +0,1605834000
0.302,10,Nov 21 2020 01: +0,1605920400
0.328,14,Nov 22 2020 01: +0,1606006800
0.337,15,Nov 23 2020 01: +0,1606093200
0.315,18,Nov 24 2020 01: +0,1606179600
0.333,18,Nov 25 2020 01: +0,1606266000
0.307,17,Nov 26 2020 01: +0,1606352400
0.325,9,Nov 27 2020 01: +0,1606438800
0.305,23,Nov 28 2020 01: +0,1606525200
0.278,12,Nov 29 2020 01: +0,1606611600
0.285,22,Nov 30 2020 01: +0,1606698000
0.298,12,Dec 01 2020 01: +0,1606784400
0.287,13,Dec 02 2020 01: +0,1606870800
0.29,19,Dec 03 2020 01: +0,1606957200
0.241,26,Dec 04 2020 01: +0,1607043600
0.241,21,Dec 05 2020 01: +0,1607130000
0.244,14,Dec 06 2020 01: +0,1607216400
0.223,10,Dec 07 2020 01: +0,1607302800
0.22,19,Dec 08 2020 01: +0,1607389200
0.21,14,Dec 09 2020 01: +0,1607475600
0.186,29,Dec 10 2020 01: +0,1607562000
0.217,22,Dec 11 2020 01: +0,1607648400
0.203,20,Dec 12 2020 01: +0,1607734800
0.211,14,Dec 13 2020 01: +0,1607821200
0.233,21,Dec 14 2020 01: +0,1607907600
0.243,16,Dec 15 2020 01: +0,1607994000
0.253,10,Dec 16 2020 01: +0,1608080400
0.235,22,Dec 17 2020 01: +0,1608166800
0.296,17,Dec 18 2020 01: +0,1608253200
0.288,9,Dec 19 2020 01: +0,1608339600
0.283,11,Dec 20 2020 01: +0,1608426000
0.294,8,Dec 21 2020 01: +0,1608512400
0.271,20,Dec 22 2020 01: +0,1608598800
0.276,10,Dec 23 2020 01: +0,1608685200
0.27,11,Dec 24 2020 01: +0,1608771600
0.287,12,Dec 25 2020 01: +0,1608858000
0.284,17,Dec 26 2020 01: +0,1608944400
0.273,12,Dec 27 2020 01: +0,1609030800
0.275,14,Dec 28 2020 01: +0,1609117200
0.29,15,Dec 29 2020 01: +0,1609203600
0.286,12,Dec 30 2020 01: +0,1609290000
0.272,24,Dec 31 2020 01: +0,1609376400
0.3,11,Jan 01 2021 01: +0,1609462800
0.305,9,Jan 02 2021 01: +0,1609549200
0.321,11,Jan 03 2021 01: +0,1609635600
0.299,16,Jan 04 2021 01: +0,1609722000
0.324,17,Jan 05 2021 01: +0,1609808400
0.316,13,Jan 06 2021 01: +0,1609894800
0.33,8,Jan 07 2021 01: +0,1609981200
0.34,8,Jan 08 2021 01: +0,1610067600
0.328,10,Jan 09 2021 01: +0,1610154000
0.337,14,Jan 10 2021 01: +0,1610240400
0.349,10,Jan 11 2021 01: +0,1610326800
0.364,17,Jan 12 2021 01: +0,1610413200
0.349,12,Jan 13 2021 01: +0,1610499600
0.354,12,Jan 14 2021 01: +0,1610586000
0.357,12,Jan 15 2021 01: +0,1610672400
0.345,12,Jan 16 2021 01: +0,1610758800
0.326,9,Jan 17 2021 01: +0,1610845200
0.312,13,Jan 18 2021 01: +0,1610931600
0.354,21,Jan 19 2021 01: +0,1611018000
0.378,18,Jan 20 2021 01: +0,1611104400
0.392,12,Jan 21 2021 01: +0,1611190800
0.389,20,Jan 22 2021 01: +0,1611277200
0.354,13,Jan 23 2021 01: +0,1611363600
0.359,8,Jan 24 2021 01: +0,1611450000
0.362,7,Jan 25 2021 01: +0,1611536400
0.347,11,Jan 26 2021 01: +0,1611622800
0.328,11,Jan 27 2021 01: +0,1611709200
0.314,29,Jan 28 2021 01: +0,1611795600
0.268,25,Jan 29 2021 01: +0,1611882000
0.264,11,Jan 30 2021 01: +0,1611968400
0.245,18,Jan 31 2021 01: +0,1612054800
0.248,9,Feb 01 2021 01: +0,1612141200
0.251,16,Feb 02 2021 01: +0,1612227600
0.237,16,Feb 03 2021 01: +0,1612314000
0.25,11,Feb 04 2021 01: +0,1612400400
0.253,20,Feb 05 2021 01: +0,1612486800
0.232,17,Feb 06 2021 01: +0,1612573200
0.239,15,Feb 07 2021 01: +0,1612659600
0.23,12,Feb 08 2021 01: +0,1612746000
0.22,16,Feb 09 2021 01: +0,1612832400
0.222,24,Feb 10 2021 01: +0,1612918800
0.228,17,Feb 11 2021 01: +0,1613005200
0.229,9,Feb 12 2021 01: +0,1613091600
0.223,23,Feb 13 2021 01: +0,1613178000
0.209,19,Feb 14 2021 01: +0,1613264400
0.223,16,Feb 15 2021 01: +0,1613350800
0.232,16,Feb 16 2021 01: +0,1613437200
0.24,8,Feb 17 2021 01: +0,1613523600
0.232,8,Feb 18 2021 01: +0,1613610000
0.248,18,Feb 19 2021 01: +0,1613696400
0.262,9,Feb 20 2021 01: +0,1613782800
0.268,9,Feb 21 2021 01: +0,1613869200
0.295,8,Feb 22 2021 01: +0,1613955600
0.288,15,Feb 23 2021 01: +0,1614042000
0.264,7,Feb 24 2021 01: +0,1614128400
0.245,23,Feb 25 2021 01: +0,1614214800
0.249,11,Feb 26 2021 01: +0,1614301200
0.249,13,Feb 27 2021 01: +0,1614387600
0.281,8,Feb 28 2021 01: +0,1614474000
0.292,14,Mar 01 2021 01: +0,1614560400
0.241,7,Mar 02 2021 01: +0,1614646800
0.258,17,Mar 03 2021 01: +0,1614733200
0.284,12,Mar 04 2021 01: +0,1614819600
0.301,4,Mar 05 2021 01: +0,1614906000
0.26,13,Mar 06 2021 01: +0,1614992400
0.283,10,Mar 07 2021 01: +0,1615078800
0.266,11,Mar 08 2021 01: +0,1615165200
0.246,14,Mar 09 2021 01: +0,1615251600
0.281,17,Mar 10 2021 01: +0,1615338000
0.284,9,Mar 11 2021 01: +0,1615424400
0.248,17,Mar 12 2021 01: +0,1615510800
0.268,11,Mar 13 2021 01: +0,1615597200
0.276,15,Mar 14 2021 01: +0,1615683600
0.261,12,Mar 15 2021 01: +0,1615770000
0.292,20,Mar 16 2021 01: +0,1615856400
0.285,9,Mar 17 2021 01: +0,1615942800
0.284,8,Mar 18 2021 01: +0,1616029200
0.256,9,Mar 19 2021 01: +0,1616115600
0.235,19,Mar 20 2021 01: +0,1616202000
0.256,22,Mar 21 2021 01: +0,1616288400
0.241,8,Mar 22 2021 01: +0,1616374800
0.238,14,Mar 23 2021 01: +0,1616461200
0.248,13,Mar 24 2021 01: +0,1616547600
0.263,14,Mar 25 2021 01: +0,1616634000
0.26,15,Mar 26 2021 01: +0,1616720400
0.257,13,Mar 27 2021 01: +0,1616806800
0.25,17,Mar 28 2021 01: +0,1616893200
0.285,18,Mar 29 2021 01: +0,1616976000
0.303,10,Mar 30 2021 01: +0,1617062400
0.26,12,Mar 31 2021 01: +0,1617148800
0.275,16,Apr 01 2021 01: +0,1617235200
0.278,7,Apr 02 2021 01: +0,1617321600
0.257,12,Apr 03 2021 01: +0,1617408000
0.267,9,Apr 04 2021 01: +0,1617494400
0.271,11,Apr 05 2021 01: +0,1617580800
0.265,18,Apr 06 2021 01: +0,1617667200
0.23,15,Apr 07 2021 01: +0,1617753600
0.2,24,Apr 08 2021 01: +0,1617840000
0.186,23,Apr 09 2021 01: +0,1617926400
0.176,17,Apr 10 2021 01: +0,1618012800
0.166,17,Apr 11 2021 01: +0,1618099200
0.178,9,Apr 12 2021 01: +0,1618185600
0.18,15,Apr 13 2021 01: +0,1618272000
0.187,2,Apr 14 2021 01: +0,1618358400
0.142,13,Apr 15 2021 01: +0,1618444800
0.171,10,Apr 16 2021 01: +0,1618531200
0.164,21,Apr 17 2021 01: +0,1618617600
0.175,14,Apr 18 2021 01: +0,1618704000
0.177,9,Apr 19 2021 01: +0,1618790400
0.174,29,Apr 20 2021 01: +0,1618876800
0.172,10,Apr 21 2021 01: +0,1618963200
0.163,10,Apr 22 2021 01: +0,1619049600
0.171,9,Apr 23 2021 01: +0,1619136000
0.177,13,Apr 24 2021 01: +0,1619222400
0.174,9,Apr 25 2021 01: +0,1619308800
0.168,13,Apr 26 2021 01: +0,1619395200
0.173,8,Apr 27 2021 01: +0,1619481600
0.181,11,Apr 28 2021 01: +0,1619568000
0.162,13,Apr 29 2021 01: +0,1619654400
0.176,9,Apr 30 2021 01: +0,1619740800
0.16,6,May 01 2021 01: +0,1619827200
0.159,10,May 02 2021 01: +0,1619913600
0.157,17,May 03 2021 01: +0,1620000000
0.178,7,May 04 2021 01: +0,1620086400
0.16,11,May 05 2021 01: +0,1620172800
0.165,14,May 06 2021 01: +0,1620259200
0.161,9,May 07 2021 01: +0,1620345600
0.142,16,May 08 2021 01: +0,1620432000
0.148,14,May 09 2021 01: +0,1620518400
0.164,18,May 10 2021 01: +0,1620604800
0.162,15,May 11 2021 01: +0,1620691200
0.16,16,May 12 2021 01: +0,1620777600
0.171,12,May 13 2021 01: +0,1620864000
0.185,3,May 14 2021 01: +0,1620950400
0.174,16,May 15 2021 01: +0,1621036800
0.192,9,May 16 2021 01: +0,1621123200
0.212,11,May 17 2021 01: +0,1621209600
0.207,8,May 18 2021 01: +0,1621296000
0.19,15,May 19 2021 01: +0,1621382400
0.209,4,May 20 2021 01: +0,1621468800
0.195,7,May 21 2021 01: +0,1621555200
0.179,11,May 22 2021 01: +0,1621641600
0.198,12,May 23 2021 01: +0,1621728000
0.189,8,May 24 2021 01: +0,1621814400
0.2,5,May 25 2021 01: +0,1621900800
0.204,4,May 26 2021 01: +0,1621987200
0.201,6,May 27 2021 01: +0,1622073600
0.196,14,May 28 2021 01: +0,1622160000
0.219,10,May 29 2021 01: +0,1622246400
0.211,9,May 30 2021 01: +0,1622332800
0.218,8,May 31 2021 01: +0,1622419200
0.2,10,Jun 01 2021 01: +0,1622505600
0.215,8,Jun 02 2021 01: +0,1622592000
0.239,11,Jun 03 2021 01: +0,1622678400
0.24,8,Jun 04 2021 01: +0,1622764800
0.255,12,Jun 05 2021 01: +0,1622851200
0.238,8,Jun 06 2021 01: +0,1622937600
0.257,6,Jun 07 2021 01: +0,1623024000
0.264,9,Jun 08 2021 01: +0,1623110400
0.255,8,Jun 09 2021 01: +0,1623196800
0.272,8,Jun 10 2021 01: +0,1623283200
0.263,9,Jun 11 2021 01: +0,1623369600
0.258,19,Jun 12 2021 01: +0,1623456000
0.251,5,Jun 13 2021 01: +0,1623542400
0.236,9,Jun 14 2021 01: +0,1623628800
0.239,9,Jun 15 2021 01: +0,1623715200
0.234,10,Jun 16 2021 01: +0,1623801600
0.26,9,Jun 17 2021 01: +0,1623888000
0.261,7,Jun 18 2021 01: +0,1623974400
0.261,8,Jun 19 2021 01: +0,1624060800
0.245,11,Jun 20 2021 01: +0,1624147200
0.222,10,Jun 21 2021 01: +0,1624233600
0.222,8,Jun 22 2021 01: +0,1624320000
0.219,11,Jun 23 2021 01: +0,1624406400
0.215,13,Jun 24 2021 01: +0,1624492800
0.189,73,Jun 25 2021 01: +0,1624579200
0.194,19,Jun 26 2021 01: +0,1624665600
0.204,12,Jun 27 2021 01: +0,1624752000
0.188,10,Jun 28 2021 01: +0,1624838400
0.218,9,Jun 29 2021 01: +0,1624924800
0.191,6,Jun 30 2021 01: +0,1625011200
0.209,14,Jul 01 2021 01: +0,1625097600
0.206,18,Jul 02 2021 01: +0,1625184000
0.206,11,Jul 03 2021 01: +0,1625270400
0.213,10,Jul 04 2021 01: +0,1625356800
0.232,11,Jul 05 2021 01: +0,1625443200
0.243,8,Jul 06 2021 01: +0,1625529600
0.233,9,Jul 07 2021 01: +0,1625616000
0.226,9,Jul 08 2021 01: +0,1625702400
0.238,10,Jul 09 2021 01: +0,1625788800
0.244,6,Jul 10 2021 01: +0,1625875200
0.27,8,Jul 11 2021 01: +0,1625961600
0.245,8,Jul 12 2021 01: +0,1626048000
0.245,4,Jul 13 2021 01: +0,1626134400
0.237,4,Jul 14 2021 01: +0,1626220800
0.214,3,Jul 15 2021 01: +0,1626307200
0.207,10,Jul 16 2021 01: +0,1626393600
0.216,10,Jul 17 2021 01: +0,1626480000
0.217,9,Jul 18 2021 01: +0,1626566400
0.211,10,Jul 19 2021 01: +0,1626652800
0.208,4,Jul 20 2021 01: +0,1626739200
0.22,14,Jul 21 2021 01: +0,1626825600
0.207,8,Jul 22 2021 01: +0,1626912000
0.227,8,Jul 23 2021 01: +0,1626998400
0.201,8,Jul 24 2021 01: +0,1627084800
0.221,7,Jul 25 2021 01: +0,1627171200
0.237,3,Jul 26 2021 01: +0,1627257600
0.21,5,Jul 27 2021 01: +0,1627344000
0.213,5,Jul 28 2021 01: +0,1627430400
0.237,19,Jul 29 2021 01: +0,1627516800
0.227,8,Jul 30 2021 01: +0,1627603200
0.226,5,Jul 31 2021 01: +0,1627689600
0.233,12,Aug 01 2021 01: +0,1627776000
0.219,4,Aug 02 2021 01: +0,1627862400
0.23,4,Aug 03 2021 01: +0,1627948800
0.233,3,Aug 04 2021 01: +0,1628035200
0.244,4,Aug 05 2021 01: +0,1628121600
0.216,5,Aug 06 2021 01: +0,1628208000
0.216,11,Aug 07 2021 01: +0,1628294400
0.205,11,Aug 08 2021 01: +0,1628380800
0.209,7,Aug 09 2021 01: +0,1628467200
0.216,10,Aug 10 2021 01: +0,1628553600
0.22,3,Aug 11 2021 01: +0,1628640000
0.236,5,Aug 12 2021 01: +0,1628726400
0.216,9,Aug 13 2021 01: +0,1628812800
0.212,8,Aug 14 2021 01: +0,1628899200
0.218,7,Aug 15 2021 01: +0,1628985600
0.213,8,Aug 16 2021 01: +0,1629072000
0.23,16,Aug 17 2021 01: +0,1629158400
0.209,4,Aug 18 2021 01: +0,1629244800
0.231,4,Aug 19 2021 01: +0,1629331200
0.217,9,Aug 20 2021 01: +0,1629417600
0.223,5,Aug 21 2021 01: +0,1629504000
0.235,13,Aug 22 2021 01: +0,1629590400
0.241,12,Aug 23 2021 01: +0,1629676800
0.231,6,Aug 24 2021 01: +0,1629763200
0.242,6,Aug 25 2021 01: +0,1629849600
0.218,6,Aug 26 2021 01: +0,1629936000
0.243,3,Aug 27 2021 01: +0,1630022400
0.205,3,Aug 28 2021 01: +0,1630108800
0.216,10,Aug 29 2021 01: +0,1630195200
0.223,4,Aug 30 2021 01: +0,1630281600
0.217,9,Aug 31 2021 01: +0,1630368000
0.227,3,Sep 01 2021 01: +0,1630454400
0.228,5,Sep 02 2021 01: +0,1630540800
0.232,7,Sep 03 2021 01: +0,1630627200
0.225,8,Sep 04 2021 01: +0,1630713600
0.203,7,Sep 05 2021 01: +0,1630800000
0.239,4,Sep 06 2021 01: +0,1630886400
0.213,9,Sep 07 2021 01: +0,1630972800
0.226,7,Sep 08 2021 01: +0,1631059200
0.236,7,Sep 09 2021 01: +0,1631145600
0.212,4,Sep 10 2021 01: +0,1631232000
0.228,8,Sep 11 2021 01: +0,1631318400
0.241,4,Sep 12 2021 01: +0,1631404800
0.23,8,Sep 13 2021 01: +0,1631491200
0.2,6,Sep 14 2021 01: +0,1631577600
0.236,15,Sep 15 2021 01: +0,1631664000
0.216,3,Sep 16 2021 01: +0,1631750400
0.231,4,Sep 17 2021 01: +0,1631836800
0.22,7,Sep 18 2021 01: +0,1631923200
0.194,6,Sep 19 2021 01: +0,1632009600
0.239,8,Sep 20 2021 01: +0,1632096000
0.245,4,Sep 21 2021 01: +0,1632182400
0.194,10,Sep 22 2021 01: +0,1632268800
0.204,11,Sep 23 2021 01: +0,1632355200
0.196,9,Sep 24 2021 01: +0,1632441600
0.166,15,Sep 25 2021 01: +0,1632528000
0.187,9,Sep 26 2021 01: +0,1632614400
0.175,6,Sep 27 2021 01: +0,1632700800
0.181,7,Sep 28 2021 01: +0,1632787200
0.188,7,Sep 29 2021 01: +0,1632873600
0.187,7,Sep 30 2021 01: +0,1632960000
0.184,5,Oct 01 2021 01: +0,1633046400
0.215,11,Oct 02 2021 01: +0,1633132800
0.17,9,Oct 03 2021 01: +0,1633219200
0.201,11,Oct 04 2021 01: +0,1633305600
0.202,11,Oct 05 2021 01: +0,1633392000
0.207,10,Oct 06 2021 01: +0,1633478400
0.227,10,Oct 07 2021 01: +0,1633564800
0.217,15,Oct 08 2021 01: +0,1633651200
0.225,10,Oct 09 2021 01: +0,1633737600
0.232,10,Oct 10 2021 01: +0,1633824000
0.247,12,Oct 11 2021 01: +0,1633910400
0.242,9,Oct 12 2021 01: +0,1633996800
0.243,9,Oct 13 2021 01: +0,1634083200
0.235,10,Oct 14 2021 01: +0,1634169600
0.246,6,Oct 15 2021 01: +0,1634256000
0.236,4,Oct 16 2021 01: +0,1634342400
0.235,5,Oct 17 2021 01: +0,1634428800
0.248,3,Oct 18 2021 01: +0,1634515200
0.23,6,Oct 19 2021 01: +0,1634601600
0.232,16,Oct 20 2021 01: +0,1634688000
0.234,4,Oct 21 2021 01: +0,1634774400
0.227,12,Oct 22 2021 01: +0,1634860800
0.204,4,Oct 23 2021 01: +0,1634947200
0.2,7,Oct 24 2021 01: +0,1635033600
0.228,3,Oct 25 2021 01: +0,1635120000
0.215,6,Oct 26 2021 01: +0,1635206400
0.226,5,Oct 27 2021 01: +0,1635292800
0.194,7,Oct 28 2021 01: +0,1635379200
0.203,10,Oct 29 2021 01: +0,1635465600
0.189,6,Oct 30 2021 01: +0,1635552000
0.192,5,Oct 31 2021 01: +0,1635638400
0.179,5,Nov 01 2021 01: +0,1635728400
0.175,12,Nov 02 2021 01: +0,1635814800
0.183,9,Nov 03 2021 01: +0,1635901200
0.173,7,Nov 04 2021 01: +0,1635987600
0.185,9,Nov 05 2021 01: +0,1636074000
0.201,8,Nov 06 2021 01: +0,1636160400
0.199,6,Nov 07 2021 01: +0,1636246800
0.19,5,Nov 08 2021 01: +0,1636333200
0.183,8,Nov 09 2021 01: +0,1636419600
0.183,13,Nov 10 2021 01: +0,1636506000
0.163,20,Nov 11 2021 01: +0,1636592400
0.16,4,Nov 12 2021 01: +0,1636678800
0.151,9,Nov 13 2021 01: +0,1636765200
0.172,12,Nov 14 2021 01: +0,1636851600
0.153,9,Nov 15 2021 01: +0,1636938000
0.161,2,Nov 16 2021 01: +0,1637024400
0.158,12,Nov 17 2021 01: +0,1637110800
0.18,18,Nov 18 2021 01: +0,1637197200
0.189,4,Nov 20 2021 01: +0,1637370000
0.151,3,Nov 21 2021 01: +0,1637456400
0.163,4,Nov 22 2021 01: +0,1637542800
0.164,4,Nov 23 2021 01: +0,1637629200
0.16,5,Nov 24 2021 01: +0,1637715600
0.135,12,Nov 25 2021 01: +0,1637802000
0.132,8,Nov 26 2021 01: +0,1637888400
0.151,5,Nov 27 2021 01: +0,1637974800
0.157,4,Nov 28 2021 01: +0,1638061200
0.148,4,Nov 29 2021 01: +0,1638147600
0.147,7,Nov 30 2021 01: +0,1638234000
0.152,1,Dec 01 2021 01: +0,1638320400
0.146,8,Dec 02 2021 01: +0,1638406800
0.145,3,Dec 03 2021 01: +0,1638493200
0.139,3,Dec 04 2021 01: +0,1638579600
0.135,7,Dec 05 2021 01: +0,1638666000
0.131,9,Dec 06 2021 01: +0,1638752400
0.134,5,Dec 07 2021 01: +0,1638838800
0.149,5,Dec 08 2021 01: +0,1638925200
0.148,1,Dec 10 2021 01: +0,1639098000
0.143,4,Dec 11 2021 01: +0,1639184400
0.137,5,Dec 12 2021 01: +0,1639270800
0.141,10,Dec 13 2021 01: +0,1639357200
0.143,4,Dec 14 2021 01: +0,1639443600
0.139,1,Dec 15 2021 01: +0,1639530000
0.143,13,Dec 16 2021 01: +0,1639616400
0.143,3,Dec 17 2021 01: +0,1639702800
0.148,7,Dec 18 2021 01: +0,1639789200
0.126,16,Dec 19 2021 01: +0,1639875600
0.135,5,Dec 20 2021 01: +0,1639962000
0.149,7,Dec 21 2021 01: +0,1640048400
0.152,7,Dec 22 2021 01: +0,1640134800
0.162,12,Dec 23 2021 01: +0,1640221200
0.165,4,Dec 24 2021 01: +0,1640307600
0.171,2,Dec 25 2021 01: +0,1640394000
0.146,7,Dec 26 2021 01: +0,1640480400
0.145,6,Dec 27 2021 01: +0,1640566800
0.157,6,Dec 28 2021 01: +0,1640653200
0.152,7,Dec 29 2021 01: +0,1640739600
0.142,3,Dec 30 2021 01: +0,1640826000
0.144,6,Dec 31 2021 01: +0,1640912400
0.153,5,Jan 01 2022 01: +0,1640998800
0.138,4,Jan 02 2022 01: +0,1641085200
0.167,3,Jan 03 2022 01: +0,1641171600
0.154,3,Jan 04 2022 01: +0,1641258000
0.16,4,Jan 05 2022 01: +0,1641344400
0.146,1,Jan 06 2022 01: +0,1641430800
0.144,5,Jan 07 2022 01: +0,1641517200
0.148,3,Jan 09 2022 01: +0,1641690000
0.136,9,Jan 10 2022 01: +0,1641776400
0.145,7,Jan 11 2022 01: +0,1641862800
0.138,7,Jan 12 2022 01: +0,1641949200
0.15,6,Jan 13 2022 01: +0,1642035600
0.159,4,Jan 14 2022 01: +0,1642122000
0.164,2,Jan 15 2022 01: +0,1642208400
0.165,1,Jan 16 2022 01: +0,1642294800
0.159,5,Jan 17 2022 01: +0,1642381200
0.156,7,Jan 18 2022 01: +0,1642467600
0.169,4,Jan 19 2022 01: +0,1642554000
0.156,5,Jan 20 2022 01: +0,1642640400
0.154,5,Jan 21 2022 01: +0,1642726800
0.17,6,Jan 22 2022 01: +0,1642813200
0.159,7,Jan 23 2022 01: +0,1642899600
0.165,5,Jan 24 2022 01: +0,1642986000
0.154,9,Jan 25 2022 01: +0,1643072400
0.166,6,Jan 26 2022 01: +0,1643158800
0.173,6,Jan 27 2022 01: +0,1643245200
0.171,2,Jan 28 2022 01: +0,1643331600
0.167,5,Jan 29 2022 01: +0,1643418000
0.13,5,Jan 30 2022 01: +0,1643504400
0.165,9,Jan 31 2022 01: +0,1643590800
0.181,2,Feb 01 2022 01: +0,1643677200
0.172,6,Feb 02 2022 01: +0,1643763600
0.157,3,Feb 03 2022 01: +0,1643850000
0.154,5,Feb 04 2022 01: +0,1643936400
0.172,4,Feb 05 2022 01: +0,1644022800
0.164,4,Feb 06 2022 01: +0,1644109200
0.159,8,Feb 07 2022 01: +0,1644195600
0.154,10,Feb 08 2022 01: +0,1644282000
0.178,5,Feb 09 2022 01: +0,1644368400
0.146,5,Feb 10 2022 01: +0,1644454800
0.169,4,Feb 11 2022 01: +0,1644541200
0.156,8,Feb 12 2022 01: +0,1644627600
0.162,9,Feb 13 2022 01: +0,1644714000
0.159,6,Feb 14 2022 01: +0,1644800400
0.169,8,Feb 15 2022 01: +0,1644886800
0.174,5,Feb 16 2022 01: +0,1644973200
0.176,13,Feb 17 2022 01: +0,1645059600
0.181,8,Feb 18 2022 01: +0,1645146000
0.169,7,Feb 19 2022 01: +0,1645232400
0.149,8,Feb 20 2022 01: +0,1645318800
0.152,8,Feb 21 2022 01: +0,1645405200
0.163,2,Feb 22 2022 01: +0,1645491600
0.16,5,Feb 23 2022 01: +0,1645578000
0.14,4,Feb 24 2022 01: +0,1645664400
0.171,8,Feb 25 2022 01: +0,1645750800
0.145,27,Feb 26 2022 01: +0,1645837200
0.135,9,Feb 27 2022 01: +0,1645923600
0.149,7,Feb 28 2022 01: +0,1646010000
0.131,24,Mar 01 2022 01: +0,1646096400
0.142,13,Mar 02 2022 01: +0,1646182800
0.154,5,Mar 03 2022 01: +0,1646269200
0.157,9,Mar 04 2022 01: +0,1646355600
0.14,10,Mar 05 2022 01: +0,1646442000
0.168,10,Mar 06 2022 01: +0,1646528400
0.139,5,Mar 07 2022 01: +0,1646614800
0.127,21,Mar 08 2022 01: +0,1646701200
0.131,8,Mar 09 2022 01: +0,1646787600
0.141,6,Mar 10 2022 01: +0,1646874000
0.147,4,Mar 11 2022 01: +0,1646960400
0.14,9,Mar 12 2022 01: +0,1647046800
0.146,8,Mar 13 2022 01: +0,1647133200
0.148,5,Mar 14 2022 01: +0,1647219600
0.151,7,Mar 15 2022 01: +0,1647306000
0.155,4,Mar 16 2022 01: +0,1647392400
0.129,3,Mar 17 2022 01: +0,1647478800
0.154,11,Mar 18 2022 01: +0,1647565200
0.146,4,Mar 19 2022 01: +0,1647651600
0.152,9,Mar 20 2022 01: +0,1647738000
0.154,2,Mar 21 2022 01: +0,1647824400
0.152,9,Mar 22 2022 01: +0,1647910800
0.165,6,Mar 23 2022 01: +0,1647997200
0.166,8,Mar 24 2022 01: +0,1648083600
0.166,4,Mar 25 2022 01: +0,1648170000
0.168,6,Mar 26 2022 01: +0,1648256400
0.172,10,Mar 27 2022 01: +0,1648342800
0.168,4,Mar 28 2022 01: +0,1648425600
0.152,11,Mar 29 2022 01: +0,1648512000
0.166,5,Mar 30 2022 01: +0,1648598400
0.168,3,Mar 31 2022 01: +0,1648684800
0.172,5,Apr 01 2022 01: +0,1648771200
0.165,11,Apr 02 2022 01: +0,1648857600
0.141,4,Apr 03 2022 01: +0,1648944000
0.168,2,Apr 04 2022 01: +0,1649030400
0.164,9,Apr 05 2022 01: +0,1649116800
0.159,6,Apr 06 2022 01: +0,1649203200
0.171,10,Apr 07 2022 01: +0,1649289600
0.155,8,Apr 08 2022 01: +0,1649376000
0.172,6,Apr 09 2022 01: +0,1649462400
0.176,7,Apr 10 2022 01: +0,1649548800
0.172,8,Apr 11 2022 01: +0,1649635200
0.177,2,Apr 12 2022 01: +0,1649721600
0.166,3,Apr 13 2022 01: +0,1649808000
0.175,3,Apr 14 2022 01: +0,1649894400
0.161,8,Apr 15 2022 01: +0,1649980800
0.165,10,Apr 16 2022 01: +0,1650067200
0.16,8,Apr 17 2022 01: +0,1650153600
0.163,5,Apr 18 2022 01: +0,1650240000
0.178,15,Apr 19 2022 01: +0,1650326400
0.178,2,Apr 20 2022 01: +0,1650412800
0.139,4,Apr 21 2022 01: +0,1650499200
0.161,6,Apr 22 2022 01: +0,1650585600
0.169,3,Apr 23 2022 01: +0,1650672000
0.163,5,Apr 24 2022 01: +0,1650758400
0.15,12,Apr 25 2022 01: +0,1650844800
0.185,6,Apr 26 2022 01: +0,1650931200
0.18,3,Apr 27 2022 01: +0,1651017600
0.151,4,Apr 28 2022 01: +0,1651104000
0.161,5,Apr 29 2022 01: +0,1651190400
0.161,6,Apr 30 2022 01: +0,1651276800
0.159,3,May 01 2022 01: +0,1651363200
0.161,5,May 02 2022 01: +0,1651449600
0.17,9,May 03 2022 01: +0,1651536000
0.151,13,May 04 2022 01: +0,1651622400
0.149,9,May 05 2022 01: +0,1651708800
0.148,6,May 06 2022 01: +0,1651795200
0.145,4,May 07 2022 01: +0,1651881600
0.148,11,May 08 2022 01: +0,1651968000
0.14,5,May 09 2022 01: +0,1652054400
0.154,11,May 10 2022 01: +0,1652140800
0.139,5,May 11 2022 01: +0,1652227200
0.111,9,May 12 2022 01: +0,1652313600
0.146,6,May 13 2022 01: +0,1652400000
0.148,4,May 14 2022 01: +0,1652486400
0.145,6,May 15 2022 01: +0,1652572800
0.159,5,May 16 2022 01: +0,1652659200
0.161,3,May 17 2022 01: +0,1652745600
0.143,4,May 18 2022 01: +0,1652832000
0.153,8,May 19 2022 01: +0,1652918400
0.161,3,May 20 2022 01: +0,1653004800
0.149,4,May 21 2022 01: +0,1653091200
0.143,7,May 22 2022 01: +0,1653177600
0.135,5,May 23 2022 01: +0,1653264000
0.163,5,May 24 2022 01: +0,1653350400
0.143,7,May 25 2022 01: +0,1653436800
0.146,12,May 26 2022 01: +0,1653523200
0.125,2,May 27 2022 01: +0,1653609600
0.173,9,May 28 2022 01: +0,1653696000
0.149,2,May 29 2022 01: +0,1653782400
0.161,5,May 30 2022 01: +0,1653868800
0.136,3,May 31 2022 01: +0,1653955200
0.159,6,Jun 01 2022 01: +0,1654041600
0.168,5,Jun 02 2022 01: +0,1654128000
0.147,7,Jun 03 2022 01: +0,1654214400
0.15,11,Jun 04 2022 01: +0,1654300800
0.147,8,Jun 05 2022 01: +0,1654387200
0.115,5,Jun 06 2022 01: +0,1654473600
0.145,4,Jun 07 2022 01: +0,1654560000
0.142,2,Jun 08 2022 01: +0,1654646400
0.117,4,Jun 09 2022 01: +0,1654732800
0.136,6,Jun 10 2022 01: +0,1654819200
0.129,4,Jun 11 2022 01: +0,1654905600
0.132,5,Jun 12 2022 01: +0,1654992000
0.117,6,Jun 13 2022 01: +0,1655078400
0.131,22,Jun 14 2022 01: +0,1655164800
0.116,5,Jun 15 2022 01: +0,1655251200
0.117,4,Jun 16 2022 01: +0,1655337600
0.118,9,Jun 17 2022 01: +0,1655424000
0.13,8,Jun 18 2022 01: +0,1655510400
0.125,10,Jun 19 2022 01: +0,1655596800
0.119,23,Jun 20 2022 01: +0,1655683200
0.115,5,Jun 21 2022 01: +0,1655769600
0.107,4,Jun 22 2022 01: +0,1655856000
0.109,8,Jun 23 2022 01: +0,1655942400
0.115,7,Jun 24 2022 01: +0,1656028800
0.129,5,Jun 25 2022 01: +0,1656115200
0.134,1,Jun 26 2022 01: +0,1656201600
0.103,5,Jun 27 2022 01: +0,1656288000
0.092,3,Jun 28 2022 01: +0,1656374400
0.107,6,Jun 29 2022 01: +0,1656460800
0.107,10,Jun 30 2022 01: +0,1656547200
0.121,7,Jul 01 2022 01: +0,1656633600
0.123,9,Jul 02 2022 01: +0,1656720000
0.122,6,Jul 03 2022 01: +0,1656806400
0.117,3,Jul 04 2022 01: +0,1656892800
0.095,16,Jul 05 2022 01: +0,1656979200
0.095,11,Jul 06 2022 01: +0,1657065600
0.12,9,Jul 07 2022 01: +0,1657152000
0.12,8,Jul 08 2022 01: +0,1657238400
0.118,7,Jul 09 2022 01: +0,1657324800
0.136,7,Jul 10 2022 01: +0,1657411200
0.12,19,Jul 11 2022 01: +0,1657497600
0.096,2,Jul 12 2022 01: +0,1657584000
0.115,3,Jul 13 2022 01: +0,1657670400
0.108,2,Jul 14 2022 01: +0,1657756800
0.1,9,Jul 15 2022 01: +0,1657843200
0.114,7,Jul 16 2022 01: +0,1657929600
0.124,10,Jul 17 2022 01: +0,1658016000
0.124,1,Jul 18 2022 01: +0,1658102400
0.121,4,Jul 19 2022 01: +0,1658188800
0.108,3,Jul 20 2022 01: +0,1658275200
0.126,12,Jul 21 2022 01: +0,1658361600
0.132,4,Jul 22 2022 01: +0,1658448000
0.124,17,Jul 23 2022 01: +0,1658534400
0.13,6,Jul 24 2022 01: +0,1658620800
0.122,4,Jul 25 2022 01: +0,1658707200
0.112,2,Jul 26 2022 01: +0,1658793600
0.126,11,Jul 27 2022 01: +0,1658880000
0.126,8,Jul 28 2022 01: +0,1658966400
0.13,4,Jul 29 2022 01: +0,1659052800
0.122,5,Jul 30 2022 01: +0,1659139200
0.143,107,Jul 31 2022 01: +0,1659225600
0.153,16,Aug 01 2022 01: +0,1659312000
0.162,5,Aug 02 2022 01: +0,1659398400
0.178,2,Aug 03 2022 01: +0,1659484800
0.155,4,Aug 04 2022 01: +0,1659571200
0.162,7,Aug 05 2022 01: +0,1659657600
0.18,3,Aug 06 2022 01: +0,1659744000
0.149,1,Aug 07 2022 01: +0,1659830400
0.165,1,Aug 09 2022 01: +0,1660003200
0.141,3,Aug 10 2022 01: +0,1660089600
0.121,2,Aug 11 2022 01: +0,1660176000
0.121,7,Aug 13 2022 01: +0,1660348800
0.143,11,Aug 14 2022 01: +0,1660435200
0.144,3,Aug 15 2022 01: +0,1660521600
0.121,4,Aug 16 2022 01: +0,1660608000
0.108,4,Aug 17 2022 01: +0,1660694400
0.136,11,Aug 18 2022 01: +0,1660780800
0.158,3,Aug 19 2022 01: +0,1660867200
0.166,4,Aug 20 2022 01: +0,1660953600
0.144,4,Aug 21 2022 01: +0,1661040000
0.143,3,Aug 22 2022 01: +0,1661126400
0.132,2,Aug 23 2022 01: +0,1661212800
0.158,13,Aug 24 2022 01: +0,1661299200
0.164,1,Aug 25 2022 01: +0,1661385600
0.154,8,Aug 26 2022 01: +0,1661472000
0.146,5,Aug 28 2022 01: +0,1661644800
0.124,4,Aug 29 2022 01: +0,1661731200
0.142,4,Aug 31 2022 01: +0,1661904000
0.119,1,Sep 01 2022 01: +0,1661990400
0.141,1,Sep 02 2022 01: +0,1662076800
0.119,5,Sep 03 2022 01: +0,1662163200
0.134,3,Sep 04 2022 01: +0,1662249600
0.143,17,Sep 05 2022 01: +0,1662336000
0.133,2,Sep 06 2022 01: +0,1662422400
0.108,2,Sep 07 2022 01: +0,1662508800
0.121,9,Sep 08 2022 01: +0,1662595200
0.136,5,Sep 09 2022 01: +0,1662681600
0.119,3,Sep 10 2022 01: +0,1662768000
0.126,3,Sep 11 2022 01: +0,1662854400
0.132,6,Sep 12 2022 01: +0,1662940800
0.134,5,Sep 13 2022 01: +0,1663027200
0.142,4,Sep 14 2022 01: +0,1663113600
0.119,5,Sep 16 2022 01: +0,1663286400
0.136,5,Sep 17 2022 01: +0,1663372800
0.139,5,Sep 18 2022 01: +0,1663459200
0.139,2,Sep 19 2022 01: +0,1663545600
0.11,2,Sep 20 2022 01: +0,1663632000
0.11,3,Sep 21 2022 01: +0,1663718400
0.127,2,Sep 22 2022 01: +0,1663804800
0.116,7,Sep 23 2022 01: +0,1663891200
0.121,2,Sep 24 2022 01: +0,1663977600
0.14,8,Sep 25 2022 01: +0,1664064000
0.11,3,Sep 26 2022 01: +0,1664150400
0.126,2,Sep 27 2022 01: +0,1664236800
0.133,3,Sep 28 2022 01: +0,1664323200
0.128,6,Sep 29 2022 01: +0,1664409600
0.126,6,Sep 30 2022 01: +0,1664496000
0.122,5,Oct 01 2022 01: +0,1664582400
0.109,1,Oct 02 2022 01: +0,1664668800
0.134,6,Oct 03 2022 01: +0,1664755200
0.127,6,Oct 04 2022 01: +0,1664841600
0.131,7,Oct 05 2022 01: +0,1664928000
0.139,2,Oct 06 2022 01: +0,1665014400
0.144,6,Oct 07 2022 01: +0,1665100800
0.144,16,Oct 08 2022 01: +0,1665187200
0.156,7,Oct 09 2022 01: +0,1665273600
0.156,7,Oct 10 2022 01: +0,1665360000
0.159,4,Oct 11 2022 01: +0,1665446400
0.153,5,Oct 12 2022 01: +0,1665532800
0.15,2,Oct 13 2022 01: +0,1665619200
0.083,2,Oct 14 2022 01: +0,1665705600
0.141,4,Oct 15 2022 01: +0,1665792000
0.121,4,Oct 16 2022 01: +0,1665878400
0.153,1,Oct 17 2022 01: +0,1665964800
0.152,1,Oct 18 2022 01: +0,1666051200
0.136,7,Oct 19 2022 01: +0,1666137600
0.138,2,Oct 20 2022 01: +0,1666224000
0.161,3,Oct 21 2022 01: +0,1666310400
0.151,9,Oct 22 2022 01: +0,1666396800
0.144,7,Oct 23 2022 01: +0,1666483200
0.132,4,Oct 24 2022 01: +0,1666569600
0.155,1,Oct 25 2022 01: +0,1666656000
0.144,4,Oct 26 2022 01: +0,1666742400
0.166,4,Oct 27 2022 01: +0,1666828800
0.143,2,Oct 28 2022 01: +0,1666915200
0.165,2,Oct 29 2022 01: +0,1667001600
0.158,4,Oct 30 2022 01: +0,1667088000
0.136,3,Oct 31 2022 01: +0,1667178000
0.157,3,Nov 01 2022 01: +0,1667264400
0.16,3,Nov 02 2022 01: +0,1667350800
0.17,4,Nov 03 2022 01: +0,1667437200
0.163,4,Nov 04 2022 01: +0,1667523600
0.164,5,Nov 05 2022 01: +0,1667610000
0.144,3,Nov 06 2022 01: +0,1667696400
0.169,1,Nov 07 2022 01: +0,1667782800
0.169,1,Nov 08 2022 01: +0,1667869200
0.16,2,Nov 09 2022 01: +0,1667955600
0.16,2,Nov 10 2022 01: +0,1668042000
0.156,6,Nov 11 2022 01: +0,1668128400
0.141,8,Nov 12 2022 01: +0,1668214800
0.154,10,Nov 13 2022 01: +0,1668301200
0.161,1,Nov 14 2022 01: +0,1668387600
0.168,2,Nov 15 2022 01: +0,1668474000
0.15,3,Nov 16 2022 01: +0,1668560400
0.165,4,Nov 17 2022 01: +0,1668646800
0.16,4,Nov 18 2022 01: +0,1668733200
0.15,12,Nov 19 2022 01: +0,1668819600
0.167,2,Nov 20 2022 01: +0,1668906000
0.164,2,Nov 21 2022 01: +0,1668992400
0.126,7,Nov 22 2022 01: +0,1669078800
0.123,3,Nov 23 2022 01: +0,1669165200
0.118,5,Nov 24 2022 01: +0,1669251600
0.116,9,Nov 25 2022 01: +0,1669338000
0.127,10,Nov 26 2022 01: +0,1669424400
0.158,6,Nov 27 2022 01: +0,1669510800
0.157,2,Nov 28 2022 01: +0,1669597200
0.159,1,Nov 29 2022 01: +0,1669683600
0.159,2,Nov 30 2022 01: +0,1669770000
0.16,4,Dec 01 2022 01: +0,1669856400
0.154,5,Dec 02 2022 01: +0,1669942800
0.166,3,Dec 03 2022 01: +0,1670029200
0.168,5,Dec 04 2022 01: +0,1670115600
0.176,2,Dec 05 2022 01: +0,1670202000
0.143,4,Dec 06 2022 01: +0,1670288400
0.099,2,Dec 07 2022 01: +0,1670374800
0.172,5,Dec 08 2022 01: +0,1670461200
0.13,2,Dec 09 2022 01: +0,1670547600
0.146,1,Dec 10 2022 01: +0,1670634000
0.158,6,Dec 11 2022 01: +0,1670720400
0.164,4,Dec 12 2022 01: +0,1670806800
0.169,7,Dec 13 2022 01: +0,1670893200
0.179,1,Dec 14 2022 01: +0,1670979600
0.152,1,Dec 15 2022 01: +0,1671066000
0.116,1,Dec 16 2022 01: +0,1671152400
0.152,1,Dec 17 2022 01: +0,1671238800
0.135,5,Dec 18 2022 01: +0,1671325200
0.144,3,Dec 19 2022 01: +0,1671411600
0.135,4,Dec 20 2022 01: +0,1671498000
0.14,4,Dec 21 2022 01: +0,1671584400
0.156,11,Dec 22 2022 01: +0,1671670800
0.116,4,Dec 23 2022 01: +0,1671757200
0.176,1,Dec 24 2022 01: +0,1671843600
0.14,5,Dec 25 2022 01: +0,1671930000
0.115,2,Dec 26 2022 01: +0,1672016400
0.136,8,Dec 27 2022 01: +0,1672102800
0.129,3,Dec 28 2022 01: +0,1672189200
0.103,2,Dec 29 2022 01: +0,1672275600
0.127,3,Dec 30 2022 01: +0,1672362000
0.135,4,Jan 01 2023 01: +0,1672534800
0.113,2,Jan 02 2023 01: +0,1672621200
0.137,3,Jan 03 2023 01: +0,1672707600
0.109,2,Jan 04 2023 01: +0,1672794000
0.112,3,Jan 05 2023 01: +0,1672880400
0.119,9,Jan 06 2023 01: +0,1672966800
0.14,8,Jan 07 2023 01: +0,1673053200
0.163,7,Jan 08 2023 01: +0,1673139600
0.177,3,Jan 09 2023 01: +0,1673226000
0.176,4,Jan 10 2023 01: +0,1673312400
0.17,4,Jan 11 2023 01: +0,1673398800
0.142,1,Jan 12 2023 01: +0,1673485200
0.17,9,Jan 15 2023 01: +0,1673744400
0.167,16,Jan 16 2023 01: +0,1673830800
0.181,4,Jan 17 2023 01: +0,1673917200
0.164,10,Jan 18 2023 01: +0,1674003600
0.172,5,Jan 19 2023 01: +0,1674090000
0.158,7,Jan 21 2023 01: +0,1674262800
0.158,4,Jan 22 2023 01: +0,1674349200
0.141,8,Jan 23 2023 01: +0,1674435600
0.171,3,Jan 24 2023 01: +0,1674522000
0.17,3,Jan 26 2023 01: +0,1674694800
0.171,2,Jan 27 2023 01: +0,1674781200
0.157,3,Jan 28 2023 01: +0,1674867600
0.17,6,Jan 29 2023 01: +0,1674954000
0.142,1,Jan 30 2023 01: +0,1675040400
0.164,3,Jan 31 2023 01: +0,1675126800
0.17,1,Feb 01 2023 01: +0,1675213200
0.16,3,Feb 02 2023 01: +0,1675299600
0.172,1,Feb 03 2023 01: +0,1675386000
0.167,4,Feb 04 2023 01: +0,1675472400
0.152,2,Feb 05 2023 01: +0,1675558800
0.164,7,Feb 06 2023 01: +0,1675645200
0.155,4,Feb 07 2023 01: +0,1675731600
0.143,2,Feb 08 2023 01: +0,1675818000
0.175,4,Feb 09 2023 01: +0,1675904400
0.15,10,Feb 10 2023 01: +0,1675990800
0.156,6,Feb 11 2023 01: +0,1676077200
0.138,9,Feb 12 2023 01: +0,1676163600
0.158,10,Feb 13 2023 01: +0,1676250000
0.173,1,Feb 14 2023 01: +0,1676336400
0.176,1,Feb 15 2023 03: +0,1676430000
0.178,1,Feb 15 2023 05: +0,1676437200
0.133,1,Feb 15 2023 07: +0,1676444400
0.124,1,Feb 15 2023 21: +0,1676494800
0.168,1,Feb 16 2023 00: +0,1676505600
0.176,1,Feb 16 2023 13: +0,1676552400
0.176,1,Feb 16 2023 17: +0,1676566800
0.175,1,Feb 16 2023 20: +0,1676577600
0.176,3,Feb 17 2023 06: +0,1676613600
0.175,1,Feb 17 2023 16: +0,1676649600
0.171,1,Feb 18 2023 07: +0,1676703600
0.162,1,Feb 18 2023 19: +0,1676746800
0.133,1,Feb 18 2023 22: +0,1676757600
0.14,1,Feb 18 2023 23: +0,1676761200
0.159,4,Feb 19 2023 11: +0,1676804400
0.163,1,Feb 19 2023 16: +0,1676822400
0.167,1,Feb 20 2023 14: +0,1676901600
0.173,2,Feb 20 2023 16: +0,1676908800
0.173,1,Feb 20 2023 20: +0,1676923200
0.173,1,Feb 21 2023 03: +0,1676948400
0.173,1,Feb 21 2023 13: +0,1676984400
0.074,1,Feb 21 2023 20: +0,1677009600
0.133,1,Feb 22 2023 01: +0,1677027600
0.167,1,Feb 22 2023 02: +0,1677031200
0.168,1,Feb 22 2023 05: +0,1677042000
0.15,1,Feb 22 2023 18: +0,1677088800
0.15,1,Feb 22 2023 22: +0,1677103200
0.165,4,Feb 22 2023 23: +0,1677106800
0.132,1,Feb 23 2023 04: +0,1677124800
0.155,1,Feb 23 2023 13: +0,1677157200
0.15,1,Feb 23 2023 17: +0,1677171600
0.141,1,Feb 23 2023 19: +0,1677178800
0.141,2,Feb 23 2023 20: +0,1677182400
0.15,1,Feb 23 2023 21: +0,1677186000
0.15,5,Feb 23 2023 22: +0,1677189600
0.169,1,Feb 24 2023 04: +0,1677211200
0.171,1,Feb 24 2023 07: +0,1677222000
0.149,1,Feb 24 2023 09: +0,1677229200
0.131,1,Feb 24 2023 13: +0,1677243600
0.121,2,Feb 24 2023 16: +0,1677254400
0.133,1,Feb 24 2023 17: +0,1677258000
0.153,1,Feb 24 2023 20: +0,1677268800
0.153,1,Feb 25 2023 02: +0,1677290400
0.146,2,Feb 25 2023 11: +0,1677322800
0.111,2,Feb 25 2023 16: +0,1677340800
0.159,1,Feb 25 2023 17: +0,1677344400
0.166,1,Feb 25 2023 20: +0,1677355200
0.129,2,Feb 26 2023 04: +0,1677384000
0.129,1,Feb 26 2023 16: +0,1677427200
0.129,1,Feb 26 2023 18: +0,1677434400
0.113,1,Feb 26 2023 19: +0,1677438000
0.13,1,Feb 26 2023 20: +0,1677441600
0.15,1,Feb 26 2023 23: +0,1677452400
0.159,1,Feb 27 2023 02: +0,1677463200
0.163,2,Feb 27 2023 06: +0,1677477600
0.174,1,Feb 27 2023 13: +0,1677502800
0.174,1,Feb 27 2023 19: +0,1677524400
0.172,1,Feb 27 2023 21: +0,1677531600
0.114,2,Feb 28 2023 01: +0,1677546000
0.131,1,Feb 28 2023 03: +0,1677553200
0.174,2,Feb 28 2023 04: +0,1677556800
0.175,2,Feb 28 2023 05: +0,1677560400
0.175,2,Feb 28 2023 08: +0,1677571200
0.177,2,Feb 28 2023 10: +0,1677578400
0.178,1,Feb 28 2023 13: +0,1677589200
0.162,1,Feb 28 2023 18: +0,1677607200
0.135,2,Feb 28 2023 19: +0,1677610800
0.141,1,Feb 28 2023 20: +0,1677614400
0.172,2,Feb 28 2023 22: +0,1677621600
0.176,1,Mar 01 2023 00: +0,1677628800
0.176,1,Mar 01 2023 01: +0,1677632400
0.132,1,Mar 01 2023 18: +0,1677693600
0.171,1,Mar 01 2023 20: +0,1677700800
0.178,1,Mar 01 2023 21: +0,1677704400
0.177,1,Mar 01 2023 23: +0,1677711600
0.174,1,Mar 02 2023 09: +0,1677747600
0.143,1,Mar 02 2023 10: +0,1677751200
0.176,1,Mar 02 2023 14: +0,1677765600
0.176,4,Mar 02 2023 16: +0,1677772800
0.177,1,Mar 02 2023 19: +0,1677783600
0.141,1,Mar 02 2023 22: +0,1677794400
0.16,1,Mar 03 2023 01: +0,1677805200
0.03,1,Mar 03 2023 08: +0,1677830400
0.158,1,Mar 03 2023 12: +0,1677844800
0.161,1,Mar 03 2023 14: +0,1677852000
0.158,1,Mar 03 2023 15: +0,1677855600
0.141,1,Mar 03 2023 16: +0,1677859200
0.158,1,Mar 03 2023 19: +0,1677870000
0.166,1,Mar 03 2023 20: +0,1677873600
0.168,1,Mar 03 2023 21: +0,1677877200
0.135,1,Mar 03 2023 22: +0,1677880800
0.17,1,Mar 03 2023 23: +0,1677884400
0.17,1,Mar 04 2023 01: +0,1677891600
0.171,1,Mar 04 2023 04: +0,1677902400
0.141,1,Mar 04 2023 08: +0,1677916800
0.165,1,Mar 04 2023 14: +0,1677938400
0.121,1,Mar 04 2023 17: +0,1677949200
0.171,1,Mar 04 2023 23: +0,1677970800
0.171,1,Mar 05 2023 05: +0,1677992400
0.141,1,Mar 05 2023 06: +0,1677996000
0.171,2,Mar 05 2023 11: +0,1678014000
0.173,2,Mar 05 2023 17: +0,1678035600
0.141,1,Mar 05 2023 19: +0,1678042800
0.141,4,Mar 05 2023 21: +0,1678050000
0.12,2,Mar 05 2023 23: +0,1678057200
0.167,1,Mar 06 2023 00: +0,1678060800
0.17,2,Mar 06 2023 05: +0,1678078800
0.175,7,Mar 06 2023 07: +0,1678086000
0.176,1,Mar 06 2023 18: +0,1678125600
0.111,3,Mar 06 2023 22: +0,1678140000
0.176,1,Mar 06 2023 23: +0,1678143600
0.172,1,Mar 07 2023 00: +0,1678147200
0.173,2,Mar 07 2023 11: +0,1678186800
0.167,1,Mar 07 2023 12: +0,1678190400
0.167,1,Mar 07 2023 13: +0,1678194000
0.176,1,Mar 07 2023 18: +0,1678212000
0.176,1,Mar 07 2023 21: +0,1678222800
0.174,2,Mar 07 2023 23: +0,1678230000
0.174,3,Mar 08 2023 03: +0,1678244400
0.13,1,Mar 08 2023 17: +0,1678294800
0.18,1,Mar 08 2023 21: +0,1678309200
0.149,1,Mar 09 2023 11: +0,1678359600
0.149,1,Mar 09 2023 13: +0,1678366800
0.161,1,Mar 09 2023 23: +0,1678402800
0.165,1,Mar 10 2023 04: +0,1678420800
0.158,1,Mar 10 2023 11: +0,1678446000
0.162,1,Mar 10 2023 17: +0,1678467600
0.158,1,Mar 10 2023 21: +0,1678482000
0.155,2,Mar 10 2023 23: +0,1678489200
0.155,2,Mar 11 2023 00: +0,1678492800
0.16,2,Mar 11 2023 05: +0,1678510800
0.174,1,Mar 11 2023 07: +0,1678518000
0.143,1,Mar 11 2023 17: +0,1678554000
0.111,1,Mar 12 2023 00: +0,1678579200
0.111,1,Mar 12 2023 03: +0,1678590000
0.137,2,Mar 12 2023 12: +0,1678622400
0.153,1,Mar 12 2023 13: +0,1678626000
0.111,2,Mar 12 2023 14: +0,1678629600
0.141,1,Mar 12 2023 17: +0,1678640400
0.165,2,Mar 12 2023 19: +0,1678647600
0.141,6,Mar 13 2023 01: +0,1678669200
0.137,2,Mar 13 2023 08: +0,1678694400
0.11,2,Mar 13 2023 09: +0,1678698000
0.162,2,Mar 13 2023 11: +0,1678705200
0.14,1,Mar 13 2023 12: +0,1678708800
0.17,1,Mar 13 2023 17: +0,1678726800
0.138,1,Mar 13 2023 18: +0,1678730400
0.106,1,Mar 14 2023 11: +0,1678791600
0.171,1,Mar 14 2023 12: +0,1678795200
0.169,1,Mar 14 2023 16: +0,1678809600
0.173,1,Mar 14 2023 21: +0,1678827600
0.153,1,Mar 14 2023 22: +0,1678831200
0.171,9,Mar 14 2023 23: +0,1678834800
0.176,12,Mar 15 2023 00: +0,1678838400
0.191,1,Mar 15 2023 03: +0,1678849200
0.125,1,Mar 15 2023 05: +0,1678856400
0.182,1,Mar 15 2023 06: +0,1678860000
0.178,1,Mar 15 2023 15: +0,1678892400
0.175,1,Mar 15 2023 21: +0,1678914000
0.166,1,Mar 16 2023 02: +0,1678932000
0.125,1,Mar 16 2023 10: +0,1678960800
0.165,1,Mar 16 2023 11: +0,1678964400
0.141,1,Mar 16 2023 17: +0,1678986000
0.105,1,Mar 16 2023 19: +0,1678993200
0.135,1,Mar 17 2023 09: +0,1679043600
0.143,1,Mar 17 2023 10: +0,1679047200
0.149,1,Mar 17 2023 11: +0,1679050800
0.135,1,Mar 17 2023 12: +0,1679054400
0.149,1,Mar 17 2023 18: +0,1679076000
0.109,2,Mar 17 2023 20: +0,1679083200
0.15,1,Mar 18 2023 01: +0,1679101200
0.15,3,Mar 18 2023 06: +0,1679119200
0.158,1,Mar 18 2023 10: +0,1679133600
0.15,2,Mar 18 2023 12: +0,1679140800
0.157,1,Mar 18 2023 13: +0,1679144400
0.171,2,Mar 18 2023 15: +0,1679151600
0.18,1,Mar 18 2023 20: +0,1679169600
0.18,1,Mar 19 2023 00: +0,1679184000
0.175,2,Mar 19 2023 05: +0,1679202000
0.109,1,Mar 19 2023 10: +0,1679220000
0.179,1,Mar 19 2023 11: +0,1679223600
0.147,5,Mar 19 2023 13: +0,1679230800
0.182,1,Mar 19 2023 18: +0,1679248800
0.157,2,Mar 19 2023 23: +0,1679266800
0.183,1,Mar 20 2023 00: +0,1679270400
0.186,10,Mar 20 2023 07: +0,1679295600
0.186,10,Mar 20 2023 09: +0,1679302800
0.109,1,Mar 20 2023 11: +0,1679310000
0.159,1,Mar 20 2023 12: +0,1679313600
0.187,2,Mar 20 2023 13: +0,1679317200
0.189,1,Mar 20 2023 14: +0,1679320800
0.185,1,Mar 20 2023 16: +0,1679328000
0.147,1,Mar 20 2023 20: +0,1679342400
0.11,1,Mar 20 2023 23: +0,1679353200
0.191,1,Mar 21 2023 00: +0,1679356800
0.19,1,Mar 21 2023 01: +0,1679360400
0.194,10,Mar 21 2023 03: +0,1679367600
0.198,1,Mar 21 2023 05: +0,1679374800
0.151,1,Mar 21 2023 11: +0,1679396400
0.198,20,Mar 21 2023 13: +0,1679403600
0.2,1,Mar 21 2023 19: +0,1679425200
0.195,1,Mar 21 2023 21: +0,1679432400
0.164,1,Mar 22 2023 01: +0,1679446800
0.164,1,Mar 22 2023 07: +0,1679468400
0.182,5,Mar 22 2023 09: +0,1679475600
0.172,1,Mar 22 2023 14: +0,1679493600
0.182,8,Mar 22 2023 15: +0,1679497200
0.182,10,Mar 22 2023 17: +0,1679504400
0.182,1,Mar 22 2023 18: +0,1679508000
0.193,1,Mar 22 2023 21: +0,1679518800
0.196,1,Mar 22 2023 22: +0,1679522400
0.233,17,Mar 22 2023 23: +0,1679526000
0.33,51,Mar 23 2023 00: +0,1679529600
0.555,1,Mar 23 2023 01: +0,1679533200
0.52,4,Mar 23 2023 10: +0,1679565600
0.165,1,Mar 23 2023 16: +0,1679587200
0.237,1,Mar 23 2023 22: +0,1679608800
0.229,1,Mar 24 2023 00: +0,1679616000
0.229,1,Mar 24 2023 01: +0,1679619600
0.221,1,Mar 24 2023 19: +0,1679684400
0.172,1,Mar 24 2023 22: +0,1679695200
0.202,1,Mar 25 2023 00: +0,1679702400
0.202,1,Mar 25 2023 02: +0,1679709600
0.156,1,Mar 25 2023 04: +0,1679716800
0.2,1,Mar 25 2023 12: +0,1679745600
0.2,3,Mar 25 2023 13: +0,1679749200
0.191,4,Mar 25 2023 15: +0,1679756400
0.2,3,Mar 25 2023 16: +0,1679760000
0.182,1,Mar 25 2023 17: +0,1679763600
0.184,2,Mar 25 2023 18: +0,1679767200
0.198,1,Mar 25 2023 19: +0,1679770800
0.181,1,Mar 25 2023 20: +0,1679774400
0.198,1,Mar 25 2023 21: +0,1679778000
0.174,7,Mar 26 2023 08: +0,1679814000
0.184,3,Mar 26 2023 10: +0,1679821200
0.193,3,Mar 26 2023 15: +0,1679839200
0.159,1,Mar 26 2023 16: +0,1679842800
0.201,1,Mar 26 2023 17: +0,1679846400
0.25,1,Mar 26 2023 19: +0,1679853600
0.242,1,Mar 26 2023 21: +0,1679860800
0.245,1,Mar 26 2023 23: +0,1679868000
0.245,1,Mar 27 2023 02: +0,1679878800
0.242,3,Mar 27 2023 03: +0,1679882400
0.224,3,Mar 27 2023 10: +0,1679907600
0.23,1,Mar 27 2023 20: +0,1679943600
0.201,1,Mar 27 2023 23: +0,1679954400
0.205,2,Mar 28 2023 04: +0,1679972400
0.232,2,Mar 28 2023 05: +0,1679976000
0.187,1,Mar 28 2023 07: +0,1679983200
0.229,1,Mar 28 2023 13: +0,1680004800
0.231,4,Mar 28 2023 14: +0,1680008400
0.241,1,Mar 28 2023 15: +0,1680012000
0.245,3,Mar 28 2023 16: +0,1680015600
0.203,3,Mar 28 2023 17: +0,1680019200
0.244,4,Mar 28 2023 18: +0,1680022800
0.22,1,Mar 29 2023 00: +0,1680044400
0.22,5,Mar 29 2023 04: +0,1680058800
0.218,1,Mar 29 2023 05: +0,1680062400
0.121,1,Mar 29 2023 06: +0,1680066000
0.22,5,Mar 29 2023 09: +0,1680076800
0.121,1,Mar 29 2023 10: +0,1680080400
0.24,1,Mar 29 2023 15: +0,1680098400
0.197,2,Mar 29 2023 19: +0,1680112800
0.234,1,Mar 29 2023 20: +0,1680116400
0.239,1,Mar 29 2023 21: +0,1680120000
0.239,2,Mar 29 2023 22: +0,1680123600
0.239,1,Mar 29 2023 23: +0,1680127200
0.194,4,Mar 30 2023 04: +0,1680145200
0.238,2,Mar 30 2023 07: +0,1680156000
0.211,1,Mar 30 2023 10: +0,1680166800
0.26,22,Mar 30 2023 12: +0,1680174000
0.316,2,Mar 30 2023 13: +0,1680177600
0.205,1,Mar 30 2023 14: +0,1680181200
0.307,3,Mar 30 2023 15: +0,1680184800
0.316,2,Mar 30 2023 16: +0,1680188400
0.265,3,Mar 30 2023 17: +0,1680192000
0.316,1,Mar 30 2023 18: +0,1680195600
0.314,1,Mar 30 2023 22: +0,1680210000
0.268,1,Mar 30 2023 23: +0,1680213600
0.304,1,Mar 31 2023 00: +0,1680217200
0.314,3,Mar 31 2023 03: +0,1680228000
0.314,1,Mar 31 2023 04: +0,1680231600
0.314,1,Mar 31 2023 07: +0,1680242400
0.311,2,Mar 31 2023 10: +0,1680253200
0.22,1,Mar 31 2023 11: +0,1680256800
0.255,1,Mar 31 2023 13: +0,1680264000
0.322,1,Mar 31 2023 18: +0,1680282000
0.329,3,Mar 31 2023 20: +0,1680289200
0.363,1,Apr 01 2023 00: +0,1680303600
0.311,1,Apr 01 2023 09: +0,1680336000
0.36,6,Apr 01 2023 20: +0,1680375600
0.365,2,Apr 01 2023 21: +0,1680379200
0.446,1,Apr 01 2023 22: +0,1680382800
0.267,1,Apr 02 2023 01: +0,1680393600
0.279,1,Apr 02 2023 05: +0,1680408000
0.418,1,Apr 02 2023 07: +0,1680415200
0.413,1,Apr 02 2023 17: +0,1680451200
0.378,1,Apr 02 2023 20: +0,1680462000
0.299,2,Apr 03 2023 00: +0,1680476400
0.33,3,Apr 03 2023 07: +0,1680501600
0.361,1,Apr 03 2023 10: +0,1680512400
0.363,3,Apr 03 2023 13: +0,1680523200
0.366,1,Apr 03 2023 14: +0,1680526800
0.398,10,Apr 03 2023 15: +0,1680530400
0.34,1,Apr 03 2023 16: +0,1680534000
0.333,1,Apr 03 2023 17: +0,1680537600
0.384,2,Apr 03 2023 18: +0,1680541200
0.397,2,Apr 03 2023 20: +0,1680548400
0.352,2,Apr 03 2023 21: +0,1680552000
0.394,2,Apr 03 2023 22: +0,1680555600
0.252,2,Apr 03 2023 23: +0,1680559200
0.398,1,Apr 04 2023 00: +0,1680562800
0.315,1,Apr 04 2023 01: +0,1680566400
0.397,12,Apr 04 2023 02: +0,1680570000
0.409,1,Apr 04 2023 06: +0,1680584400
0.43,10,Apr 04 2023 08: +0,1680591600
0.414,1,Apr 04 2023 10: +0,1680598800
0.445,1,Apr 04 2023 12: +0,1680606000
0.445,1,Apr 04 2023 13: +0,1680609600
0.451,1,Apr 04 2023 15: +0,1680616800
0.441,3,Apr 04 2023 19: +0,1680631200
0.463,2,Apr 04 2023 22: +0,1680642000
0.438,2,Apr 05 2023 04: +0,1680663600
0.43,1,Apr 05 2023 05: +0,1680667200
0.452,1,Apr 05 2023 07: +0,1680674400
0.425,2,Apr 05 2023 10: +0,1680685200
0.46,2,Apr 05 2023 11: +0,1680688800
0.425,4,Apr 05 2023 12: +0,1680692400
0.382,4,Apr 05 2023 20: +0,1680721200
0.425,1,Apr 06 2023 00: +0,1680735600
0.455,1,Apr 06 2023 01: +0,1680739200
0.427,2,Apr 06 2023 03: +0,1680746400
0.39,1,Apr 06 2023 05: +0,1680753600
0.466,1,Apr 06 2023 10: +0,1680771600
0.448,2,Apr 06 2023 19: +0,1680804000
0.449,1,Apr 06 2023 20: +0,1680807600
0.42,2,Apr 06 2023 23: +0,1680818400
0.403,1,Apr 07 2023 04: +0,1680836400
0.395,1,Apr 07 2023 05: +0,1680840000
0.338,1,Apr 07 2023 10: +0,1680858000
0.29,1,Apr 07 2023 20: +0,1680894000
0.323,1,Apr 07 2023 21: +0,1680897600
0.405,2,Apr 08 2023 01: +0,1680912000
0.365,2,Apr 08 2023 03: +0,1680919200
0.315,1,Apr 08 2023 06: +0,1680930000
0.368,2,Apr 08 2023 09: +0,1680940800
0.334,1,Apr 08 2023 10: +0,1680944400
0.407,1,Apr 08 2023 11: +0,1680948000
0.339,1,Apr 08 2023 17: +0,1680969600
0.315,1,Apr 08 2023 19: +0,1680976800
0.242,1,Apr 08 2023 21: +0,1680984000
0.389,1,Apr 09 2023 01: +0,1680998400
0.323,1,Apr 09 2023 03: +0,1681005600
0.334,1,Apr 09 2023 10: +0,1681030800
0.362,7,Apr 09 2023 12: +0,1681038000
0.394,1,Apr 09 2023 16: +0,1681052400
0.378,1,Apr 09 2023 20: +0,1681066800
0.387,1,Apr 09 2023 22: +0,1681074000
0.392,1,Apr 09 2023 23: +0,1681077600
0.392,1,Apr 10 2023 01: +0,1681084800
0.394,1,Apr 10 2023 13: +0,1681128000
0.395,2,Apr 10 2023 19: +0,1681149600
0.338,1,Apr 10 2023 22: +0,1681160400
0.331,2,Apr 11 2023 00: +0,1681167600
0.363,1,Apr 11 2023 10: +0,1681203600
0.377,4,Apr 11 2023 11: +0,1681207200
0.388,1,Apr 11 2023 22: +0,1681246800
0.381,2,Apr 12 2023 01: +0,1681257600
0.321,2,Apr 12 2023 02: +0,1681261200
0.388,3,Apr 12 2023 03: +0,1681264800
0.325,1,Apr 12 2023 18: +0,1681318800
0.343,1,Apr 13 2023 00: +0,1681340400
0.361,1,Apr 13 2023 01: +0,1681344000
0.248,1,Apr 13 2023 04: +0,1681354800
0.36,1,Apr 13 2023 13: +0,1681387200
0.328,2,Apr 13 2023 21: +0,1681416000
0.307,1,Apr 13 2023 23: +0,1681423200
0.265,1,Apr 14 2023 00: +0,1681426800
0.264,1,Apr 14 2023 03: +0,1681437600
0.321,1,Apr 14 2023 04: +0,1681441200
0.261,2,Apr 14 2023 09: +0,1681459200
0.309,2,Apr 14 2023 12: +0,1681470000
0.273,1,Apr 14 2023 21: +0,1681502400
0.387,1,Apr 14 2023 23: +0,1681509600
0.267,1,Apr 15 2023 07: +0,1681538400
0.265,1,Apr 16 2023 01: +0,1681603200
0.268,4,Apr 16 2023 02: +0,1681606800
0.282,1,Apr 16 2023 03: +0,1681610400
0.38,1,Apr 16 2023 09: +0,1681632000
0.257,1,Apr 16 2023 22: +0,1681678800
0.265,1,Apr 17 2023 04: +0,1681700400
0.235,1,Apr 17 2023 07: +0,1681711200
0.294,2,Apr 17 2023 11: +0,1681725600
0.341,1,Apr 17 2023 12: +0,1681729200
0.29,1,Apr 17 2023 19: +0,1681754400
0.315,1,Apr 18 2023 01: +0,1681776000
0.203,1,Apr 18 2023 02: +0,1681779600
0.204,1,Apr 18 2023 03: +0,1681783200
0.3,1,Apr 18 2023 09: +0,1681804800
0.307,1,Apr 18 2023 10: +0,1681808400
0.317,1,Apr 18 2023 18: +0,1681837200
0.315,1,Apr 18 2023 19: +0,1681840800
0.332,9,Apr 18 2023 20: +0,1681844400
0.363,1,Apr 18 2023 22: +0,1681851600
0.306,1,Apr 19 2023 04: +0,1681873200
0.361,1,Apr 19 2023 05: +0,1681876800
0.341,1,Apr 19 2023 06: +0,1681880400
0.36,1,Apr 19 2023 12: +0,1681902000
0.353,2,Apr 19 2023 20: +0,1681930800
0.361,1,Apr 19 2023 21: +0,1681934400
0.365,1,Apr 20 2023 00: +0,1681945200
0.307,1,Apr 20 2023 03: +0,1681956000
0.365,3,Apr 20 2023 06: +0,1681966800
0.29,1,Apr 20 2023 12: +0,1681988400
0.29,1,Apr 20 2023 13: +0,1681992000
0.351,1,Apr 20 2023 14: +0,1681995600
0.353,1,Apr 20 2023 15: +0,1681999200
0.201,1,Apr 21 2023 10: +0,1682067600
0.294,1,Apr 21 2023 15: +0,1682085600
0.282,1,Apr 21 2023 16: +0,1682089200
0.268,1,Apr 22 2023 00: +0,1682118000
0.263,4,Apr 22 2023 03: +0,1682128800
0.258,1,Apr 22 2023 09: +0,1682150400
0.235,1,Apr 22 2023 13: +0,1682164800
0.267,1,Apr 22 2023 17: +0,1682179200
0.267,1,Apr 22 2023 19: +0,1682186400
0.267,4,Apr 22 2023 21: +0,1682193600
0.3,1,Apr 22 2023 22: +0,1682197200
0.315,1,Apr 23 2023 02: +0,1682211600
0.236,1,Apr 23 2023 03: +0,1682215200
0.22,1,Apr 23 2023 08: +0,1682233200
0.326,1,Apr 23 2023 11: +0,1682244000
0.333,1,Apr 23 2023 20: +0,1682276400
0.337,2,Apr 23 2023 21: +0,1682280000
0.309,1,Apr 24 2023 06: +0,1682312400
0.257,1,Apr 24 2023 09: +0,1682323200
0.319,1,Apr 24 2023 10: +0,1682326800
0.256,1,Apr 24 2023 14: +0,1682341200
0.256,1,Apr 24 2023 17: +0,1682352000
0.201,1,Apr 24 2023 18: +0,1682355600
0.255,1,Apr 24 2023 21: +0,1682366400
0.253,1,Apr 25 2023 02: +0,1682384400
0.257,1,Apr 25 2023 03: +0,1682388000
0.252,2,Apr 25 2023 04: +0,1682391600
0.262,3,Apr 25 2023 07: +0,1682402400
0.263,1,Apr 25 2023 12: +0,1682420400
0.268,1,Apr 25 2023 14: +0,1682427600
0.284,1,Apr 25 2023 18: +0,1682442000
0.295,1,Apr 25 2023 22: +0,1682456400
0.263,1,Apr 26 2023 07: +0,1682488800
0.257,2,Apr 26 2023 08: +0,1682492400
0.257,11,Apr 26 2023 11: +0,1682503200
0.236,1,Apr 27 2023 03: +0,1682560800
0.231,1,Apr 27 2023 12: +0,1682593200
0.21,2,Apr 27 2023 13: +0,1682596800
0.204,1,Apr 27 2023 14: +0,1682600400
0.237,1,Apr 27 2023 15: +0,1682604000
0.239,1,Apr 27 2023 18: +0,1682614800
0.157,1,Apr 28 2023 12: +0,1682679600
0.276,1,Apr 28 2023 15: +0,1682690400
0.277,1,Apr 28 2023 16: +0,1682694000
0.283,1,Apr 29 2023 02: +0,1682730000
0.286,1,Apr 29 2023 14: +0,1682773200
0.266,1,Apr 29 2023 19: +0,1682791200
0.184,3,Apr 29 2023 21: +0,1682798400
0.289,1,Apr 30 2023 01: +0,1682812800
0.182,1,Apr 30 2023 03: +0,1682820000
0.285,1,Apr 30 2023 09: +0,1682841600
0.289,1,Apr 30 2023 18: +0,1682874000
0.211,1,Apr 30 2023 20: +0,1682881200
0.208,3,May 01 2023 14: +0,1682946000
0.179,1,May 01 2023 15: +0,1682949600
0.185,1,May 01 2023 17: +0,1682956800
0.224,1,May 02 2023 00: +0,1682982000
0.223,3,May 02 2023 05: +0,1683000000
0.218,1,May 02 2023 06: +0,1683003600
0.202,1,May 02 2023 14: +0,1683032400
0.234,1,May 02 2023 19: +0,1683050400
0.236,3,May 02 2023 20: +0,1683054000
0.242,1,May 03 2023 02: +0,1683075600
0.246,2,May 03 2023 10: +0,1683104400
0.246,1,May 03 2023 17: +0,1683129600
0.247,2,May 03 2023 19: +0,1683136800
0.251,2,May 04 2023 00: +0,1683154800
0.262,4,May 04 2023 02: +0,1683162000
0.24,1,May 04 2023 03: +0,1683165600
0.197,1,May 04 2023 11: +0,1683194400
0.276,1,May 04 2023 14: +0,1683205200
0.207,1,May 05 2023 07: +0,1683266400
0.193,1,May 05 2023 09: +0,1683273600
0.221,1,May 05 2023 15: +0,1683295200
0.183,4,May 05 2023 21: +0,1683316800
0.245,1,May 06 2023 00: +0,1683327600
0.238,1,May 06 2023 03: +0,1683338400
0.183,1,May 06 2023 11: +0,1683367200
0.183,1,May 06 2023 12: +0,1683370800
0.183,1,May 06 2023 17: +0,1683388800
0.166,2,May 06 2023 18: +0,1683392400
0.201,1,May 06 2023 21: +0,1683403200
0.136,4,May 07 2023 01: +0,1683417600
0.195,1,May 07 2023 07: +0,1683439200
0.188,2,May 07 2023 08: +0,1683442800
0.183,1,May 07 2023 10: +0,1683450000
0.19,8,May 07 2023 11: +0,1683453600
0.179,1,May 07 2023 22: +0,1683493200
0.185,4,May 08 2023 02: +0,1683507600
0.197,2,May 08 2023 03: +0,1683511200
0.166,1,May 08 2023 19: +0,1683568800
0.172,1,May 08 2023 21: +0,1683576000
0.16,1,May 08 2023 23: +0,1683583200
0.183,1,May 09 2023 01: +0,1683590400
0.183,4,May 09 2023 06: +0,1683608400
0.12,1,May 09 2023 14: +0,1683637200
0.123,1,May 09 2023 15: +0,1683640800
0.199,1,May 09 2023 18: +0,1683651600
0.201,1,May 09 2023 23: +0,1683669600
0.151,1,May 10 2023 07: +0,1683698400
0.171,1,May 10 2023 15: +0,1683727200
0.171,1,May 10 2023 21: +0,1683748800
0.17,2,May 10 2023 22: +0,1683752400
0.198,1,May 11 2023 05: +0,1683777600
0.198,1,May 11 2023 15: +0,1683813600
0.173,1,May 11 2023 19: +0,1683828000
0.16,1,May 11 2023 20: +0,1683831600
0.193,1,May 11 2023 23: +0,1683842400
0.198,1,May 12 2023 04: +0,1683860400
0.152,3,May 12 2023 08: +0,1683874800
0.201,1,May 12 2023 11: +0,1683885600
0.2,1,May 12 2023 15: +0,1683900000
0.225,5,May 13 2023 03: +0,1683943200
0.182,1,May 13 2023 07: +0,1683957600
0.232,1,May 13 2023 22: +0,1684011600
0.162,1,May 14 2023 01: +0,1684022400
0.195,2,May 14 2023 04: +0,1684033200
0.219,1,May 14 2023 06: +0,1684040400
0.127,2,May 14 2023 12: +0,1684062000
0.163,2,May 14 2023 18: +0,1684083600
0.135,1,May 14 2023 22: +0,1684098000
0.222,2,May 15 2023 02: +0,1684112400
0.164,1,May 15 2023 04: +0,1684119600
0.165,1,May 15 2023 05: +0,1684123200
0.116,1,May 15 2023 16: +0,1684162800
0.195,1,May 16 2023 12: +0,1684234800
0.141,2,May 16 2023 14: +0,1684242000
0.11,1,May 16 2023 17: +0,1684252800
0.2,1,May 17 2023 00: +0,1684278000
0.193,1,May 17 2023 01: +0,1684281600
0.193,1,May 17 2023 07: +0,1684303200
0.16,1,May 17 2023 08: +0,1684306800
0.2,1,May 17 2023 11: +0,1684317600
0.16,1,May 17 2023 15: +0,1684332000
0.194,1,May 17 2023 16: +0,1684335600
0.195,1,May 17 2023 17: +0,1684339200
0.15,1,May 17 2023 18: +0,1684342800
0.17,1,May 17 2023 22: +0,1684357200
0.201,4,May 18 2023 04: +0,1684378800
0.2,1,May 18 2023 08: +0,1684393200
0.161,1,May 18 2023 17: +0,1684425600
0.185,1,May 18 2023 18: +0,1684429200
0.187,1,May 18 2023 21: +0,1684440000
0.201,1,May 18 2023 22: +0,1684443600
0.209,4,May 19 2023 01: +0,1684454400
0.217,1,May 19 2023 10: +0,1684486800
0.217,1,May 19 2023 13: +0,1684497600
0.193,1,May 19 2023 14: +0,1684501200
0.226,1,May 19 2023 23: +0,1684533600
0.13,1,May 20 2023 01: +0,1684540800
0.153,1,May 20 2023 13: +0,1684584000
0.175,2,May 20 2023 18: +0,1684602000
0.153,1,May 20 2023 21: +0,1684612800
0.161,3,May 20 2023 23: +0,1684620000
0.185,1,May 21 2023 00: +0,1684623600
0.199,4,May 21 2023 01: +0,1684627200
0.224,2,May 21 2023 02: +0,1684630800
0.218,2,May 21 2023 03: +0,1684634400
0.161,1,May 21 2023 08: +0,1684652400
0.217,4,May 21 2023 12: +0,1684666800
0.245,4,May 21 2023 13: +0,1684670400
0.241,1,May 21 2023 14: +0,1684674000
0.175,3,May 21 2023 15: +0,1684677600
0.24,1,May 21 2023 18: +0,1684688400
0.236,1,May 22 2023 01: +0,1684713600
0.212,1,May 23 2023 03: +0,1684807200
0.174,1,May 23 2023 06: +0,1684818000
0.15,1,May 23 2023 10: +0,1684832400
0.153,1,May 23 2023 18: +0,1684861200
0.145,1,May 23 2023 20: +0,1684868400
0.185,1,May 24 2023 02: +0,1684890000
0.135,2,May 24 2023 06: +0,1684904400
0.161,3,May 24 2023 13: +0,1684929600
0.134,3,May 24 2023 14: +0,1684933200
0.179,5,May 24 2023 19: +0,1684951200
0.111,1,May 24 2023 20: +0,1684954800
0.131,1,May 25 2023 00: +0,1684969200
0.159,1,May 25 2023 14: +0,1685019600
0.191,1,May 25 2023 18: +0,1685034000
0.188,1,May 25 2023 19: +0,1685037600
0.177,1,May 26 2023 00: +0,1685055600
0.164,1,May 26 2023 07: +0,1685080800
0.183,1,May 26 2023 08: +0,1685084400
0.16,1,May 26 2023 11: +0,1685095200
0.19,3,May 26 2023 15: +0,1685109600
0.186,1,May 26 2023 18: +0,1685120400
0.199,3,May 26 2023 19: +0,1685124000
0.208,1,May 27 2023 14: +0,1685192400
0.208,1,May 27 2023 16: +0,1685199600
0.171,1,May 28 2023 03: +0,1685239200
0.16,1,May 28 2023 08: +0,1685257200
0.171,1,May 28 2023 10: +0,1685264400
0.165,1,May 28 2023 13: +0,1685275200
0.157,2,May 28 2023 14: +0,1685278800
0.15,2,May 28 2023 16: +0,1685286000
0.134,1,May 28 2023 18: +0,1685293200
0.176,5,May 28 2023 19: +0,1685296800
0.146,1,May 29 2023 10: +0,1685350800
0.11,1,May 29 2023 14: +0,1685365200
0.146,1,May 29 2023 16: +0,1685372400
0.17,1,May 29 2023 18: +0,1685379600
0.177,3,May 29 2023 22: +0,1685394000
0.195,2,May 30 2023 02: +0,1685408400
0.164,1,May 30 2023 04: +0,1685415600
0.16,1,May 30 2023 11: +0,1685440800
0.145,1,May 30 2023 12: +0,1685444400
0.204,7,May 30 2023 14: +0,1685451600
0.212,4,May 30 2023 15: +0,1685455200
0.215,1,May 30 2023 16: +0,1685458800
0.18,1,May 30 2023 17: +0,1685462400
0.177,1,May 30 2023 20: +0,1685473200
0.203,1,May 30 2023 21: +0,1685476800
0.213,1,May 30 2023 22: +0,1685480400
0.231,3,May 31 2023 00: +0,1685487600
0.209,4,May 31 2023 07: +0,1685512800
0.243,1,May 31 2023 08: +0,1685516400
0.209,1,May 31 2023 11: +0,1685527200
0.208,1,May 31 2023 13: +0,1685534400
0.21,3,May 31 2023 16: +0,1685545200
0.209,1,May 31 2023 19: +0,1685556000
0.21,1,May 31 2023 20: +0,1685559600
0.212,1,Jun 01 2023 00: +0,1685574000
0.157,1,Jun 01 2023 02: +0,1685581200
0.163,1,Jun 01 2023 03: +0,1685584800
0.151,1,Jun 01 2023 11: +0,1685613600
0.213,1,Jun 01 2023 14: +0,1685624400
0.269,19,Jun 01 2023 16: +0,1685631600
0.162,2,Jun 01 2023 20: +0,1685646000
0.191,1,Jun 01 2023 23: +0,1685656800
0.168,1,Jun 02 2023 15: +0,1685714400
0.184,1,Jun 02 2023 18: +0,1685725200
0.181,1,Jun 02 2023 22: +0,1685739600
0.168,1,Jun 03 2023 07: +0,1685772000
0.164,3,Jun 03 2023 14: +0,1685797200
0.149,1,Jun 03 2023 17: +0,1685808000
0.18,1,Jun 03 2023 19: +0,1685815200
0.186,1,Jun 03 2023 23: +0,1685829600
0.16,1,Jun 04 2023 00: +0,1685833200
0.173,2,Jun 04 2023 03: +0,1685844000
0.184,1,Jun 04 2023 11: +0,1685872800
0.186,1,Jun 04 2023 16: +0,1685890800
0.127,1,Jun 04 2023 18: +0,1685898000
0.168,1,Jun 05 2023 00: +0,1685919600
0.138,1,Jun 05 2023 05: +0,1685937600
0.144,1,Jun 05 2023 07: +0,1685944800
0.152,1,Jun 05 2023 09: +0,1685952000
0.155,1,Jun 05 2023 10: +0,1685955600
0.173,2,Jun 05 2023 17: +0,1685980800
0.18,4,Jun 05 2023 22: +0,1685998800
0.181,1,Jun 06 2023 00: +0,1686006000
0.186,1,Jun 06 2023 03: +0,1686016800
0.184,1,Jun 06 2023 05: +0,1686024000
0.186,1,Jun 06 2023 09: +0,1686038400
0.192,1,Jun 06 2023 15: +0,1686060000
0.177,1,Jun 06 2023 20: +0,1686078000
0.173,1,Jun 06 2023 23: +0,1686088800
0.179,1,Jun 07 2023 05: +0,1686110400
0.193,1,Jun 07 2023 18: +0,1686157200
0.16,1,Jun 07 2023 23: +0,1686175200
0.146,1,Jun 08 2023 01: +0,1686182400
0.145,1,Jun 08 2023 02: +0,1686186000
0.145,3,Jun 08 2023 05: +0,1686196800
0.145,1,Jun 08 2023 06: +0,1686200400
0.152,1,Jun 08 2023 07: +0,1686204000
0.148,1,Jun 08 2023 09: +0,1686211200
0.147,1,Jun 08 2023 10: +0,1686214800
0.152,5,Jun 08 2023 12: +0,1686222000
0.145,2,Jun 08 2023 14: +0,1686229200
0.191,5,Jun 08 2023 17: +0,1686240000
0.197,1,Jun 08 2023 20: +0,1686250800
0.17,2,Jun 08 2023 21: +0,1686254400
0.196,1,Jun 09 2023 01: +0,1686268800
0.132,1,Jun 09 2023 18: +0,1686330000
0.126,1,Jun 09 2023 19: +0,1686333600
0.151,1,Jun 10 2023 00: +0,1686351600
0.178,1,Jun 10 2023 15: +0,1686405600
0.15,1,Jun 10 2023 22: +0,1686430800
0.181,1,Jun 11 2023 16: +0,1686495600
0.15,2,Jun 11 2023 20: +0,1686510000
0.154,1,Jun 11 2023 23: +0,1686520800
0.129,1,Jun 12 2023 00: +0,1686524400
0.154,1,Jun 12 2023 01: +0,1686528000
0.139,2,Jun 12 2023 02: +0,1686531600
0.18,4,Jun 12 2023 03: +0,1686535200
0.133,35,Jun 12 2023 08: +0,1686553200
0.134,1,Jun 12 2023 13: +0,1686571200
0.163,1,Jun 12 2023 14: +0,1686574800
0.14,2,Jun 12 2023 16: +0,1686582000
0.164,1,Jun 12 2023 17: +0,1686585600
0.148,2,Jun 12 2023 20: +0,1686596400
0.177,1,Jun 12 2023 22: +0,1686603600
0.178,1,Jun 13 2023 01: +0,1686614400
0.176,1,Jun 13 2023 09: +0,1686643200
0.168,4,Jun 13 2023 14: +0,1686661200
0.17,1,Jun 13 2023 19: +0,1686679200
0.166,1,Jun 13 2023 23: +0,1686693600
0.172,3,Jun 14 2023 00: +0,1686697200
0.17,2,Jun 14 2023 13: +0,1686744000
0.172,1,Jun 14 2023 15: +0,1686751200
0.175,1,Jun 14 2023 16: +0,1686754800
0.176,6,Jun 14 2023 17: +0,1686758400
0.176,1,Jun 14 2023 21: +0,1686772800
0.178,4,Jun 14 2023 22: +0,1686776400
0.178,1,Jun 15 2023 17: +0,1686844800
0.177,1,Jun 15 2023 18: +0,1686848400
0.163,2,Jun 15 2023 20: +0,1686855600
0.18,1,Jun 15 2023 22: +0,1686862800
0.148,1,Jun 16 2023 02: +0,1686877200
0.181,1,Jun 16 2023 10: +0,1686906000
0.186,1,Jun 16 2023 17: +0,1686931200
0.156,1,Jun 16 2023 21: +0,1686945600
0.179,8,Jun 17 2023 02: +0,1686963600
0.186,2,Jun 17 2023 04: +0,1686970800
0.191,1,Jun 17 2023 08: +0,1686985200
0.193,1,Jun 17 2023 21: +0,1687032000
0.196,1,Jun 18 2023 01: +0,1687046400
0.176,2,Jun 18 2023 02: +0,1687050000
0.148,1,Jun 18 2023 04: +0,1687057200
0.164,3,Jun 18 2023 10: +0,1687078800
0.133,1,Jun 18 2023 14: +0,1687093200
0.195,1,Jun 18 2023 15: +0,1687096800
0.232,1,Jun 18 2023 16: +0,1687100400
0.164,1,Jun 18 2023 20: +0,1687114800
0.255,2,Jun 18 2023 21: +0,1687118400
0.176,2,Jun 19 2023 18: +0,1687194000
0.262,1,Jun 20 2023 04: +0,1687230000
0.177,1,Jun 20 2023 21: +0,1687291200
0.197,1,Jun 21 2023 01: +0,1687305600
0.165,1,Jun 21 2023 05: +0,1687320000
0.213,1,Jun 21 2023 09: +0,1687334400
0.18,1,Jun 21 2023 16: +0,1687359600
0.244,3,Jun 21 2023 22: +0,1687381200
0.252,1,Jun 21 2023 23: +0,1687384800
0.24,1,Jun 22 2023 03: +0,1687399200
0.217,1,Jun 22 2023 21: +0,1687464000
0.219,1,Jun 23 2023 03: +0,1687485600
0.217,2,Jun 23 2023 16: +0,1687532400
0.218,1,Jun 23 2023 17: +0,1687536000
0.171,2,Jun 23 2023 21: +0,1687550400
0.189,1,Jun 24 2023 14: +0,1687611600
0.171,3,Jun 24 2023 17: +0,1687622400
0.195,1,Jun 24 2023 18: +0,1687626000
0.171,1,Jun 25 2023 00: +0,1687647600
0.188,1,Jun 25 2023 04: +0,1687662000
0.171,1,Jun 25 2023 15: +0,1687701600
0.163,1,Jun 25 2023 16: +0,1687705200
0.195,1,Jun 25 2023 17: +0,1687708800
0.154,1,Jun 25 2023 20: +0,1687719600
0.149,1,Jun 25 2023 21: +0,1687723200
0.171,1,Jun 26 2023 04: +0,1687748400
0.174,2,Jun 26 2023 06: +0,1687755600
0.192,1,Jun 26 2023 08: +0,1687762800
0.171,1,Jun 26 2023 15: +0,1687788000
0.192,1,Jun 26 2023 17: +0,1687795200
0.197,1,Jun 27 2023 03: +0,1687831200
0.155,1,Jun 27 2023 09: +0,1687852800
0.148,1,Jun 27 2023 20: +0,1687892400
0.189,1,Jun 28 2023 20: +0,1687978800
0.188,1,Jun 28 2023 23: +0,1687989600
0.176,1,Jun 29 2023 11: +0,1688032800
0.187,1,Jun 29 2023 14: +0,1688043600
0.167,1,Jun 29 2023 15: +0,1688047200
0.172,2,Jun 29 2023 18: +0,1688058000
0.127,1,Jun 29 2023 20: +0,1688065200
0.155,2,Jun 29 2023 21: +0,1688068800
0.124,1,Jun 30 2023 08: +0,1688108400
0.171,1,Jun 30 2023 19: +0,1688148000
0.154,1,Jun 30 2023 20: +0,1688151600
0.146,1,Jul 01 2023 00: +0,1688166000
0.168,1,Jul 01 2023 05: +0,1688184000
0.155,4,Jul 01 2023 18: +0,1688230800
0.163,1,Jul 02 2023 12: +0,1688295600
0.158,1,Jul 02 2023 18: +0,1688317200
0.168,1,Jul 02 2023 21: +0,1688328000
0.155,1,Jul 02 2023 23: +0,1688335200
0.161,2,Jul 03 2023 01: +0,1688342400
0.172,1,Jul 03 2023 10: +0,1688374800
0.155,1,Jul 03 2023 12: +0,1688382000
0.155,1,Jul 03 2023 14: +0,1688389200
0.155,2,Jul 03 2023 19: +0,1688407200
0.181,1,Jul 03 2023 20: +0,1688410800
0.155,1,Jul 04 2023 01: +0,1688428800
0.18,4,Jul 04 2023 04: +0,1688439600
0.129,1,Jul 04 2023 18: +0,1688490000
0.123,1,Jul 04 2023 23: +0,1688508000
0.123,1,Jul 05 2023 11: +0,1688551200
0.108,1,Jul 05 2023 14: +0,1688562000
0.12,3,Jul 05 2023 15: +0,1688565600
0.077,1,Jul 05 2023 17: +0,1688572800
0.168,1,Jul 05 2023 19: +0,1688580000
0.167,1,Jul 06 2023 02: +0,1688605200
0.172,1,Jul 06 2023 03: +0,1688608800
0.171,1,Jul 06 2023 21: +0,1688673600
0.149,1,Jul 06 2023 22: +0,1688677200
0.163,1,Jul 07 2023 10: +0,1688720400
0.1,1,Jul 07 2023 11: +0,1688724000
0.167,1,Jul 07 2023 12: +0,1688727600
0.125,1,Jul 08 2023 06: +0,1688792400
0.125,1,Jul 08 2023 11: +0,1688810400
0.133,1,Jul 08 2023 18: +0,1688835600
0.171,8,Jul 08 2023 19: +0,1688839200
0.16,1,Jul 09 2023 01: +0,1688860800
0.16,3,Jul 09 2023 13: +0,1688904000
0.159,1,Jul 09 2023 21: +0,1688932800
0.168,2,Jul 10 2023 00: +0,1688943600
0.157,1,Jul 10 2023 16: +0,1689001200
0.133,1,Jul 10 2023 19: +0,1689012000
0.173,1,Jul 11 2023 02: +0,1689037200
0.119,16,Jul 11 2023 05: +0,1689048000
0.132,5,Jul 11 2023 14: +0,1689080400
0.118,2,Jul 12 2023 01: +0,1689120000
0.143,1,Jul 12 2023 03: +0,1689127200
0.118,1,Jul 12 2023 04: +0,1689130800
0.118,1,Jul 12 2023 10: +0,1689152400
0.136,2,Jul 12 2023 17: +0,1689177600
0.144,1,Jul 13 2023 00: +0,1689202800
0.115,1,Jul 13 2023 10: +0,1689238800
0.135,1,Jul 13 2023 15: +0,1689256800
0.133,1,Jul 13 2023 16: +0,1689260400
0.145,1,Jul 14 2023 01: +0,1689292800
0.137,1,Jul 14 2023 04: +0,1689303600
0.108,1,Jul 14 2023 11: +0,1689328800
0.115,1,Jul 14 2023 17: +0,1689350400
0.137,1,Jul 15 2023 03: +0,1689386400
0.108,1,Jul 15 2023 05: +0,1689393600
0.114,1,Jul 15 2023 11: +0,1689415200
0.138,1,Jul 15 2023 14: +0,1689426000
0.108,1,Jul 15 2023 18: +0,1689440400
0.114,2,Jul 15 2023 21: +0,1689451200
0.137,1,Jul 16 2023 10: +0,1689498000
0.135,1,Jul 16 2023 12: +0,1689505200
0.135,1,Jul 16 2023 15: +0,1689516000
0.135,1,Jul 17 2023 03: +0,1689559200
0.135,1,Jul 17 2023 08: +0,1689577200
0.113,1,Jul 17 2023 14: +0,1689598800
0.136,3,Jul 17 2023 15: +0,1689602400
0.131,1,Jul 17 2023 22: +0,1689627600
0.037,1,Jul 18 2023 05: +0,1689652800
0.101,1,Jul 18 2023 15: +0,1689688800
0.135,2,Jul 18 2023 19: +0,1689703200
0.135,1,Jul 19 2023 01: +0,1689724800
0.127,2,Jul 19 2023 13: +0,1689768000
0.116,1,Jul 19 2023 15: +0,1689775200
0.136,1,Jul 20 2023 01: +0,1689811200
0.11,1,Jul 20 2023 02: +0,1689814800
0.126,2,Jul 20 2023 04: +0,1689822000
0.139,2,Jul 20 2023 15: +0,1689861600
0.119,1,Jul 20 2023 20: +0,1689879600
0.148,1,Jul 21 2023 00: +0,1689894000
0.145,1,Jul 21 2023 03: +0,1689904800
0.11,1,Jul 21 2023 07: +0,1689919200
0.145,1,Jul 21 2023 14: +0,1689944400
0.125,1,Jul 21 2023 17: +0,1689955200
0.145,1,Jul 21 2023 19: +0,1689962400
0.147,1,Jul 21 2023 22: +0,1689973200
0.119,1,Jul 22 2023 06: +0,1690002000
0.145,1,Jul 22 2023 19: +0,1690048800
0.15,1,Jul 22 2023 22: +0,1690059600
0.146,1,Jul 23 2023 00: +0,1690066800
0.14,2,Jul 23 2023 05: +0,1690084800
0.11,1,Jul 23 2023 16: +0,1690124400
0.118,1,Jul 24 2023 01: +0,1690156800
0.144,1,Jul 24 2023 06: +0,1690174800
0.144,1,Jul 24 2023 15: +0,1690207200
0.12,2,Jul 24 2023 21: +0,1690228800
0.126,2,Jul 24 2023 22: +0,1690232400
0.118,1,Jul 25 2023 13: +0,1690286400
0.146,11,Jul 25 2023 14: +0,1690290000
0.12,1,Jul 26 2023 01: +0,1690329600
0.142,1,Jul 26 2023 03: +0,1690336800
0.143,1,Jul 26 2023 04: +0,1690340400
0.124,1,Jul 26 2023 15: +0,1690380000
0.143,2,Jul 26 2023 17: +0,1690387200
0.145,1,Jul 26 2023 23: +0,1690408800
0.131,2,Jul 27 2023 04: +0,1690426800
0.141,1,Jul 27 2023 14: +0,1690462800
0.135,2,Jul 27 2023 16: +0,1690470000
0.146,1,Jul 28 2023 11: +0,1690538400
0.143,4,Jul 28 2023 14: +0,1690549200
0.154,1,Jul 28 2023 22: +0,1690578000
0.171,1,Jul 29 2023 04: +0,1690599600
0.172,1,Jul 29 2023 11: +0,1690624800
0.111,2,Jul 29 2023 18: +0,1690650000
0.174,1,Jul 30 2023 00: +0,1690671600
0.134,1,Jul 30 2023 08: +0,1690700400
0.135,1,Jul 30 2023 10: +0,1690707600
0.173,1,Jul 30 2023 19: +0,1690740000
0.163,1,Jul 30 2023 22: +0,1690750800
0.138,2,Jul 30 2023 23: +0,1690754400
0.151,1,Jul 31 2023 12: +0,1690801200
0.136,1,Jul 31 2023 14: +0,1690808400
0.164,1,Jul 31 2023 18: +0,1690822800
0.166,1,Jul 31 2023 20: +0,1690830000
0.173,1,Aug 01 2023 02: +0,1690851600
0.173,1,Aug 01 2023 04: +0,1690858800
0.134,2,Aug 01 2023 09: +0,1690876800
0.173,1,Aug 01 2023 12: +0,1690887600
0.175,1,Aug 01 2023 17: +0,1690905600
0.173,1,Aug 01 2023 22: +0,1690923600
0.174,2,Aug 01 2023 23: +0,1690927200
0.173,1,Aug 02 2023 14: +0,1690981200
0.18,1,Aug 03 2023 08: +0,1691046000
0.11,1,Aug 03 2023 09: +0,1691049600
0.172,1,Aug 04 2023 01: +0,1691107200
0.162,2,Aug 04 2023 05: +0,1691121600
0.14,2,Aug 04 2023 13: +0,1691150400
0.135,2,Aug 04 2023 17: +0,1691164800
0.172,1,Aug 04 2023 23: +0,1691186400
0.101,3,Aug 05 2023 04: +0,1691204400
0.119,1,Aug 05 2023 14: +0,1691240400
0.165,1,Aug 05 2023 16: +0,1691247600
0.165,2,Aug 05 2023 22: +0,1691269200
0.15,1,Aug 06 2023 00: +0,1691276400
0.142,1,Aug 06 2023 01: +0,1691280000
0.18,1,Aug 06 2023 02: +0,1691283600
0.18,1,Aug 06 2023 05: +0,1691294400
0.122,1,Aug 06 2023 18: +0,1691341200
0.15,1,Aug 06 2023 20: +0,1691348400
0.149,1,Aug 06 2023 23: +0,1691359200
0.17,1,Aug 07 2023 05: +0,1691380800
0.147,1,Aug 07 2023 07: +0,1691388000
0.144,1,Aug 07 2023 12: +0,1691406000
0.172,1,Aug 07 2023 19: +0,1691431200
0.146,1,Aug 07 2023 21: +0,1691438400
0.172,2,Aug 07 2023 22: +0,1691442000
0.136,1,Aug 07 2023 23: +0,1691445600
0.171,1,Aug 08 2023 03: +0,1691460000
0.172,2,Aug 08 2023 10: +0,1691485200
0.166,2,Aug 08 2023 14: +0,1691499600
0.167,1,Aug 09 2023 01: +0,1691539200
0.137,1,Aug 09 2023 09: +0,1691568000
0.166,1,Aug 09 2023 11: +0,1691575200
0.11,14,Aug 09 2023 14: +0,1691586000
0.164,1,Aug 09 2023 16: +0,1691593200
0.171,2,Aug 09 2023 18: +0,1691600400
0.173,4,Aug 09 2023 21: +0,1691611200
0.172,1,Aug 09 2023 22: +0,1691614800
0.135,1,Aug 10 2023 02: +0,1691629200
0.172,1,Aug 10 2023 05: +0,1691640000
0.173,1,Aug 10 2023 17: +0,1691683200
0.17,1,Aug 10 2023 23: +0,1691704800
0.172,1,Aug 11 2023 03: +0,1691719200
0.162,1,Aug 11 2023 04: +0,1691722800
0.17,1,Aug 11 2023 08: +0,1691737200
0.167,1,Aug 11 2023 16: +0,1691766000
0.15,1,Aug 11 2023 17: +0,1691769600
0.17,1,Aug 11 2023 21: +0,1691784000
0.169,1,Aug 12 2023 00: +0,1691794800
0.164,1,Aug 12 2023 15: +0,1691848800
0.17,1,Aug 12 2023 18: +0,1691859600
0.171,1,Aug 13 2023 15: +0,1691935200
0.173,4,Aug 13 2023 21: +0,1691956800
0.142,1,Aug 13 2023 23: +0,1691964000
0.17,1,Aug 14 2023 11: +0,1692007200
0.143,10,Aug 14 2023 13: +0,1692014400
0.117,1,Aug 14 2023 22: +0,1692046800
0.141,1,Aug 16 2023 08: +0,1692169200
0.141,1,Aug 16 2023 14: +0,1692190800
0.148,1,Aug 16 2023 19: +0,1692208800
0.146,1,Aug 17 2023 14: +0,1692277200
0.147,1,Aug 17 2023 23: +0,1692309600
0.148,1,Aug 18 2023 04: +0,1692327600
0.109,1,Aug 18 2023 16: +0,1692370800
0.126,1,Aug 18 2023 20: +0,1692385200
0.135,1,Aug 19 2023 19: +0,1692468000
0.145,4,Aug 20 2023 09: +0,1692518400
0.154,1,Aug 20 2023 12: +0,1692529200
0.146,1,Aug 20 2023 20: +0,1692558000
0.148,1,Aug 20 2023 21: +0,1692561600
0.145,1,Aug 21 2023 00: +0,1692572400
0.138,2,Aug 21 2023 08: +0,1692601200
0.147,1,Aug 21 2023 19: +0,1692640800
0.141,1,Aug 21 2023 23: +0,1692655200
0.148,1,Aug 22 2023 00: +0,1692658800
0.15,2,Aug 22 2023 11: +0,1692698400
0.119,1,Aug 22 2023 14: +0,1692709200
0.151,1,Aug 22 2023 16: +0,1692716400
0.15,3,Aug 22 2023 17: +0,1692720000
0.137,2,Aug 22 2023 20: +0,1692730800
0.151,1,Aug 22 2023 21: +0,1692734400
0.144,1,Aug 23 2023 10: +0,1692781200
0.111,3,Aug 23 2023 20: +0,1692817200
0.136,1,Aug 24 2023 03: +0,1692842400
0.135,1,Aug 24 2023 09: +0,1692864000
0.146,5,Aug 24 2023 13: +0,1692878400
0.149,1,Aug 24 2023 14: +0,1692882000
0.155,1,Aug 24 2023 18: +0,1692896400
0.127,3,Aug 24 2023 21: +0,1692907200
0.151,1,Aug 25 2023 05: +0,1692936000
0.15,1,Aug 25 2023 13: +0,1692964800
0.149,1,Aug 25 2023 21: +0,1692993600
0.151,1,Aug 25 2023 22: +0,1692997200
0.154,2,Aug 26 2023 02: +0,1693011600
0.136,1,Aug 26 2023 03: +0,1693015200
0.143,1,Aug 27 2023 03: +0,1693101600
0.143,1,Aug 27 2023 23: +0,1693173600
0.149,1,Aug 28 2023 17: +0,1693238400
0.153,1,Aug 28 2023 21: +0,1693252800
0.134,2,Aug 28 2023 22: +0,1693256400
0.14,1,Aug 29 2023 01: +0,1693267200
0.14,1,Aug 29 2023 02: +0,1693270800
0.129,3,Aug 29 2023 08: +0,1693292400
0.153,1,Aug 29 2023 13: +0,1693310400
0.135,1,Aug 29 2023 20: +0,1693335600
0.145,1,Aug 30 2023 11: +0,1693389600
0.146,1,Aug 30 2023 12: +0,1693393200
0.143,1,Aug 30 2023 15: +0,1693404000
0.03,1,Aug 30 2023 16: +0,1693407600
0.148,20,Aug 30 2023 17: +0,1693411200
0.158,3,Aug 31 2023 08: +0,1693465200
0.163,1,Aug 31 2023 09: +0,1693468800
0.127,1,Aug 31 2023 16: +0,1693494000
0.171,1,Sep 01 2023 02: +0,1693530000
0.186,1,Sep 01 2023 07: +0,1693548000
0.186,1,Sep 01 2023 11: +0,1693562400
0.177,1,Sep 02 2023 21: +0,1693684800
0.177,1,Sep 02 2023 23: +0,1693692000
0.15,1,Sep 03 2023 10: +0,1693731600
0.173,2,Sep 03 2023 19: +0,1693764000
0.148,3,Sep 03 2023 22: +0,1693774800
0.14,1,Sep 03 2023 23: +0,1693778400
0.177,1,Sep 04 2023 05: +0,1693800000
0.181,1,Sep 04 2023 16: +0,1693839600
0.143,4,Sep 05 2023 00: +0,1693868400
0.153,1,Sep 05 2023 14: +0,1693918800
0.173,1,Sep 06 2023 04: +0,1693969200
0.178,2,Sep 06 2023 14: +0,1694005200
0.162,2,Sep 06 2023 22: +0,1694034000
0.12,1,Sep 07 2023 01: +0,1694044800
0.179,1,Sep 07 2023 12: +0,1694084400
0.181,1,Sep 07 2023 14: +0,1694091600
0.178,1,Sep 07 2023 15: +0,1694095200
0.181,4,Sep 08 2023 02: +0,1694134800
0.185,1,Sep 08 2023 14: +0,1694178000
0.145,1,Sep 08 2023 20: +0,1694199600
0.181,1,Sep 08 2023 23: +0,1694210400
0.181,4,Sep 09 2023 01: +0,1694217600
0.164,1,Sep 09 2023 02: +0,1694221200
0.195,1,Sep 09 2023 08: +0,1694242800
0.197,1,Sep 09 2023 18: +0,1694278800
0.2,1,Sep 10 2023 20: +0,1694372400
0.169,1,Sep 11 2023 07: +0,1694412000
0.174,2,Sep 11 2023 12: +0,1694430000
0.164,2,Sep 11 2023 15: +0,1694440800
0.203,1,Sep 11 2023 17: +0,1694448000
0.164,1,Sep 12 2023 01: +0,1694476800
0.164,2,Sep 12 2023 07: +0,1694498400
0.164,1,Sep 12 2023 08: +0,1694502000
0.15,1,Sep 12 2023 13: +0,1694520000
0.164,2,Sep 12 2023 14: +0,1694523600
0.164,1,Sep 12 2023 17: +0,1694534400
0.164,1,Sep 12 2023 18: +0,1694538000
0.175,1,Sep 13 2023 00: +0,1694559600
0.172,1,Sep 13 2023 11: +0,1694599200
0.198,1,Sep 13 2023 13: +0,1694606400
0.113,1,Sep 13 2023 22: +0,1694638800
0.164,1,Sep 14 2023 00: +0,1694646000
0.164,1,Sep 14 2023 06: +0,1694667600
0.19,1,Sep 14 2023 16: +0,1694703600
0.207,3,Sep 14 2023 18: +0,1694710800
0.209,4,Sep 15 2023 07: +0,1694757600
0.215,1,Sep 15 2023 21: +0,1694808000
0.164,1,Sep 16 2023 17: +0,1694880000
0.2,1,Sep 17 2023 05: +0,1694923200
0.215,1,Sep 18 2023 08: +0,1695020400
0.126,1,Sep 18 2023 11: +0,1695031200
0.2,1,Sep 18 2023 20: +0,1695063600
0.207,1,Sep 19 2023 18: +0,1695142800
0.206,2,Sep 20 2023 01: +0,1695168000
0.216,1,Sep 20 2023 03: +0,1695175200
0.166,1,Sep 20 2023 18: +0,1695229200
0.184,1,Sep 20 2023 19: +0,1695232800
0.203,1,Sep 21 2023 02: +0,1695258000
0.202,1,Sep 21 2023 08: +0,1695279600
0.2,1,Sep 21 2023 22: +0,1695330000
0.166,1,Sep 22 2023 00: +0,1695337200
0.195,4,Sep 23 2023 03: +0,1695434400
0.178,1,Sep 23 2023 17: +0,1695484800
0.172,1,Sep 24 2023 02: +0,1695517200
0.178,1,Sep 24 2023 20: +0,1695582000
0.191,1,Sep 25 2023 20: +0,1695668400
0.19,1,Sep 26 2023 00: +0,1695682800
0.191,1,Sep 26 2023 07: +0,1695708000
0.161,10,Sep 26 2023 13: +0,1695729600
0.151,3,Sep 26 2023 14: +0,1695733200
0.192,1,Sep 26 2023 17: +0,1695744000
0.136,1,Sep 26 2023 23: +0,1695765600
0.205,1,Sep 27 2023 02: +0,1695776400
0.201,1,Sep 27 2023 03: +0,1695780000
0.201,1,Sep 27 2023 19: +0,1695837600
0.206,2,Sep 28 2023 00: +0,1695855600
0.212,2,Sep 28 2023 07: +0,1695880800
0.216,1,Sep 28 2023 08: +0,1695884400
0.217,3,Sep 28 2023 12: +0,1695898800
0.222,1,Sep 28 2023 13: +0,1695902400
0.147,1,Sep 28 2023 14: +0,1695906000
0.222,1,Sep 28 2023 17: +0,1695916800
0.128,1,Sep 29 2023 10: +0,1695978000
0.128,1,Sep 29 2023 11: +0,1695981600
0.155,1,Sep 29 2023 13: +0,1695988800
0.207,1,Sep 29 2023 18: +0,1696006800
0.209,1,Sep 30 2023 16: +0,1696086000
0.164,1,Sep 30 2023 19: +0,1696096800
0.147,1,Oct 01 2023 14: +0,1696165200
0.206,3,Oct 02 2023 08: +0,1696230000
0.135,1,Oct 02 2023 10: +0,1696237200
0.215,1,Oct 02 2023 12: +0,1696244400
0.215,1,Oct 02 2023 13: +0,1696248000
0.211,2,Oct 02 2023 20: +0,1696273200
0.165,1,Oct 02 2023 21: +0,1696276800
0.218,1,Oct 03 2023 14: +0,1696338000
0.226,1,Oct 03 2023 20: +0,1696359600
0.224,1,Oct 03 2023 22: +0,1696366800
0.177,2,Oct 04 2023 00: +0,1696374000
0.181,1,Oct 04 2023 10: +0,1696410000
0.214,1,Oct 04 2023 12: +0,1696417200
0.225,1,Oct 04 2023 14: +0,1696424400
0.229,1,Oct 04 2023 15: +0,1696428000
0.221,1,Oct 04 2023 23: +0,1696456800
0.207,1,Oct 05 2023 03: +0,1696471200
0.228,1,Oct 05 2023 04: +0,1696474800
0.173,1,Oct 05 2023 08: +0,1696489200
0.215,1,Oct 06 2023 01: +0,1696550400
0.227,4,Oct 06 2023 03: +0,1696557600
0.173,1,Oct 06 2023 07: +0,1696572000
0.227,1,Oct 06 2023 12: +0,1696590000
0.229,1,Oct 06 2023 14: +0,1696597200
0.23,1,Oct 06 2023 16: +0,1696604400
0.228,1,Oct 06 2023 19: +0,1696615200
0.23,1,Oct 06 2023 22: +0,1696626000
0.228,1,Oct 07 2023 13: +0,1696680000
0.171,2,Oct 07 2023 20: +0,1696705200
0.225,1,Oct 07 2023 23: +0,1696716000
0.226,1,Oct 08 2023 04: +0,1696734000
0.229,1,Oct 08 2023 05: +0,1696737600
0.237,1,Oct 08 2023 07: +0,1696744800
0.194,1,Oct 08 2023 19: +0,1696788000
0.154,1,Oct 08 2023 21: +0,1696795200
0.154,1,Oct 09 2023 16: +0,1696863600
0.197,1,Oct 10 2023 04: +0,1696906800
0.19,1,Oct 10 2023 05: +0,1696910400
0.187,1,Oct 10 2023 14: +0,1696942800
0.171,4,Oct 10 2023 18: +0,1696957200
0.156,1,Oct 11 2023 00: +0,1696978800
0.178,1,Oct 11 2023 02: +0,1696986000
0.2,2,Oct 11 2023 05: +0,1696996800
0.171,1,Oct 11 2023 10: +0,1697014800
0.202,1,Oct 11 2023 17: +0,1697040000
0.209,1,Oct 11 2023 20: +0,1697050800
0.204,1,Oct 12 2023 12: +0,1697108400
0.226,1,Oct 12 2023 14: +0,1697115600
0.227,1,Oct 12 2023 16: +0,1697122800
0.209,3,Oct 12 2023 20: +0,1697137200
0.239,1,Oct 13 2023 03: +0,1697162400
0.168,1,Oct 13 2023 20: +0,1697223600
0.229,1,Oct 13 2023 22: +0,1697230800
0.168,1,Oct 13 2023 23: +0,1697234400
0.173,1,Oct 14 2023 14: +0,1697288400
0.147,3,Oct 14 2023 20: +0,1697310000
0.175,1,Oct 14 2023 21: +0,1697313600
0.179,1,Oct 15 2023 00: +0,1697324400
0.229,1,Oct 15 2023 01: +0,1697328000
0.234,1,Oct 15 2023 02: +0,1697331600
0.236,1,Oct 15 2023 05: +0,1697342400
0.196,4,Oct 15 2023 09: +0,1697356800
0.207,2,Oct 15 2023 11: +0,1697364000
0.258,2,Oct 15 2023 14: +0,1697374800
0.156,1,Oct 16 2023 08: +0,1697439600
0.208,1,Oct 16 2023 11: +0,1697450400
0.208,1,Oct 16 2023 17: +0,1697472000
0.214,1,Oct 16 2023 18: +0,1697475600
0.225,1,Oct 17 2023 03: +0,1697508000
0.225,1,Oct 17 2023 05: +0,1697515200
0.226,1,Oct 17 2023 09: +0,1697529600
0.26,1,Oct 17 2023 12: +0,1697540400
0.256,1,Oct 17 2023 17: +0,1697558400
0.255,1,Oct 17 2023 22: +0,1697576400
0.256,1,Oct 18 2023 00: +0,1697583600
0.269,2,Oct 18 2023 15: +0,1697637600
0.269,1,Oct 18 2023 17: +0,1697644800
0.284,9,Oct 18 2023 20: +0,1697655600
0.322,1,Oct 19 2023 01: +0,1697673600
0.292,1,Oct 19 2023 03: +0,1697680800
0.283,1,Oct 19 2023 12: +0,1697713200
0.288,1,Oct 20 2023 06: +0,1697778000
0.287,5,Oct 20 2023 13: +0,1697803200
0.237,1,Oct 20 2023 18: +0,1697821200
0.29,1,Oct 20 2023 19: +0,1697824800
0.291,2,Oct 20 2023 20: +0,1697828400
0.279,1,Oct 20 2023 22: +0,1697835600
0.294,3,Oct 21 2023 13: +0,1697889600
0.294,1,Oct 21 2023 17: +0,1697904000
0.231,1,Oct 21 2023 21: +0,1697918400
0.201,2,Oct 22 2023 04: +0,1697943600
0.202,2,Oct 22 2023 06: +0,1697950800
0.231,2,Oct 22 2023 10: +0,1697965200
0.257,1,Oct 22 2023 14: +0,1697979600
0.179,2,Oct 22 2023 17: +0,1697990400
0.253,1,Oct 22 2023 19: +0,1697997600
0.257,2,Oct 22 2023 20: +0,1698001200
0.19,2,Oct 23 2023 19: +0,1698084000
0.218,1,Oct 23 2023 20: +0,1698087600
0.258,1,Oct 23 2023 21: +0,1698091200
0.162,2,Oct 23 2023 22: +0,1698094800
0.264,1,Oct 24 2023 07: +0,1698127200
0.175,2,Oct 24 2023 11: +0,1698141600
0.254,5,Oct 24 2023 19: +0,1698170400
0.228,1,Oct 25 2023 13: +0,1698235200
0.225,1,Oct 25 2023 14: +0,1698238800
0.271,1,Oct 25 2023 15: +0,1698242400
0.18,1,Oct 25 2023 20: +0,1698260400
0.254,1,Oct 26 2023 00: +0,1698274800
0.265,1,Oct 26 2023 21: +0,1698350400
0.224,1,Oct 27 2023 13: +0,1698408000
0.207,4,Oct 27 2023 14: +0,1698411600
0.241,2,Oct 27 2023 15: +0,1698415200
0.272,3,Oct 27 2023 17: +0,1698422400
0.228,1,Oct 28 2023 03: +0,1698458400
0.279,1,Oct 28 2023 19: +0,1698516000
0.276,1,Oct 29 2023 01: +0,1698537600
0.216,1,Oct 29 2023 17: +0,1698598800
0.276,1,Oct 29 2023 20: +0,1698609600
0.282,2,Oct 29 2023 22: +0,1698616800
0.274,1,Oct 30 2023 19: +0,1698692400
0.218,1,Oct 30 2023 22: +0,1698703200
0.219,4,Oct 31 2023 06: +0,1698732000
0.221,2,Oct 31 2023 15: +0,1698764400
0.252,1,Oct 31 2023 19: +0,1698778800
0.258,6,Oct 31 2023 21: +0,1698786000
0.252,1,Nov 01 2023 04: +0,1698811200
0.233,1,Nov 01 2023 05: +0,1698814800
0.242,1,Nov 01 2023 15: +0,1698850800
0.217,2,Nov 01 2023 19: +0,1698865200
0.223,2,Nov 02 2023 03: +0,1698894000
0.223,13,Nov 02 2023 04: +0,1698897600
0.224,2,Nov 02 2023 06: +0,1698904800
0.216,1,Nov 02 2023 19: +0,1698951600
0.221,1,Nov 03 2023 00: +0,1698969600
0.237,1,Nov 03 2023 01: +0,1698973200
0.25,2,Nov 03 2023 20: +0,1699041600
0.253,1,Nov 04 2023 08: +0,1699084800
0.255,4,Nov 04 2023 19: +0,1699124400
0.237,1,Nov 05 2023 04: +0,1699156800
0.183,1,Nov 05 2023 13: +0,1699189200
0.26,1,Nov 05 2023 14: +0,1699192800
0.19,5,Nov 05 2023 19: +0,1699210800
0.242,1,Nov 06 2023 01: +0,1699232400
0.218,3,Nov 06 2023 13: +0,1699275600
0.206,1,Nov 06 2023 18: +0,1699293600
0.252,1,Nov 06 2023 19: +0,1699297200
0.176,1,Nov 06 2023 20: +0,1699300800
0.249,5,Nov 07 2023 01: +0,1699318800
0.248,1,Nov 08 2023 02: +0,1699408800
0.24,1,Nov 08 2023 15: +0,1699455600
0.248,1,Nov 08 2023 21: +0,1699477200
0.25,2,Nov 09 2023 18: +0,1699552800
0.205,2,Nov 10 2023 07: +0,1699599600
0.18,1,Nov 10 2023 20: +0,1699646400
0.239,1,Nov 11 2023 00: +0,1699660800
0.238,1,Nov 12 2023 00: +0,1699747200
0.187,1,Nov 12 2023 01: +0,1699750800
0.171,1,Nov 12 2023 13: +0,1699794000
0.174,1,Nov 12 2023 19: +0,1699815600
0.215,4,Nov 13 2023 01: +0,1699837200
0.168,1,Nov 13 2023 02: +0,1699840800
0.171,1,Nov 14 2023 08: +0,1699948800
0.214,5,Nov 14 2023 13: +0,1699966800
0.217,1,Nov 15 2023 04: +0,1700020800
0.218,4,Nov 15 2023 12: +0,1700049600
0.195,2,Nov 15 2023 15: +0,1700060400
0.217,2,Nov 15 2023 16: +0,1700064000
0.18,1,Nov 15 2023 18: +0,1700071200
0.174,1,Nov 16 2023 14: +0,1700143200
0.174,1,Nov 17 2023 02: +0,1700186400
0.188,1,Nov 18 2023 04: +0,1700280000
0.157,1,Nov 18 2023 09: +0,1700298000
0.174,1,Nov 19 2023 11: +0,1700391600
0.183,5,Nov 19 2023 16: +0,1700409600
0.181,1,Nov 19 2023 22: +0,1700431200
0.182,1,Nov 20 2023 06: +0,1700460000
0.177,1,Nov 20 2023 19: +0,1700506800
0.168,1,Nov 20 2023 20: +0,1700510400
0.185,1,Nov 21 2023 13: +0,1700571600
0.185,1,Nov 21 2023 17: +0,1700586000
0.168,1,Nov 21 2023 20: +0,1700596800
0.132,1,Nov 22 2023 01: +0,1700614800
0.181,1,Nov 22 2023 20: +0,1700683200
0.176,1,Nov 23 2023 01: +0,1700701200
0.167,2,Nov 23 2023 06: +0,1700719200
0.177,1,Nov 23 2023 09: +0,1700730000
0.157,1,Nov 24 2023 00: +0,1700784000
0.148,1,Nov 24 2023 06: +0,1700805600
0.164,1,Nov 24 2023 07: +0,1700809200
0.062,1,Nov 24 2023 13: +0,1700830800
0.148,3,Nov 24 2023 15: +0,1700838000
0.17,1,Nov 24 2023 17: +0,1700845200
0.14,1,Nov 24 2023 22: +0,1700863200
0.163,1,Nov 24 2023 23: +0,1700866800
0.164,1,Nov 25 2023 01: +0,1700874000
0.164,4,Nov 25 2023 02: +0,1700877600
0.157,1,Nov 25 2023 04: +0,1700884800
0.17,1,Nov 25 2023 07: +0,1700895600
0.157,1,Nov 25 2023 18: +0,1700935200
0.17,1,Nov 25 2023 22: +0,1700949600
0.155,2,Nov 26 2023 04: +0,1700971200
0.181,2,Nov 26 2023 15: +0,1701010800
0.183,1,Nov 27 2023 03: +0,1701054000
0.172,2,Nov 27 2023 05: +0,1701061200
0.181,1,Nov 27 2023 12: +0,1701086400
0.131,1,Nov 27 2023 17: +0,1701104400
0.131,1,Nov 27 2023 22: +0,1701122400
0.168,1,Nov 28 2023 05: +0,1701147600
0.162,1,Nov 28 2023 13: +0,1701176400
0.157,2,Nov 28 2023 21: +0,1701205200
0.168,1,Nov 28 2023 23: +0,1701212400
0.177,2,Nov 29 2023 11: +0,1701255600
0.183,1,Nov 29 2023 13: +0,1701262800
0.183,5,Nov 29 2023 16: +0,1701273600
0.188,1,Nov 29 2023 20: +0,1701288000
0.158,1,Nov 29 2023 21: +0,1701291600
0.178,1,Nov 29 2023 23: +0,1701298800
0.178,1,Nov 30 2023 20: +0,1701374400
0.14,1,Dec 01 2023 11: +0,1701428400
0.186,1,Dec 01 2023 13: +0,1701435600
0.19,1,Dec 01 2023 18: +0,1701453600
0.157,2,Dec 01 2023 20: +0,1701460800
0.184,1,Dec 02 2023 23: +0,1701558000
0.181,1,Dec 03 2023 19: +0,1701630000
0.148,1,Dec 03 2023 21: +0,1701637200
0.15,1,Dec 04 2023 01: +0,1701651600
0.152,3,Dec 04 2023 04: +0,1701662400
0.158,1,Dec 05 2023 13: +0,1701781200
0.155,2,Dec 05 2023 22: +0,1701813600
0.174,1,Dec 06 2023 04: +0,1701835200
0.168,1,Dec 06 2023 09: +0,1701853200
0.167,1,Dec 06 2023 11: +0,1701860400
0.158,1,Dec 06 2023 12: +0,1701864000
0.147,1,Dec 06 2023 17: +0,1701882000
0.158,1,Dec 06 2023 18: +0,1701885600
0.159,4,Dec 07 2023 00: +0,1701907200
0.158,1,Dec 09 2023 07: +0,1702105200
0.152,1,Dec 09 2023 08: +0,1702108800
0.144,1,Dec 09 2023 09: +0,1702112400
0.158,1,Dec 09 2023 13: +0,1702126800
0.16,1,Dec 11 2023 05: +0,1702270800
0.121,1,Dec 11 2023 06: +0,1702274400
0.121,1,Dec 11 2023 17: +0,1702314000
0.163,2,Dec 11 2023 23: +0,1702335600
0.099,3,Dec 13 2023 15: +0,1702479600
0.159,1,Dec 13 2023 17: +0,1702486800
0.158,1,Dec 13 2023 19: +0,1702494000
0.135,1,Dec 14 2023 08: +0,1702540800
0.138,1,Dec 14 2023 14: +0,1702562400
0.128,3,Dec 14 2023 20: +0,1702584000
0.143,2,Dec 14 2023 21: +0,1702587600
0.164,2,Dec 15 2023 00: +0,1702598400
0.167,1,Dec 15 2023 18: +0,1702663200
0.128,1,Dec 15 2023 23: +0,1702681200
0.06,1,Dec 16 2023 13: +0,1702731600
0.166,2,Dec 17 2023 12: +0,1702814400
0.168,8,Dec 17 2023 15: +0,1702825200
0.134,1,Dec 17 2023 18: +0,1702836000
0.166,1,Dec 19 2023 04: +0,1702958400
0.161,1,Dec 20 2023 15: +0,1703084400
0.121,2,Dec 20 2023 20: +0,1703102400
0.164,1,Dec 21 2023 03: +0,1703127600
0.165,1,Dec 21 2023 15: +0,1703170800
0.161,1,Dec 22 2023 00: +0,1703203200
0.129,1,Dec 22 2023 01: +0,1703206800
0.161,4,Dec 22 2023 07: +0,1703228400
0.143,2,Dec 22 2023 18: +0,1703268000
0.148,1,Dec 23 2023 16: +0,1703347200
0.123,2,Dec 24 2023 00: +0,1703376000
0.134,1,Dec 25 2023 04: +0,1703476800
0.134,1,Dec 25 2023 05: +0,1703480400
0.146,2,Dec 25 2023 18: +0,1703527200
0.126,1,Dec 26 2023 05: +0,1703566800
0.107,2,Dec 27 2023 08: +0,1703664000
0.134,1,Dec 28 2023 02: +0,1703728800
0.148,1,Dec 28 2023 05: +0,1703739600
0.145,1,Dec 28 2023 08: +0,1703750400
0.126,1,Dec 29 2023 14: +0,1703858400
0.15,1,Dec 29 2023 16: +0,1703865600
0.126,1,Dec 29 2023 19: +0,1703876400
0.122,1,Dec 30 2023 04: +0,1703908800
0.134,1,Dec 30 2023 09: +0,1703926800
0.151,1,Dec 30 2023 20: +0,1703966400
0.104,1,Dec 31 2023 23: +0,1704063600
0.104,1,Jan 01 2024 00: +0,1704067200
0.121,1,Jan 01 2024 15: +0,1704121200
0.13,1,Jan 01 2024 21: +0,1704142800
0.139,1,Jan 02 2024 03: +0,1704164400
0.11,1,Jan 02 2024 18: +0,1704218400
0.159,1,Jan 03 2024 06: +0,1704261600
0.129,1,Jan 03 2024 18: +0,1704304800
0.111,1,Jan 03 2024 20: +0,1704312000
0.128,1,Jan 04 2024 00: +0,1704326400
0.102,1,Jan 04 2024 04: +0,1704340800
0.161,1,Jan 04 2024 14: +0,1704376800
0.073,1,Jan 05 2024 15: +0,1704466800
0.11,1,Jan 05 2024 17: +0,1704474000
0.092,1,Jan 05 2024 21: +0,1704488400
0.05,1,Jan 06 2024 01: +0,1704502800
0.131,2,Jan 06 2024 22: +0,1704578400
0.111,2,Jan 07 2024 01: +0,1704589200
0.118,1,Jan 07 2024 02: +0,1704592800
0.143,1,Jan 07 2024 06: +0,1704607200
0.142,1,Jan 08 2024 06: +0,1704693600
0.155,1,Jan 08 2024 08: +0,1704700800
0.15,1,Jan 08 2024 16: +0,1704729600
0.118,2,Jan 08 2024 19: +0,1704740400
0.102,1,Jan 08 2024 23: +0,1704754800
0.11,1,Jan 09 2024 12: +0,1704801600
0.163,10,Jan 10 2024 06: +0,1704866400
0.163,1,Jan 10 2024 16: +0,1704902400
0.13,2,Jan 10 2024 18: +0,1704909600
0.148,2,Jan 10 2024 23: +0,1704927600
0.164,4,Jan 11 2024 05: +0,1704949200
0.162,5,Jan 11 2024 14: +0,1704981600
0.164,4,Jan 11 2024 16: +0,1704988800
0.167,3,Jan 12 2024 13: +0,1705064400
0.086,1,Jan 13 2024 05: +0,1705122000
0.153,1,Jan 13 2024 06: +0,1705125600
0.104,1,Jan 13 2024 16: +0,1705161600
0.165,1,Jan 13 2024 18: +0,1705168800
0.165,1,Jan 13 2024 21: +0,1705179600
0.163,1,Jan 14 2024 17: +0,1705251600
0.165,1,Jan 15 2024 02: +0,1705284000
0.163,1,Jan 15 2024 06: +0,1705298400
0.163,1,Jan 15 2024 11: +0,1705316400
0.134,2,Jan 15 2024 18: +0,1705341600
0.164,1,Jan 15 2024 19: +0,1705345200
0.169,2,Jan 16 2024 07: +0,1705388400
0.169,10,Jan 16 2024 15: +0,1705417200
0.135,6,Jan 16 2024 23: +0,1705446000
0.169,1,Jan 17 2024 03: +0,1705460400
0.169,3,Jan 17 2024 06: +0,1705471200
0.173,1,Jan 17 2024 19: +0,1705518000
0.172,2,Jan 18 2024 02: +0,1705543200
0.184,4,Jan 18 2024 07: +0,1705561200
0.03,5,Jan 18 2024 19: +0,1705604400
0.188,2,Jan 19 2024 00: +0,1705622400
0.209,1,Jan 19 2024 05: +0,1705640400
0.158,4,Jan 19 2024 06: +0,1705644000
0.208,1,Jan 19 2024 07: +0,1705647600
0.217,3,Jan 19 2024 11: +0,1705662000
0.171,1,Jan 20 2024 13: +0,1705755600
0.157,1,Jan 20 2024 21: +0,1705784400
0.183,1,Jan 21 2024 04: +0,1705809600
0.171,1,Jan 21 2024 06: +0,1705816800
0.217,1,Jan 21 2024 13: +0,1705842000
0.181,1,Jan 21 2024 19: +0,1705863600
0.139,3,Jan 22 2024 13: +0,1705928400
0.219,1,Jan 22 2024 16: +0,1705939200
0.172,2,Jan 23 2024 21: +0,1706043600
0.208,1,Jan 25 2024 03: +0,1706151600
0.216,1,Jan 25 2024 04: +0,1706155200
0.184,2,Jan 25 2024 16: +0,1706198400
0.184,1,Jan 25 2024 23: +0,1706223600
0.174,1,Jan 26 2024 09: +0,1706259600
0.222,1,Jan 26 2024 12: +0,1706270400
0.152,2,Jan 26 2024 17: +0,1706288400
0.203,1,Jan 28 2024 04: +0,1706414400
0.194,1,Jan 28 2024 06: +0,1706421600
0.207,3,Jan 29 2024 12: +0,1706529600
0.171,1,Jan 29 2024 15: +0,1706540400
0.196,1,Jan 29 2024 16: +0,1706544000
0.172,1,Jan 31 2024 02: +0,1706666400
0.207,2,Jan 31 2024 20: +0,1706731200
0.153,1,Feb 01 2024 19: +0,1706814000
0.157,1,Feb 01 2024 23: +0,1706828400
0.167,1,Feb 02 2024 11: +0,1706871600
0.199,1,Feb 02 2024 22: +0,1706911200
0.206,1,Feb 03 2024 05: +0,1706936400
0.172,2,Feb 03 2024 20: +0,1706990400
0.217,5,Feb 03 2024 23: +0,1707001200
0.169,1,Feb 05 2024 16: +0,1707148800
0.212,2,Feb 05 2024 19: +0,1707159600
0.198,3,Feb 07 2024 04: +0,1707278400
0.159,4,Feb 07 2024 06: +0,1707285600
0.191,2,Feb 07 2024 13: +0,1707310800
0.167,1,Feb 07 2024 15: +0,1707318000
0.222,5,Feb 07 2024 18: +0,1707328800
0.154,1,Feb 07 2024 23: +0,1707346800
0.131,3,Feb 08 2024 00: +0,1707350400
0.167,1,Feb 08 2024 03: +0,1707361200
0.217,1,Feb 08 2024 05: +0,1707368400
0.222,1,Feb 08 2024 11: +0,1707390000
0.227,3,Feb 08 2024 17: +0,1707411600
0.231,1,Feb 08 2024 18: +0,1707415200
0.189,2,Feb 09 2024 02: +0,1707444000
0.231,1,Feb 09 2024 03: +0,1707447600
0.231,1,Feb 09 2024 07: +0,1707462000
0.226,1,Feb 09 2024 12: +0,1707480000
0.226,1,Feb 09 2024 13: +0,1707483600
0.218,1,Feb 09 2024 18: +0,1707501600
0.219,2,Feb 09 2024 20: +0,1707508800
0.214,1,Feb 10 2024 02: +0,1707530400
0.215,1,Feb 10 2024 08: +0,1707552000
0.213,2,Feb 10 2024 09: +0,1707555600
0.219,1,Feb 10 2024 11: +0,1707562800
0.216,1,Feb 10 2024 15: +0,1707577200
0.223,1,Feb 10 2024 17: +0,1707584400
0.223,2,Feb 10 2024 18: +0,1707588000
0.223,3,Feb 10 2024 22: +0,1707602400
0.223,1,Feb 11 2024 02: +0,1707616800
0.231,1,Feb 11 2024 07: +0,1707634800
0.231,1,Feb 11 2024 09: +0,1707642000
0.24,1,Feb 11 2024 14: +0,1707660000
0.266,1,Feb 11 2024 16: +0,1707667200
0.251,1,Feb 11 2024 22: +0,1707688800
0.252,1,Feb 12 2024 03: +0,1707706800
0.252,1,Feb 12 2024 05: +0,1707714000
0.199,1,Feb 12 2024 16: +0,1707753600
0.199,1,Feb 12 2024 17: +0,1707757200
0.238,1,Feb 12 2024 20: +0,1707768000
0.24,1,Feb 13 2024 00: +0,1707782400
0.244,1,Feb 13 2024 03: +0,1707793200
0.24,1,Feb 13 2024 11: +0,1707822000
0.246,1,Feb 13 2024 14: +0,1707832800
0.174,5,Feb 13 2024 18: +0,1707847200
0.239,1,Feb 14 2024 01: +0,1707872400
0.201,2,Feb 14 2024 06: +0,1707890400
0.238,1,Feb 14 2024 08: +0,1707897600
0.153,3,Feb 14 2024 09: +0,1707901200
0.177,1,Feb 14 2024 15: +0,1707922800
0.241,1,Feb 14 2024 16: +0,1707926400
0.241,1,Feb 14 2024 19: +0,1707937200
0.23,1,Feb 15 2024 00: +0,1707955200
0.23,1,Feb 15 2024 01: +0,1707958800
0.228,1,Feb 15 2024 12: +0,1707998400
0.229,3,Feb 15 2024 14: +0,1708005600
0.226,9,Feb 15 2024 20: +0,1708027200
0.228,1,Feb 15 2024 21: +0,1708030800
0.24,1,Feb 16 2024 02: +0,1708048800
0.245,1,Feb 16 2024 04: +0,1708056000
0.245,1,Feb 16 2024 06: +0,1708063200
0.269,4,Feb 16 2024 10: +0,1708077600
0.309,1,Feb 16 2024 11: +0,1708081200
0.32,1,Feb 16 2024 14: +0,1708092000
0.174,3,Feb 16 2024 18: +0,1708106400
0.135,2,Feb 16 2024 19: +0,1708110000
0.32,1,Feb 16 2024 23: +0,1708124400
0.32,1,Feb 17 2024 01: +0,1708131600
0.339,1,Feb 17 2024 02: +0,1708135200
0.351,2,Feb 17 2024 03: +0,1708138800
0.332,1,Feb 17 2024 19: +0,1708196400
0.321,2,Feb 17 2024 23: +0,1708210800
0.214,2,Feb 18 2024 04: +0,1708228800
0.326,1,Feb 18 2024 17: +0,1708275600
0.221,1,Feb 18 2024 21: +0,1708290000
0.245,1,Feb 19 2024 18: +0,1708365600
0.245,1,Feb 19 2024 20: +0,1708372800
0.245,1,Feb 19 2024 21: +0,1708376400
0.237,3,Feb 19 2024 22: +0,1708380000
0.245,1,Feb 19 2024 23: +0,1708383600
0.208,2,Feb 20 2024 09: +0,1708419600
0.242,1,Feb 20 2024 10: +0,1708423200
0.255,1,Feb 20 2024 17: +0,1708448400
0.26,4,Feb 21 2024 02: +0,1708480800
0.262,1,Feb 21 2024 14: +0,1708524000
0.22,1,Feb 21 2024 18: +0,1708538400
0.248,1,Feb 21 2024 19: +0,1708542000
0.251,1,Feb 22 2024 02: +0,1708567200
0.258,1,Feb 22 2024 06: +0,1708581600
0.198,1,Feb 22 2024 13: +0,1708606800
0.229,3,Feb 22 2024 22: +0,1708639200
0.258,1,Feb 23 2024 00: +0,1708646400
0.217,2,Feb 23 2024 04: +0,1708660800
0.204,3,Feb 23 2024 17: +0,1708707600
0.245,1,Feb 23 2024 20: +0,1708718400
0.245,1,Feb 23 2024 22: +0,1708725600
0.24,1,Feb 24 2024 05: +0,1708750800
0.213,1,Feb 24 2024 13: +0,1708779600
0.246,2,Feb 24 2024 17: +0,1708794000
0.245,1,Feb 24 2024 18: +0,1708797600
0.247,1,Feb 25 2024 03: +0,1708830000
0.254,1,Feb 25 2024 12: +0,1708862400
0.213,1,Feb 25 2024 15: +0,1708873200
0.173,1,Feb 25 2024 19: +0,1708887600
0.256,1,Feb 26 2024 02: +0,1708912800
0.205,15,Feb 26 2024 14: +0,1708956000
0.258,1,Feb 26 2024 15: +0,1708959600
0.257,2,Feb 26 2024 18: +0,1708970400
0.213,1,Feb 26 2024 21: +0,1708981200
0.206,27,Feb 27 2024 14: +0,1709042400
0.168,3,Feb 27 2024 16: +0,1709049600
0.254,7,Feb 27 2024 17: +0,1709053200
0.273,1,Feb 27 2024 18: +0,1709056800
0.293,1,Feb 27 2024 20: +0,1709064000
0.25,1,Feb 28 2024 01: +0,1709082000
0.208,13,Feb 28 2024 23: +0,1709161200
0.19,1,Feb 29 2024 11: +0,1709204400
0.234,1,Feb 29 2024 17: +0,1709226000
0.228,1,Feb 29 2024 18: +0,1709229600
0.197,1,Feb 29 2024 19: +0,1709233200
0.205,1,Feb 29 2024 21: +0,1709240400
0.213,1,Feb 29 2024 22: +0,1709244000
0.234,1,Mar 01 2024 02: +0,1709258400
0.234,1,Mar 01 2024 04: +0,1709265600
0.189,1,Mar 01 2024 17: +0,1709312400
0.205,1,Mar 01 2024 18: +0,1709316000
0.206,1,Mar 02 2024 05: +0,1709355600
0.208,1,Mar 02 2024 08: +0,1709366400
0.166,1,Mar 02 2024 12: +0,1709380800
0.164,1,Mar 02 2024 14: +0,1709388000
0.205,1,Mar 02 2024 17: +0,1709398800
0.208,1,Mar 02 2024 19: +0,1709406000
0.211,1,Mar 02 2024 20: +0,1709409600
0.226,1,Mar 03 2024 00: +0,1709424000
0.218,1,Mar 03 2024 11: +0,1709463600
0.232,1,Mar 03 2024 20: +0,1709496000
0.232,1,Mar 03 2024 21: +0,1709499600
0.228,1,Mar 04 2024 00: +0,1709510400
0.164,1,Mar 04 2024 09: +0,1709542800
0.133,1,Mar 04 2024 15: +0,1709564400
0.242,12,Mar 04 2024 20: +0,1709582400
0.394,15,Mar 04 2024 21: +0,1709586000
0.391,1,Mar 05 2024 05: +0,1709614800
0.364,2,Mar 05 2024 10: +0,1709632800
0.386,1,Mar 05 2024 18: +0,1709661600
0.386,1,Mar 05 2024 20: +0,1709668800
0.273,1,Mar 06 2024 09: +0,1709715600
0.339,1,Mar 06 2024 11: +0,1709722800
0.339,1,Mar 06 2024 14: +0,1709733600
0.333,1,Mar 06 2024 19: +0,1709751600
0.262,1,Mar 07 2024 02: +0,1709776800
0.338,1,Mar 07 2024 10: +0,1709805600
0.323,1,Mar 07 2024 16: +0,1709827200
0.338,1,Mar 07 2024 17: +0,1709830800
0.338,1,Mar 07 2024 21: +0,1709845200
0.334,2,Mar 08 2024 01: +0,1709859600
0.336,1,Mar 08 2024 05: +0,1709874000
0.3,1,Mar 08 2024 07: +0,1709881200
0.323,1,Mar 09 2024 05: +0,1709960400
0.296,1,Mar 09 2024 20: +0,1710014400
0.284,1,Mar 09 2024 23: +0,1710025200
0.265,1,Mar 10 2024 12: +0,1710072000
0.273,1,Mar 10 2024 13: +0,1710075600
0.296,1,Mar 10 2024 15: +0,1710082800
0.234,1,Mar 10 2024 23: +0,1710111600
0.235,12,Mar 11 2024 01: +0,1710118800
0.277,1,Mar 11 2024 05: +0,1710133200
0.148,1,Mar 11 2024 17: +0,1710176400
0.233,2,Mar 11 2024 18: +0,1710180000
0.241,4,Mar 11 2024 21: +0,1710190800
0.221,1,Mar 13 2024 14: +0,1710338400
0.268,1,Mar 13 2024 17: +0,1710349200
0.223,2,Mar 14 2024 11: +0,1710414000
0.245,1,Mar 14 2024 12: +0,1710417600
0.251,2,Mar 14 2024 14: +0,1710424800
0.229,3,Mar 14 2024 17: +0,1710435600
0.207,1,Mar 14 2024 22: +0,1710453600
0.206,2,Mar 15 2024 01: +0,1710464400
0.197,1,Mar 15 2024 04: +0,1710475200
0.206,1,Mar 15 2024 18: +0,1710525600
0.184,1,Mar 16 2024 09: +0,1710579600
0.206,1,Mar 16 2024 14: +0,1710597600
0.187,1,Mar 16 2024 19: +0,1710615600
0.214,2,Mar 16 2024 23: +0,1710630000
0.208,6,Mar 17 2024 04: +0,1710648000
0.2,1,Mar 17 2024 10: +0,1710669600
0.255,2,Mar 17 2024 13: +0,1710680400
0.263,1,Mar 17 2024 17: +0,1710694800
0.261,1,Mar 18 2024 14: +0,1710770400
0.257,1,Mar 18 2024 15: +0,1710774000
0.19,1,Mar 19 2024 11: +0,1710846000
0.255,1,Mar 19 2024 23: +0,1710889200
0.258,2,Mar 20 2024 03: +0,1710903600
0.221,1,Mar 20 2024 20: +0,1710964800
0.197,1,Mar 20 2024 21: +0,1710968400
0.227,3,Mar 20 2024 22: +0,1710972000
0.18,1,Mar 21 2024 02: +0,1710986400
0.138,2,Mar 21 2024 04: +0,1710993600
0.172,1,Mar 21 2024 09: +0,1711011600
0.221,1,Mar 21 2024 13: +0,1711026000
0.208,1,Mar 21 2024 23: +0,1711062000
0.2,1,Mar 22 2024 15: +0,1711119600
0.188,1,Mar 22 2024 17: +0,1711126800
0.208,1,Mar 22 2024 21: +0,1711141200
0.214,1,Mar 23 2024 05: +0,1711170000
0.166,1,Mar 23 2024 08: +0,1711180800
0.229,1,Mar 23 2024 10: +0,1711188000
0.219,1,Mar 24 2024 12: +0,1711281600
0.19,2,Mar 24 2024 19: +0,1711306800
0.164,2,Mar 24 2024 20: +0,1711310400
0.223,1,Mar 25 2024 02: +0,1711332000
0.217,1,Mar 25 2024 14: +0,1711375200
0.163,1,Mar 25 2024 16: +0,1711382400
0.163,1,Mar 25 2024 17: +0,1711386000
0.157,1,Mar 25 2024 19: +0,1711393200
0.166,2,Mar 25 2024 21: +0,1711400400
0.222,1,Mar 26 2024 00: +0,1711411200
0.157,2,Mar 26 2024 04: +0,1711425600
0.224,1,Mar 26 2024 06: +0,1711432800
0.157,1,Mar 26 2024 10: +0,1711447200
0.219,2,Mar 26 2024 17: +0,1711472400
0.16,1,Mar 26 2024 19: +0,1711479600
0.218,1,Mar 27 2024 17: +0,1711558800
0.2,1,Mar 28 2024 00: +0,1711584000
0.214,3,Mar 28 2024 18: +0,1711648800
0.223,1,Mar 28 2024 20: +0,1711656000
0.168,1,Mar 28 2024 21: +0,1711659600
0.222,1,Mar 29 2024 03: +0,1711681200
0.209,2,Mar 29 2024 18: +0,1711735200
0.224,1,Mar 29 2024 20: +0,1711742400
0.229,1,Mar 29 2024 21: +0,1711746000
0.176,1,Mar 30 2024 07: +0,1711782000
0.168,1,Mar 30 2024 09: +0,1711789200
0.23,1,Mar 30 2024 10: +0,1711792800
0.173,1,Mar 30 2024 15: +0,1711810800
0.229,1,Mar 31 2024 01: +0,1711846800
0.227,1,Mar 31 2024 03: +0,1711850400
0.229,1,Mar 31 2024 04: +0,1711854000
0.242,2,Mar 31 2024 10: +0,1711875600
0.239,1,Mar 31 2024 17: +0,1711900800
0.245,1,Mar 31 2024 20: +0,1711911600
0.247,1,Mar 31 2024 21: +0,1711915200
0.166,1,Apr 01 2024 04: +0,1711940400
0.236,1,Apr 01 2024 12: +0,1711969200
0.214,2,Apr 01 2024 13: +0,1711972800
0.166,1,Apr 02 2024 01: +0,1712016000
0.236,1,Apr 02 2024 02: +0,1712019600
0.246,1,Apr 02 2024 14: +0,1712062800
0.253,1,Apr 03 2024 04: +0,1712113200
0.23,2,Apr 03 2024 09: +0,1712131200
0.172,1,Apr 03 2024 17: +0,1712160000
0.253,1,Apr 03 2024 21: +0,1712174400
0.251,1,Apr 03 2024 23: +0,1712181600
0.259,1,Apr 04 2024 04: +0,1712199600
0.189,4,Apr 04 2024 20: +0,1712257200
0.179,1,Apr 04 2024 21: +0,1712260800
0.216,1,Apr 05 2024 06: +0,1712293200
0.23,2,Apr 05 2024 20: +0,1712343600
0.225,2,Apr 06 2024 04: +0,1712372400
0.177,1,Apr 06 2024 06: +0,1712379600
0.238,3,Apr 06 2024 15: +0,1712412000
0.173,1,Apr 06 2024 16: +0,1712415600
0.256,2,Apr 06 2024 18: +0,1712422800
0.257,1,Apr 06 2024 19: +0,1712426400
0.256,3,Apr 06 2024 21: +0,1712433600
0.24,1,Apr 06 2024 22: +0,1712437200
0.184,1,Apr 07 2024 01: +0,1712448000
0.224,1,Apr 07 2024 06: +0,1712466000
0.193,1,Apr 07 2024 11: +0,1712484000
0.224,1,Apr 07 2024 18: +0,1712509200
0.24,2,Apr 08 2024 00: +0,1712530800
0.256,1,Apr 08 2024 08: +0,1712559600
0.179,1,Apr 08 2024 17: +0,1712592000
0.193,1,Apr 08 2024 21: +0,1712606400
0.256,5,Apr 09 2024 00: +0,1712617200
0.258,1,Apr 09 2024 14: +0,1712667600
0.257,1,Apr 09 2024 15: +0,1712671200
0.208,1,Apr 09 2024 21: +0,1712692800
0.26,1,Apr 09 2024 23: +0,1712700000
0.258,1,Apr 10 2024 04: +0,1712718000
0.253,1,Apr 10 2024 06: +0,1712725200
0.249,5,Apr 10 2024 16: +0,1712761200
0.249,16,Apr 10 2024 18: +0,1712768400
0.258,1,Apr 10 2024 19: +0,1712772000
0.263,1,Apr 11 2024 17: +0,1712851200
0.264,1,Apr 11 2024 19: +0,1712858400
0.265,1,Apr 11 2024 20: +0,1712862000
0.259,1,Apr 12 2024 03: +0,1712887200
0.225,1,Apr 12 2024 14: +0,1712926800
0.265,1,Apr 12 2024 15: +0,1712930400
0.265,2,Apr 12 2024 20: +0,1712948400
0.249,1,Apr 12 2024 21: +0,1712952000
0.264,1,Apr 13 2024 05: +0,1712980800
0.264,1,Apr 13 2024 06: +0,1712984400
0.266,1,Apr 13 2024 18: +0,1713027600
0.265,2,Apr 14 2024 00: +0,1713049200
0.252,1,Apr 14 2024 07: +0,1713074400
0.254,1,Apr 14 2024 17: +0,1713110400
0.252,2,Apr 14 2024 21: +0,1713124800
0.226,2,Apr 15 2024 05: +0,1713153600
0.266,1,Apr 15 2024 11: +0,1713175200
0.207,1,Apr 15 2024 14: +0,1713186000
0.266,1,Apr 15 2024 15: +0,1713189600
0.266,1,Apr 15 2024 18: +0,1713200400
0.269,1,Apr 16 2024 13: +0,1713268800
0.249,1,Apr 17 2024 18: +0,1713373200
0.226,1,Apr 18 2024 13: +0,1713441600
0.267,2,Apr 18 2024 18: +0,1713459600
0.269,2,Apr 19 2024 01: +0,1713484800
0.27,1,Apr 19 2024 22: +0,1713560400
0.223,1,Apr 20 2024 12: +0,1713610800
0.233,2,Apr 20 2024 16: +0,1713625200
0.239,1,Apr 20 2024 17: +0,1713628800
0.256,2,Apr 20 2024 20: +0,1713639600
0.225,1,Apr 21 2024 17: +0,1713715200
0.267,1,Apr 21 2024 19: +0,1713722400
0.264,2,Apr 22 2024 19: +0,1713808800
0.213,1,Apr 22 2024 23: +0,1713823200
0.273,1,Apr 23 2024 03: +0,1713837600
0.275,1,Apr 23 2024 15: +0,1713880800
0.231,1,Apr 23 2024 17: +0,1713888000
0.231,2,Apr 23 2024 18: +0,1713891600
0.275,1,Apr 24 2024 07: +0,1713938400
0.231,2,Apr 24 2024 21: +0,1713988800
0.276,1,Apr 25 2024 00: +0,1713999600
0.274,1,Apr 25 2024 04: +0,1714014000
0.274,1,Apr 25 2024 09: +0,1714032000
0.227,1,Apr 25 2024 12: +0,1714042800
0.227,1,Apr 25 2024 15: +0,1714053600
0.242,1,Apr 25 2024 23: +0,1714082400
0.246,1,Apr 26 2024 05: +0,1714104000
0.275,1,Apr 26 2024 10: +0,1714122000
0.266,3,Apr 26 2024 18: +0,1714150800
0.226,1,Apr 26 2024 19: +0,1714154400
0.229,2,Apr 26 2024 21: +0,1714161600
0.28,1,Apr 27 2024 09: +0,1714204800
0.249,2,Apr 27 2024 21: +0,1714248000
0.277,1,Apr 27 2024 22: +0,1714251600
0.277,1,Apr 28 2024 15: +0,1714312800
0.224,1,Apr 29 2024 07: +0,1714370400
0.224,1,Apr 29 2024 09: +0,1714377600
0.255,1,Apr 29 2024 17: +0,1714406400
0.265,1,Apr 30 2024 00: +0,1714431600
0.259,1,Apr 30 2024 19: +0,1714500000
0.267,2,May 01 2024 05: +0,1714536000
0.27,2,May 01 2024 07: +0,1714543200
0.24,1,May 01 2024 17: +0,1714579200
0.274,1,May 01 2024 19: +0,1714586400
0.279,1,May 01 2024 20: +0,1714590000
0.254,1,May 02 2024 15: +0,1714658400
0.284,2,May 02 2024 16: +0,1714662000
0.248,1,May 03 2024 09: +0,1714723200
0.24,1,May 03 2024 16: +0,1714748400
0.224,2,May 03 2024 17: +0,1714752000
0.222,1,May 03 2024 19: +0,1714759200
0.2,1,May 03 2024 22: +0,1714770000
0.276,1,May 04 2024 05: +0,1714795200
0.283,3,May 04 2024 14: +0,1714827600
0.298,1,May 04 2024 15: +0,1714831200
0.296,2,May 04 2024 22: +0,1714856400
0.309,1,May 05 2024 06: +0,1714885200
0.232,1,May 05 2024 20: +0,1714935600
0.224,1,May 06 2024 04: +0,1714964400
0.285,1,May 06 2024 09: +0,1714982400
0.232,1,May 06 2024 12: +0,1714993200
0.241,3,May 06 2024 20: +0,1715022000
0.219,2,May 07 2024 23: +0,1715119200
0.268,1,May 08 2024 09: +0,1715155200
0.248,1,May 08 2024 11: +0,1715162400
0.148,1,May 08 2024 13: +0,1715169600
0.256,3,May 09 2024 06: +0,1715230800
0.266,1,May 09 2024 07: +0,1715234400
0.253,1,May 09 2024 16: +0,1715266800
0.248,1,May 09 2024 19: +0,1715277600
0.246,1,May 10 2024 01: +0,1715299200
0.247,1,May 10 2024 05: +0,1715313600
0.241,1,May 10 2024 10: +0,1715331600
0.213,1,May 10 2024 12: +0,1715338800
0.187,2,May 10 2024 19: +0,1715364000
0.238,1,May 11 2024 16: +0,1715439600
0.182,1,May 11 2024 20: +0,1715454000
0.198,1,May 12 2024 01: +0,1715472000
0.147,1,May 12 2024 09: +0,1715500800
0.235,1,May 12 2024 16: +0,1715526000
0.23,2,May 13 2024 06: +0,1715576400
0.235,1,May 13 2024 20: +0,1715626800
0.246,1,May 14 2024 15: +0,1715695200
0.248,1,May 14 2024 19: +0,1715709600
0.249,1,May 15 2024 00: +0,1715727600
0.248,1,May 15 2024 13: +0,1715774400
0.248,1,May 15 2024 23: +0,1715810400
0.213,1,May 16 2024 07: +0,1715839200
0.22,1,May 16 2024 17: +0,1715875200
0.227,1,May 17 2024 08: +0,1715929200
0.237,1,May 17 2024 11: +0,1715940000
0.202,2,May 17 2024 12: +0,1715943600
0.199,1,May 17 2024 13: +0,1715947200
0.182,1,May 17 2024 22: +0,1715979600
0.208,20,May 18 2024 08: +0,1716015600
0.236,1,May 18 2024 10: +0,1716022800
0.189,1,May 18 2024 14: +0,1716037200
0.225,1,May 19 2024 15: +0,1716127200
0.22,2,May 20 2024 04: +0,1716174000
0.186,2,May 20 2024 07: +0,1716184800
0.199,1,May 20 2024 18: +0,1716224400
0.227,1,May 20 2024 21: +0,1716235200
0.237,2,May 20 2024 22: +0,1716238800
0.237,2,May 21 2024 20: +0,1716318000
0.18,1,May 22 2024 05: +0,1716350400
0.189,1,May 22 2024 11: +0,1716372000
0.18,1,May 22 2024 18: +0,1716397200
0.184,2,May 22 2024 19: +0,1716400800
0.218,1,May 22 2024 21: +0,1716408000
0.23,1,May 23 2024 17: +0,1716480000
0.23,1,May 23 2024 18: +0,1716483600
0.234,1,May 24 2024 06: +0,1716526800
0.217,1,May 24 2024 12: +0,1716548400
0.178,1,May 24 2024 14: +0,1716555600
0.183,2,May 24 2024 18: +0,1716570000
0.178,2,May 24 2024 19: +0,1716573600
0.172,1,May 26 2024 23: +0,1716760800
0.206,3,May 27 2024 06: +0,1716786000
0.207,2,May 27 2024 10: +0,1716800400
0.225,2,May 27 2024 15: +0,1716818400
0.236,3,May 27 2024 19: +0,1716832800
0.236,1,May 28 2024 00: +0,1716850800
0.236,1,May 28 2024 02: +0,1716858000
0.247,1,May 28 2024 04: +0,1716865200
0.24,2,May 28 2024 21: +0,1716926400
0.212,1,May 29 2024 06: +0,1716958800
0.243,2,May 29 2024 09: +0,1716969600
0.256,1,May 29 2024 14: +0,1716987600
0.235,2,May 30 2024 14: +0,1717074000
0.179,1,May 30 2024 19: +0,1717092000
0.243,1,May 30 2024 20: +0,1717095600
0.227,1,May 31 2024 15: +0,1717164000
0.231,2,May 31 2024 16: +0,1717167600
0.217,1,May 31 2024 20: +0,1717182000
0.251,1,Jun 01 2024 01: +0,1717200000
0.301,25,Jun 01 2024 13: +0,1717243200
0.223,5,Jun 01 2024 22: +0,1717275600
0.28,1,Jun 02 2024 08: +0,1717311600
0.243,1,Jun 02 2024 20: +0,1717354800
0.235,1,Jun 02 2024 22: +0,1717362000
0.305,1,Jun 03 2024 03: +0,1717380000
0.261,1,Jun 03 2024 11: +0,1717408800
0.358,1,Jun 03 2024 16: +0,1717426800
0.363,4,Jun 03 2024 23: +0,1717452000
0.326,1,Jun 04 2024 10: +0,1717491600
0.327,1,Jun 04 2024 14: +0,1717506000
0.326,1,Jun 04 2024 22: +0,1717534800
0.323,1,Jun 05 2024 04: +0,1717556400
0.172,1,Jun 05 2024 14: +0,1717592400
0.253,1,Jun 06 2024 17: +0,1717689600
0.253,1,Jun 07 2024 09: +0,1717747200
0.299,1,Jun 07 2024 11: +0,1717754400
0.299,1,Jun 07 2024 23: +0,1717797600
0.292,3,Jun 08 2024 00: +0,1717801200
0.311,1,Jun 08 2024 02: +0,1717808400
0.308,1,Jun 08 2024 14: +0,1717851600
0.238,2,Jun 08 2024 17: +0,1717862400
0.288,1,Jun 08 2024 21: +0,1717876800
0.283,1,Jun 09 2024 19: +0,1717956000
0.234,1,Jun 11 2024 05: +0,1718078400
0.263,1,Jun 11 2024 10: +0,1718096400
0.217,1,Jun 12 2024 12: +0,1718190000
0.294,1,Jun 13 2024 02: +0,1718240400
0.245,1,Jun 13 2024 08: +0,1718262000
0.2,1,Jun 13 2024 23: +0,1718316000
0.282,4,Jun 14 2024 11: +0,1718359200
0.284,1,Jun 14 2024 17: +0,1718380800
0.292,1,Jun 15 2024 02: +0,1718413200
0.292,2,Jun 15 2024 16: +0,1718463600
0.296,2,Jun 15 2024 17: +0,1718467200
