price,quantity,date,unix timestamp
1.898,65,Jun 16 2016 01: +0,1466035200
1.031,44,Jun 17 2016 01: +0,1466121600
0.911,61,Jun 18 2016 01: +0,1466208000
0.739,39,Jun 19 2016 01: +0,1466294400
0.703,56,Jun 20 2016 01: +0,1466380800
0.797,37,Jun 21 2016 01: +0,1466467200
0.636,40,Jun 22 2016 01: +0,1466553600
0.646,43,Jun 23 2016 01: +0,1466640000
0.667,24,Jun 24 2016 01: +0,1466726400
0.649,32,Jun 25 2016 01: +0,1466812800
0.568,23,Jun 26 2016 01: +0,1466899200
0.495,35,Jun 27 2016 01: +0,1466985600
0.495,38,Jun 28 2016 01: +0,1467072000
0.424,56,Jun 29 2016 01: +0,1467158400
0.475,54,Jun 30 2016 01: +0,1467244800
0.515,30,Jul 01 2016 01: +0,1467331200
0.472,37,Jul 02 2016 01: +0,1467417600
0.516,32,Jul 03 2016 01: +0,1467504000
0.472,46,Jul 04 2016 01: +0,1467590400
0.459,39,Jul 05 2016 01: +0,1467676800
0.426,43,Jul 06 2016 01: +0,1467763200
0.464,45,Jul 07 2016 01: +0,1467849600
0.481,53,Jul 08 2016 01: +0,1467936000
0.511,80,Jul 09 2016 01: +0,1468022400
0.445,43,Jul 10 2016 01: +0,1468108800
0.386,36,Jul 11 2016 01: +0,1468195200
0.382,52,Jul 12 2016 01: +0,1468281600
0.393,31,Jul 13 2016 01: +0,1468368000
0.395,53,Jul 14 2016 01: +0,1468454400
0.389,44,Jul 15 2016 01: +0,1468540800
0.41,62,Jul 16 2016 01: +0,1468627200
0.397,68,Jul 17 2016 01: +0,1468713600
0.439,58,Jul 18 2016 01: +0,1468800000
0.426,53,Jul 19 2016 01: +0,1468886400
0.498,54,Jul 20 2016 01: +0,1468972800
0.497,25,Jul 21 2016 01: +0,1469059200
0.386,30,Jul 22 2016 01: +0,1469145600
0.358,45,Jul 23 2016 01: +0,1469232000
0.325,50,Jul 24 2016 01: +0,1469318400
0.321,49,Jul 25 2016 01: +0,1469404800
0.35,62,Jul 26 2016 01: +0,1469491200
0.337,43,Jul 27 2016 01: +0,1469577600
0.31,50,Jul 28 2016 01: +0,1469664000
0.299,49,Jul 29 2016 01: +0,1469750400
0.327,66,Jul 30 2016 01: +0,1469836800
0.317,65,Jul 31 2016 01: +0,1469923200
0.37,35,Aug 01 2016 01: +0,1470009600
0.334,47,Aug 02 2016 01: +0,1470096000
0.318,37,Aug 03 2016 01: +0,1470182400
0.323,65,Aug 04 2016 01: +0,1470268800
0.319,46,Aug 05 2016 01: +0,1470355200
0.278,51,Aug 06 2016 01: +0,1470441600
0.286,47,Aug 07 2016 01: +0,1470528000
0.297,63,Aug 08 2016 01: +0,1470614400
0.3,37,Aug 09 2016 01: +0,1470700800
0.285,47,Aug 10 2016 01: +0,1470787200
0.27,47,Aug 11 2016 01: +0,1470873600
0.258,50,Aug 12 2016 01: +0,1470960000
0.245,49,Aug 13 2016 01: +0,1471046400
0.235,71,Aug 14 2016 01: +0,1471132800
0.247,77,Aug 15 2016 01: +0,1471219200
0.254,73,Aug 16 2016 01: +0,1471305600
0.261,70,Aug 17 2016 01: +0,1471392000
0.273,83,Aug 18 2016 01: +0,1471478400
0.264,65,Aug 19 2016 01: +0,1471564800
0.249,76,Aug 20 2016 01: +0,1471651200
0.234,69,Aug 21 2016 01: +0,1471737600
0.243,66,Aug 22 2016 01: +0,1471824000
0.241,64,Aug 23 2016 01: +0,1471910400
0.238,64,Aug 24 2016 01: +0,1471996800
0.226,72,Aug 25 2016 01: +0,1472083200
0.235,63,Aug 26 2016 01: +0,1472169600
0.237,87,Aug 27 2016 01: +0,1472256000
0.229,63,Aug 28 2016 01: +0,1472342400
0.229,57,Aug 29 2016 01: +0,1472428800
0.238,65,Aug 30 2016 01: +0,1472515200
0.225,69,Aug 31 2016 01: +0,1472601600
0.234,78,Sep 01 2016 01: +0,1472688000
0.231,54,Sep 02 2016 01: +0,1472774400
0.228,63,Sep 03 2016 01: +0,1472860800
0.233,81,Sep 04 2016 01: +0,1472947200
0.243,67,Sep 05 2016 01: +0,1473033600
0.244,48,Sep 06 2016 01: +0,1473120000
0.229,49,Sep 07 2016 01: +0,1473206400
0.21,44,Sep 08 2016 01: +0,1473292800
0.212,54,Sep 09 2016 01: +0,1473379200
0.216,72,Sep 10 2016 01: +0,1473465600
0.212,77,Sep 11 2016 01: +0,1473552000
0.199,68,Sep 12 2016 01: +0,1473638400
0.188,68,Sep 13 2016 01: +0,1473724800
0.192,57,Sep 14 2016 01: +0,1473811200
0.187,69,Sep 15 2016 01: +0,1473897600
0.188,78,Sep 16 2016 01: +0,1473984000
0.2,68,Sep 17 2016 01: +0,1474070400
0.197,62,Sep 18 2016 01: +0,1474156800
0.177,45,Sep 19 2016 01: +0,1474243200
0.182,63,Sep 20 2016 01: +0,1474329600
0.195,62,Sep 21 2016 01: +0,1474416000
0.202,49,Sep 22 2016 01: +0,1474502400
0.192,61,Sep 23 2016 01: +0,1474588800
0.205,57,Sep 24 2016 01: +0,1474675200
0.189,69,Sep 25 2016 01: +0,1474761600
0.193,65,Sep 26 2016 01: +0,1474848000
0.185,37,Sep 27 2016 01: +0,1474934400
0.18,50,Sep 28 2016 01: +0,1475020800
0.187,58,Sep 29 2016 01: +0,1475107200
0.192,67,Sep 30 2016 01: +0,1475193600
0.19,61,Oct 01 2016 01: +0,1475280000
0.175,80,Oct 02 2016 01: +0,1475366400
0.194,59,Oct 03 2016 01: +0,1475452800
0.184,63,Oct 04 2016 01: +0,1475539200
0.189,48,Oct 05 2016 01: +0,1475625600
0.183,58,Oct 06 2016 01: +0,1475712000
0.175,62,Oct 07 2016 01: +0,1475798400
0.173,76,Oct 08 2016 01: +0,1475884800
0.19,79,Oct 09 2016 01: +0,1475971200
0.183,56,Oct 10 2016 01: +0,1476057600
0.189,60,Oct 11 2016 01: +0,1476144000
0.191,52,Oct 12 2016 01: +0,1476230400
0.172,60,Oct 13 2016 01: +0,1476316800
0.171,66,Oct 14 2016 01: +0,1476403200
0.187,70,Oct 15 2016 01: +0,1476489600
0.172,73,Oct 16 2016 01: +0,1476576000
0.186,56,Oct 17 2016 01: +0,1476662400
0.179,48,Oct 18 2016 01: +0,1476748800
0.171,47,Oct 19 2016 01: +0,1476835200
0.182,41,Oct 20 2016 01: +0,1476921600
0.17,50,Oct 21 2016 01: +0,1477008000
0.169,66,Oct 22 2016 01: +0,1477094400
0.169,81,Oct 23 2016 01: +0,1477180800
0.16,48,Oct 24 2016 01: +0,1477267200
0.171,45,Oct 25 2016 01: +0,1477353600
0.175,33,Oct 26 2016 01: +0,1477440000
0.164,67,Oct 27 2016 01: +0,1477526400
0.176,54,Oct 28 2016 01: +0,1477612800
0.176,84,Oct 29 2016 01: +0,1477699200
0.175,67,Oct 30 2016 01: +0,1477785600
0.17,55,Oct 31 2016 01: +0,1477875600
0.169,49,Nov 01 2016 01: +0,1477962000
0.199,53,Nov 02 2016 01: +0,1478048400
0.182,36,Nov 03 2016 01: +0,1478134800
0.186,74,Nov 04 2016 01: +0,1478221200
0.216,52,Nov 05 2016 01: +0,1478307600
0.25,51,Nov 06 2016 01: +0,1478394000
0.203,42,Nov 07 2016 01: +0,1478480400
0.217,40,Nov 08 2016 01: +0,1478566800
0.201,53,Nov 09 2016 01: +0,1478653200
0.207,36,Nov 10 2016 01: +0,1478739600
0.191,55,Nov 11 2016 01: +0,1478826000
0.187,55,Nov 12 2016 01: +0,1478912400
0.185,59,Nov 13 2016 01: +0,1478998800
0.186,42,Nov 14 2016 01: +0,1479085200
0.186,46,Nov 15 2016 01: +0,1479171600
0.178,48,Nov 16 2016 01: +0,1479258000
0.173,60,Nov 17 2016 01: +0,1479344400
0.172,57,Nov 18 2016 01: +0,1479430800
0.178,82,Nov 19 2016 01: +0,1479517200
0.175,65,Nov 20 2016 01: +0,1479603600
0.165,41,Nov 21 2016 01: +0,1479690000
0.172,58,Nov 22 2016 01: +0,1479776400
0.165,50,Nov 23 2016 01: +0,1479862800
0.171,56,Nov 24 2016 01: +0,1479949200
0.165,54,Nov 25 2016 01: +0,1480035600
0.164,51,Nov 26 2016 01: +0,1480122000
0.162,57,Nov 27 2016 01: +0,1480208400
0.153,56,Nov 28 2016 01: +0,1480294800
0.155,41,Nov 29 2016 01: +0,1480381200
0.163,45,Nov 30 2016 01: +0,1480467600
0.168,66,Dec 01 2016 01: +0,1480554000
0.168,73,Dec 02 2016 01: +0,1480640400
0.177,94,Dec 03 2016 01: +0,1480726800
0.201,65,Dec 04 2016 01: +0,1480813200
0.181,53,Dec 05 2016 01: +0,1480899600
0.18,56,Dec 06 2016 01: +0,1480986000
0.185,37,Dec 07 2016 01: +0,1481072400
0.169,50,Dec 08 2016 01: +0,1481158800
0.183,59,Dec 09 2016 01: +0,1481245200
0.202,73,Dec 10 2016 01: +0,1481331600
0.215,56,Dec 11 2016 01: +0,1481418000
0.187,60,Dec 12 2016 01: +0,1481504400
0.185,47,Dec 13 2016 01: +0,1481590800
0.187,41,Dec 14 2016 01: +0,1481677200
0.177,51,Dec 15 2016 01: +0,1481763600
0.172,48,Dec 16 2016 01: +0,1481850000
0.173,57,Dec 17 2016 01: +0,1481936400
0.158,58,Dec 18 2016 01: +0,1482022800
0.173,64,Dec 19 2016 01: +0,1482109200
0.176,50,Dec 20 2016 01: +0,1482195600
0.178,49,Dec 21 2016 01: +0,1482282000
0.174,55,Dec 22 2016 01: +0,1482368400
0.158,61,Dec 23 2016 01: +0,1482454800
0.166,59,Dec 24 2016 01: +0,1482541200
0.169,75,Dec 25 2016 01: +0,1482627600
0.172,83,Dec 26 2016 01: +0,1482714000
0.206,78,Dec 27 2016 01: +0,1482800400
0.213,79,Dec 28 2016 01: +0,1482886800
0.205,61,Dec 29 2016 01: +0,1482973200
0.194,86,Dec 30 2016 01: +0,1483059600
0.195,47,Dec 31 2016 01: +0,1483146000
0.197,79,Jan 01 2017 01: +0,1483232400
0.221,54,Jan 02 2017 01: +0,1483318800
0.244,55,Jan 03 2017 01: +0,1483405200
0.248,42,Jan 04 2017 01: +0,1483491600
0.22,52,Jan 05 2017 01: +0,1483578000
0.225,46,Jan 06 2017 01: +0,1483664400
0.231,52,Jan 07 2017 01: +0,1483750800
0.217,58,Jan 08 2017 01: +0,1483837200
0.216,53,Jan 09 2017 01: +0,1483923600
0.21,45,Jan 10 2017 01: +0,1484010000
0.21,42,Jan 11 2017 01: +0,1484096400
0.191,46,Jan 12 2017 01: +0,1484182800
0.191,73,Jan 13 2017 01: +0,1484269200
0.204,55,Jan 14 2017 01: +0,1484355600
0.189,55,Jan 15 2017 01: +0,1484442000
0.213,43,Jan 16 2017 01: +0,1484528400
0.202,44,Jan 17 2017 01: +0,1484614800
0.19,39,Jan 18 2017 01: +0,1484701200
0.189,48,Jan 19 2017 01: +0,1484787600
0.19,50,Jan 20 2017 01: +0,1484874000
0.185,64,Jan 21 2017 01: +0,1484960400
0.192,88,Jan 22 2017 01: +0,1485046800
0.194,69,Jan 23 2017 01: +0,1485133200
0.192,68,Jan 24 2017 01: +0,1485219600
0.193,47,Jan 25 2017 01: +0,1485306000
0.188,75,Jan 26 2017 01: +0,1485392400
0.195,54,Jan 27 2017 01: +0,1485478800
0.19,69,Jan 28 2017 01: +0,1485565200
0.195,70,Jan 29 2017 01: +0,1485651600
0.172,71,Jan 30 2017 01: +0,1485738000
0.18,61,Jan 31 2017 01: +0,1485824400
0.181,74,Feb 01 2017 01: +0,1485910800
0.19,69,Feb 02 2017 01: +0,1485997200
0.207,75,Feb 03 2017 01: +0,1486083600
0.214,75,Feb 04 2017 01: +0,1486170000
0.196,49,Feb 05 2017 01: +0,1486256400
0.201,44,Feb 06 2017 01: +0,1486342800
0.194,58,Feb 07 2017 01: +0,1486429200
0.188,62,Feb 08 2017 01: +0,1486515600
0.192,63,Feb 09 2017 01: +0,1486602000
0.189,83,Feb 10 2017 01: +0,1486688400
0.187,73,Feb 11 2017 01: +0,1486774800
0.21,83,Feb 12 2017 01: +0,1486861200
0.201,64,Feb 13 2017 01: +0,1486947600
0.202,62,Feb 14 2017 01: +0,1487034000
0.209,39,Feb 15 2017 01: +0,1487120400
0.2,48,Feb 16 2017 01: +0,1487206800
0.198,48,Feb 17 2017 01: +0,1487293200
0.197,62,Feb 18 2017 01: +0,1487379600
0.198,47,Feb 19 2017 01: +0,1487466000
0.19,43,Feb 20 2017 01: +0,1487552400
0.174,62,Feb 21 2017 01: +0,1487638800
0.181,59,Feb 22 2017 01: +0,1487725200
0.193,67,Feb 23 2017 01: +0,1487811600
0.176,62,Feb 24 2017 01: +0,1487898000
0.18,135,Feb 25 2017 01: +0,1487984400
0.211,64,Feb 26 2017 01: +0,1488070800
0.195,74,Feb 27 2017 01: +0,1488157200
0.194,47,Feb 28 2017 01: +0,1488243600
0.18,68,Mar 01 2017 01: +0,1488330000
0.181,46,Mar 02 2017 01: +0,1488416400
0.183,70,Mar 03 2017 01: +0,1488502800
0.192,75,Mar 04 2017 01: +0,1488589200
0.191,52,Mar 05 2017 01: +0,1488675600
0.369,70,Mar 06 2017 01: +0,1488762000
0.19,44,Mar 07 2017 01: +0,1488848400
0.189,53,Mar 08 2017 01: +0,1488934800
0.195,61,Mar 09 2017 01: +0,1489021200
0.189,62,Mar 10 2017 01: +0,1489107600
0.217,60,Mar 11 2017 01: +0,1489194000
0.196,66,Mar 12 2017 01: +0,1489280400
0.196,56,Mar 13 2017 01: +0,1489366800
0.176,43,Mar 14 2017 01: +0,1489453200
0.183,73,Mar 15 2017 01: +0,1489539600
0.184,76,Mar 16 2017 01: +0,1489626000
0.187,78,Mar 17 2017 01: +0,1489712400
0.184,85,Mar 18 2017 01: +0,1489798800
0.206,106,Mar 19 2017 01: +0,1489885200
0.192,87,Mar 20 2017 01: +0,1489971600
0.198,64,Mar 21 2017 01: +0,1490058000
0.189,91,Mar 22 2017 01: +0,1490144400
0.196,55,Mar 23 2017 01: +0,1490230800
0.185,78,Mar 24 2017 01: +0,1490317200
0.177,117,Mar 25 2017 01: +0,1490403600
0.175,96,Mar 26 2017 01: +0,1490490000
0.166,68,Mar 27 2017 01: +0,1490572800
0.169,65,Mar 28 2017 01: +0,1490659200
0.166,53,Mar 29 2017 01: +0,1490745600
0.173,74,Mar 30 2017 01: +0,1490832000
0.175,62,Mar 31 2017 01: +0,1490918400
0.187,78,Apr 01 2017 01: +0,1491004800
0.181,61,Apr 02 2017 01: +0,1491091200
0.171,67,Apr 03 2017 01: +0,1491177600
0.167,67,Apr 04 2017 01: +0,1491264000
0.167,84,Apr 05 2017 01: +0,1491350400
0.178,58,Apr 06 2017 01: +0,1491436800
0.187,67,Apr 07 2017 01: +0,1491523200
0.179,76,Apr 08 2017 01: +0,1491609600
0.174,57,Apr 09 2017 01: +0,1491696000
0.182,54,Apr 10 2017 01: +0,1491782400
0.172,56,Apr 11 2017 01: +0,1491868800
0.164,63,Apr 12 2017 01: +0,1491955200
0.156,68,Apr 13 2017 01: +0,1492041600
0.168,71,Apr 14 2017 01: +0,1492128000
0.171,76,Apr 15 2017 01: +0,1492214400
0.181,81,Apr 16 2017 01: +0,1492300800
0.178,70,Apr 17 2017 01: +0,1492387200
0.172,80,Apr 18 2017 01: +0,1492473600
0.179,59,Apr 19 2017 01: +0,1492560000
0.176,56,Apr 20 2017 01: +0,1492646400
0.173,66,Apr 21 2017 01: +0,1492732800
0.18,75,Apr 22 2017 01: +0,1492819200
0.183,53,Apr 23 2017 01: +0,1492905600
0.164,69,Apr 24 2017 01: +0,1492992000
0.168,86,Apr 25 2017 01: +0,1493078400
0.174,56,Apr 26 2017 01: +0,1493164800
0.166,59,Apr 27 2017 01: +0,1493251200
0.172,67,Apr 28 2017 01: +0,1493337600
0.16,72,Apr 29 2017 01: +0,1493424000
0.162,70,Apr 30 2017 01: +0,1493510400
0.168,90,May 01 2017 01: +0,1493596800
0.183,81,May 02 2017 01: +0,1493683200
0.191,63,May 03 2017 01: +0,1493769600
0.169,61,May 04 2017 01: +0,1493856000
0.19,53,May 05 2017 01: +0,1493942400
0.22,67,May 06 2017 01: +0,1494028800
0.187,60,May 07 2017 01: +0,1494115200
0.182,58,May 08 2017 01: +0,1494201600
0.162,50,May 09 2017 01: +0,1494288000
0.151,60,May 10 2017 01: +0,1494374400
0.167,65,May 11 2017 01: +0,1494460800
0.177,71,May 12 2017 01: +0,1494547200
0.179,68,May 13 2017 01: +0,1494633600
0.181,71,May 14 2017 01: +0,1494720000
0.185,61,May 15 2017 01: +0,1494806400
0.182,42,May 16 2017 01: +0,1494892800
0.177,52,May 17 2017 01: +0,1494979200
0.18,57,May 18 2017 01: +0,1495065600
0.193,47,May 19 2017 01: +0,1495152000
0.197,58,May 20 2017 01: +0,1495238400
0.181,53,May 21 2017 01: +0,1495324800
0.192,63,May 22 2017 01: +0,1495411200
0.194,55,May 23 2017 01: +0,1495497600
0.168,74,May 24 2017 01: +0,1495584000
0.17,64,May 25 2017 01: +0,1495670400
0.169,83,May 26 2017 01: +0,1495756800
0.175,68,May 27 2017 01: +0,1495843200
0.184,54,May 28 2017 01: +0,1495929600
0.186,58,May 29 2017 01: +0,1496016000
0.195,41,May 30 2017 01: +0,1496102400
0.172,60,May 31 2017 01: +0,1496188800
0.174,83,Jun 01 2017 01: +0,1496275200
0.183,55,Jun 02 2017 01: +0,1496361600
0.181,65,Jun 03 2017 01: +0,1496448000
0.169,65,Jun 04 2017 01: +0,1496534400
0.178,65,Jun 05 2017 01: +0,1496620800
0.188,90,Jun 06 2017 01: +0,1496707200
0.173,53,Jun 07 2017 01: +0,1496793600
0.169,62,Jun 08 2017 01: +0,1496880000
0.173,64,Jun 09 2017 01: +0,1496966400
0.164,56,Jun 10 2017 01: +0,1497052800
0.164,81,Jun 11 2017 01: +0,1497139200
0.172,51,Jun 12 2017 01: +0,1497225600
0.173,50,Jun 13 2017 01: +0,1497312000
0.18,47,Jun 14 2017 01: +0,1497398400
0.166,47,Jun 15 2017 01: +0,1497484800
0.169,60,Jun 16 2017 01: +0,1497571200
0.189,58,Jun 17 2017 01: +0,1497657600
0.187,49,Jun 18 2017 01: +0,1497744000
0.171,49,Jun 19 2017 01: +0,1497830400
0.18,58,Jun 20 2017 01: +0,1497916800
0.175,44,Jun 21 2017 01: +0,1498003200
0.16,43,Jun 22 2017 01: +0,1498089600
0.145,53,Jun 23 2017 01: +0,1498176000
0.152,66,Jun 24 2017 01: +0,1498262400
0.154,53,Jun 25 2017 01: +0,1498348800
0.148,47,Jun 26 2017 01: +0,1498435200
0.145,78,Jun 27 2017 01: +0,1498521600
0.156,55,Jun 28 2017 01: +0,1498608000
0.159,51,Jun 29 2017 01: +0,1498694400
0.163,51,Jun 30 2017 01: +0,1498780800
0.156,59,Jul 01 2017 01: +0,1498867200
0.158,58,Jul 02 2017 01: +0,1498953600
0.163,58,Jul 03 2017 01: +0,1499040000
0.168,68,Jul 04 2017 01: +0,1499126400
0.159,61,Jul 05 2017 01: +0,1499212800
0.161,40,Jul 06 2017 01: +0,1499299200
0.173,55,Jul 07 2017 01: +0,1499385600
0.163,46,Jul 08 2017 01: +0,1499472000
0.166,57,Jul 09 2017 01: +0,1499558400
0.169,44,Jul 10 2017 01: +0,1499644800
0.162,66,Jul 11 2017 01: +0,1499731200
0.169,55,Jul 12 2017 01: +0,1499817600
0.172,61,Jul 13 2017 01: +0,1499904000
0.169,66,Jul 14 2017 01: +0,1499990400
0.165,53,Jul 15 2017 01: +0,1500076800
0.16,56,Jul 16 2017 01: +0,1500163200
0.182,48,Jul 17 2017 01: +0,1500249600
0.18,60,Jul 18 2017 01: +0,1500336000
0.185,55,Jul 19 2017 01: +0,1500422400
0.184,89,Jul 20 2017 01: +0,1500508800
0.205,60,Jul 21 2017 01: +0,1500595200
0.195,54,Jul 22 2017 01: +0,1500681600
0.181,80,Jul 23 2017 01: +0,1500768000
0.169,53,Jul 24 2017 01: +0,1500854400
0.166,53,Jul 25 2017 01: +0,1500940800
0.164,58,Jul 26 2017 01: +0,1501027200
0.159,73,Jul 27 2017 01: +0,1501113600
0.18,62,Jul 28 2017 01: +0,1501200000
0.18,67,Jul 29 2017 01: +0,1501286400
0.204,63,Jul 30 2017 01: +0,1501372800
0.21,34,Jul 31 2017 01: +0,1501459200
0.199,49,Aug 01 2017 01: +0,1501545600
0.201,52,Aug 02 2017 01: +0,1501632000
0.19,73,Aug 03 2017 01: +0,1501718400
0.197,70,Aug 04 2017 01: +0,1501804800
0.198,56,Aug 05 2017 01: +0,1501891200
0.192,52,Aug 06 2017 01: +0,1501977600
0.193,66,Aug 07 2017 01: +0,1502064000
0.195,42,Aug 08 2017 01: +0,1502150400
0.204,51,Aug 09 2017 01: +0,1502236800
0.202,55,Aug 10 2017 01: +0,1502323200
0.22,70,Aug 11 2017 01: +0,1502409600
0.246,67,Aug 12 2017 01: +0,1502496000
0.205,32,Aug 13 2017 01: +0,1502582400
0.196,47,Aug 14 2017 01: +0,1502668800
0.184,63,Aug 15 2017 01: +0,1502755200
0.184,58,Aug 16 2017 01: +0,1502841600
0.191,54,Aug 17 2017 01: +0,1502928000
0.182,64,Aug 18 2017 01: +0,1503014400
0.192,69,Aug 19 2017 01: +0,1503100800
0.188,49,Aug 20 2017 01: +0,1503187200
0.182,55,Aug 21 2017 01: +0,1503273600
0.181,53,Aug 22 2017 01: +0,1503360000
0.181,65,Aug 23 2017 01: +0,1503446400
0.183,61,Aug 24 2017 01: +0,1503532800
0.165,50,Aug 25 2017 01: +0,1503619200
0.181,68,Aug 26 2017 01: +0,1503705600
0.188,42,Aug 27 2017 01: +0,1503792000
0.181,49,Aug 28 2017 01: +0,1503878400
0.182,50,Aug 29 2017 01: +0,1503964800
0.179,38,Aug 30 2017 01: +0,1504051200
0.182,43,Aug 31 2017 01: +0,1504137600
0.177,60,Sep 01 2017 01: +0,1504224000
0.209,43,Sep 02 2017 01: +0,1504310400
0.183,57,Sep 03 2017 01: +0,1504396800
0.176,33,Sep 04 2017 01: +0,1504483200
0.176,38,Sep 05 2017 01: +0,1504569600
0.179,40,Sep 06 2017 01: +0,1504656000
0.207,66,Sep 07 2017 01: +0,1504742400
0.191,57,Sep 08 2017 01: +0,1504828800
0.167,47,Sep 09 2017 01: +0,1504915200
0.164,63,Sep 10 2017 01: +0,1505001600
0.175,40,Sep 11 2017 01: +0,1505088000
0.164,41,Sep 12 2017 01: +0,1505174400
0.173,67,Sep 13 2017 01: +0,1505260800
0.182,43,Sep 14 2017 01: +0,1505347200
0.196,64,Sep 15 2017 01: +0,1505433600
0.197,51,Sep 16 2017 01: +0,1505520000
0.185,50,Sep 17 2017 01: +0,1505606400
0.168,44,Sep 18 2017 01: +0,1505692800
0.163,45,Sep 19 2017 01: +0,1505779200
0.157,52,Sep 20 2017 01: +0,1505865600
0.174,41,Sep 21 2017 01: +0,1505952000
0.168,41,Sep 22 2017 01: +0,1506038400
0.163,57,Sep 23 2017 01: +0,1506124800
0.168,61,Sep 24 2017 01: +0,1506211200
0.157,45,Sep 25 2017 01: +0,1506297600
0.155,34,Sep 26 2017 01: +0,1506384000
0.16,35,Sep 27 2017 01: +0,1506470400
0.163,30,Sep 28 2017 01: +0,1506556800
0.16,56,Sep 29 2017 01: +0,1506643200
0.155,41,Sep 30 2017 01: +0,1506729600
0.17,68,Oct 01 2017 01: +0,1506816000
0.167,49,Oct 02 2017 01: +0,1506902400
0.179,47,Oct 03 2017 01: +0,1506988800
0.169,58,Oct 04 2017 01: +0,1507075200
0.164,42,Oct 05 2017 01: +0,1507161600
0.171,49,Oct 06 2017 01: +0,1507248000
0.172,38,Oct 07 2017 01: +0,1507334400
0.166,54,Oct 08 2017 01: +0,1507420800
0.165,42,Oct 09 2017 01: +0,1507507200
0.155,43,Oct 10 2017 01: +0,1507593600
0.164,42,Oct 11 2017 01: +0,1507680000
0.162,44,Oct 12 2017 01: +0,1507766400
0.174,41,Oct 13 2017 01: +0,1507852800
0.179,53,Oct 14 2017 01: +0,1507939200
0.16,45,Oct 15 2017 01: +0,1508025600
0.155,36,Oct 16 2017 01: +0,1508112000
0.166,40,Oct 17 2017 01: +0,1508198400
0.167,52,Oct 18 2017 01: +0,1508284800
0.167,55,Oct 19 2017 01: +0,1508371200
0.178,33,Oct 20 2017 01: +0,1508457600
0.171,58,Oct 21 2017 01: +0,1508544000
0.177,36,Oct 22 2017 01: +0,1508630400
0.182,37,Oct 23 2017 01: +0,1508716800
0.175,34,Oct 24 2017 01: +0,1508803200
0.164,33,Oct 25 2017 01: +0,1508889600
0.175,44,Oct 26 2017 01: +0,1508976000
0.176,39,Oct 27 2017 01: +0,1509062400
0.16,37,Oct 28 2017 01: +0,1509148800
0.166,50,Oct 29 2017 01: +0,1509235200
0.196,38,Oct 30 2017 01: +0,1509325200
0.177,28,Oct 31 2017 01: +0,1509411600
0.18,47,Nov 01 2017 01: +0,1509498000
0.173,39,Nov 02 2017 01: +0,1509584400
0.182,43,Nov 03 2017 01: +0,1509670800
0.177,37,Nov 04 2017 01: +0,1509757200
0.174,45,Nov 05 2017 01: +0,1509843600
0.16,34,Nov 06 2017 01: +0,1509930000
0.168,29,Nov 07 2017 01: +0,1510016400
0.168,28,Nov 08 2017 01: +0,1510102800
0.167,14,Nov 09 2017 01: +0,1510189200
0.173,32,Nov 10 2017 01: +0,1510275600
0.158,40,Nov 11 2017 01: +0,1510362000
0.159,39,Nov 12 2017 01: +0,1510448400
0.154,38,Nov 13 2017 01: +0,1510534800
0.153,19,Nov 14 2017 01: +0,1510621200
0.15,32,Nov 15 2017 01: +0,1510707600
0.146,37,Nov 16 2017 01: +0,1510794000
0.156,46,Nov 17 2017 01: +0,1510880400
0.16,29,Nov 18 2017 01: +0,1510966800
0.163,31,Nov 19 2017 01: +0,1511053200
0.16,30,Nov 20 2017 01: +0,1511139600
0.173,30,Nov 21 2017 01: +0,1511226000
0.147,32,Nov 22 2017 01: +0,1511312400
0.151,45,Nov 23 2017 01: +0,1511398800
0.132,30,Nov 24 2017 01: +0,1511485200
0.147,40,Nov 25 2017 01: +0,1511571600
0.127,45,Nov 26 2017 01: +0,1511658000
0.122,32,Nov 27 2017 01: +0,1511744400
0.13,38,Nov 28 2017 01: +0,1511830800
0.129,21,Nov 29 2017 01: +0,1511917200
0.244,17,Nov 30 2017 01: +0,1512003600
0.132,60,Dec 01 2017 01: +0,1512090000
0.124,31,Dec 02 2017 01: +0,1512176400
0.124,39,Dec 03 2017 01: +0,1512262800
0.135,32,Dec 04 2017 01: +0,1512349200
0.136,21,Dec 05 2017 01: +0,1512435600
0.121,29,Dec 06 2017 01: +0,1512522000
0.134,33,Dec 07 2017 01: +0,1512608400
0.136,29,Dec 08 2017 01: +0,1512694800
0.142,40,Dec 09 2017 01: +0,1512781200
0.13,46,Dec 10 2017 01: +0,1512867600
0.149,40,Dec 11 2017 01: +0,1512954000
0.152,26,Dec 12 2017 01: +0,1513040400
0.152,21,Dec 13 2017 01: +0,1513126800
0.157,26,Dec 14 2017 01: +0,1513213200
0.142,39,Dec 15 2017 01: +0,1513299600
0.15,28,Dec 16 2017 01: +0,1513386000
0.159,37,Dec 17 2017 01: +0,1513472400
0.138,26,Dec 18 2017 01: +0,1513558800
0.159,32,Dec 19 2017 01: +0,1513645200
0.154,29,Dec 20 2017 01: +0,1513731600
0.148,23,Dec 21 2017 01: +0,1513818000
0.152,41,Dec 22 2017 01: +0,1513904400
0.157,50,Dec 23 2017 01: +0,1513990800
0.147,35,Dec 24 2017 01: +0,1514077200
0.16,61,Dec 25 2017 01: +0,1514163600
0.149,32,Dec 26 2017 01: +0,1514250000
0.169,45,Dec 27 2017 01: +0,1514336400
0.161,33,Dec 28 2017 01: +0,1514422800
0.163,51,Dec 29 2017 01: +0,1514509200
0.167,47,Dec 30 2017 01: +0,1514595600
0.173,49,Dec 31 2017 01: +0,1514682000
0.167,37,Jan 01 2018 01: +0,1514768400
0.159,48,Jan 02 2018 01: +0,1514854800
0.175,47,Jan 03 2018 01: +0,1514941200
0.186,29,Jan 04 2018 01: +0,1515027600
0.197,38,Jan 05 2018 01: +0,1515114000
0.205,31,Jan 06 2018 01: +0,1515200400
0.191,39,Jan 07 2018 01: +0,1515286800
0.169,34,Jan 08 2018 01: +0,1515373200
0.172,37,Jan 09 2018 01: +0,1515459600
0.169,23,Jan 10 2018 01: +0,1515546000
0.172,42,Jan 11 2018 01: +0,1515632400
0.171,38,Jan 12 2018 01: +0,1515718800
0.172,43,Jan 13 2018 01: +0,1515805200
0.174,73,Jan 14 2018 01: +0,1515891600
0.184,37,Jan 15 2018 01: +0,1515978000
0.182,43,Jan 16 2018 01: +0,1516064400
0.188,26,Jan 17 2018 01: +0,1516150800
0.178,41,Jan 18 2018 01: +0,1516237200
0.187,41,Jan 19 2018 01: +0,1516323600
0.169,54,Jan 20 2018 01: +0,1516410000
0.178,52,Jan 21 2018 01: +0,1516496400
0.175,45,Jan 22 2018 01: +0,1516582800
0.179,44,Jan 23 2018 01: +0,1516669200
0.181,47,Jan 24 2018 01: +0,1516755600
0.179,45,Jan 25 2018 01: +0,1516842000
0.198,36,Jan 26 2018 01: +0,1516928400
0.175,40,Jan 27 2018 01: +0,1517014800
0.19,61,Jan 28 2018 01: +0,1517101200
0.192,39,Jan 29 2018 01: +0,1517187600
0.186,38,Jan 30 2018 01: +0,1517274000
0.184,37,Jan 31 2018 01: +0,1517360400
0.189,27,Feb 01 2018 01: +0,1517446800
0.206,41,Feb 02 2018 01: +0,1517533200
0.194,42,Feb 03 2018 01: +0,1517619600
0.22,40,Feb 04 2018 01: +0,1517706000
0.208,35,Feb 05 2018 01: +0,1517792400
0.223,49,Feb 06 2018 01: +0,1517878800
0.215,20,Feb 07 2018 01: +0,1517965200
0.19,28,Feb 08 2018 01: +0,1518051600
0.177,32,Feb 09 2018 01: +0,1518138000
0.19,46,Feb 10 2018 01: +0,1518224400
0.198,61,Feb 11 2018 01: +0,1518310800
0.198,26,Feb 12 2018 01: +0,1518397200
0.205,41,Feb 13 2018 01: +0,1518483600
0.221,32,Feb 14 2018 01: +0,1518570000
0.213,45,Feb 15 2018 01: +0,1518656400
0.186,63,Feb 16 2018 01: +0,1518742800
0.202,59,Feb 17 2018 01: +0,1518829200
0.208,43,Feb 18 2018 01: +0,1518915600
0.204,35,Feb 19 2018 01: +0,1519002000
0.195,34,Feb 20 2018 01: +0,1519088400
0.191,43,Feb 21 2018 01: +0,1519174800
0.203,48,Feb 22 2018 01: +0,1519261200
0.205,39,Feb 23 2018 01: +0,1519347600
0.199,62,Feb 24 2018 01: +0,1519434000
0.211,52,Feb 25 2018 01: +0,1519520400
0.21,50,Feb 26 2018 01: +0,1519606800
0.207,45,Feb 27 2018 01: +0,1519693200
0.205,39,Feb 28 2018 01: +0,1519779600
0.206,41,Mar 01 2018 01: +0,1519866000
0.209,35,Mar 02 2018 01: +0,1519952400
0.194,59,Mar 03 2018 01: +0,1520038800
0.215,55,Mar 04 2018 01: +0,1520125200
0.213,42,Mar 05 2018 01: +0,1520211600
0.223,39,Mar 06 2018 01: +0,1520298000
0.241,36,Mar 07 2018 01: +0,1520384400
0.227,41,Mar 08 2018 01: +0,1520470800
0.213,35,Mar 09 2018 01: +0,1520557200
0.216,43,Mar 10 2018 01: +0,1520643600
0.221,42,Mar 11 2018 01: +0,1520730000
0.219,25,Mar 12 2018 01: +0,1520816400
0.23,26,Mar 13 2018 01: +0,1520902800
0.231,35,Mar 14 2018 01: +0,1520989200
0.204,20,Mar 15 2018 01: +0,1521075600
0.2,40,Mar 16 2018 01: +0,1521162000
0.214,37,Mar 17 2018 01: +0,1521248400
0.221,38,Mar 18 2018 01: +0,1521334800
0.215,32,Mar 19 2018 01: +0,1521421200
0.207,24,Mar 20 2018 01: +0,1521507600
0.209,39,Mar 21 2018 01: +0,1521594000
0.22,26,Mar 22 2018 01: +0,1521680400
0.204,24,Mar 23 2018 01: +0,1521766800
0.233,28,Mar 24 2018 01: +0,1521853200
0.223,36,Mar 25 2018 01: +0,1521939600
0.24,38,Mar 26 2018 01: +0,1522022400
0.233,39,Mar 27 2018 01: +0,1522108800
0.208,34,Mar 28 2018 01: +0,1522195200
0.23,22,Mar 29 2018 01: +0,1522281600
0.203,32,Mar 30 2018 01: +0,1522368000
0.195,42,Mar 31 2018 01: +0,1522454400
0.199,29,Apr 01 2018 01: +0,1522540800
0.21,37,Apr 02 2018 01: +0,1522627200
0.222,32,Apr 03 2018 01: +0,1522713600
0.217,27,Apr 04 2018 01: +0,1522800000
0.23,18,Apr 05 2018 01: +0,1522886400
0.212,26,Apr 06 2018 01: +0,1522972800
0.228,35,Apr 07 2018 01: +0,1523059200
0.25,28,Apr 08 2018 01: +0,1523145600
0.224,26,Apr 09 2018 01: +0,1523232000
0.232,35,Apr 10 2018 01: +0,1523318400
0.267,29,Apr 11 2018 01: +0,1523404800
0.219,23,Apr 12 2018 01: +0,1523491200
0.235,27,Apr 13 2018 01: +0,1523577600
0.235,36,Apr 14 2018 01: +0,1523664000
0.239,31,Apr 15 2018 01: +0,1523750400
0.244,17,Apr 16 2018 01: +0,1523836800
0.235,27,Apr 17 2018 01: +0,1523923200
0.278,24,Apr 18 2018 01: +0,1524009600
0.258,27,Apr 19 2018 01: +0,1524096000
0.233,21,Apr 20 2018 01: +0,1524182400
0.24,18,Apr 21 2018 01: +0,1524268800
0.263,32,Apr 22 2018 01: +0,1524355200
0.245,13,Apr 23 2018 01: +0,1524441600
0.251,14,Apr 24 2018 01: +0,1524528000
0.244,17,Apr 25 2018 01: +0,1524614400
0.233,23,Apr 26 2018 01: +0,1524700800
0.218,18,Apr 27 2018 01: +0,1524787200
0.22,19,Apr 28 2018 01: +0,1524873600
0.209,18,Apr 29 2018 01: +0,1524960000
0.213,22,Apr 30 2018 01: +0,1525046400
0.214,26,May 01 2018 01: +0,1525132800
0.217,11,May 02 2018 01: +0,1525219200
0.204,30,May 03 2018 01: +0,1525305600
0.204,25,May 04 2018 01: +0,1525392000
0.21,29,May 05 2018 01: +0,1525478400
0.203,21,May 06 2018 01: +0,1525564800
0.195,15,May 07 2018 01: +0,1525651200
0.196,17,May 08 2018 01: +0,1525737600
0.187,16,May 09 2018 01: +0,1525824000
0.186,25,May 10 2018 01: +0,1525910400
0.191,20,May 11 2018 01: +0,1525996800
0.205,20,May 12 2018 01: +0,1526083200
0.205,18,May 13 2018 01: +0,1526169600
0.184,24,May 14 2018 01: +0,1526256000
0.184,19,May 15 2018 01: +0,1526342400
0.188,18,May 16 2018 01: +0,1526428800
0.193,12,May 17 2018 01: +0,1526515200
0.175,16,May 18 2018 01: +0,1526601600
0.192,29,May 19 2018 01: +0,1526688000
0.193,20,May 20 2018 01: +0,1526774400
0.182,14,May 21 2018 01: +0,1526860800
0.182,18,May 22 2018 01: +0,1526947200
0.171,15,May 23 2018 01: +0,1527033600
0.174,27,May 24 2018 01: +0,1527120000
0.187,12,May 25 2018 01: +0,1527206400
0.191,19,May 26 2018 01: +0,1527292800
0.186,18,May 27 2018 01: +0,1527379200
0.169,14,May 28 2018 01: +0,1527465600
0.175,20,May 29 2018 01: +0,1527552000
0.179,23,May 30 2018 01: +0,1527638400
0.177,16,May 31 2018 01: +0,1527724800
0.168,20,Jun 01 2018 01: +0,1527811200
0.169,29,Jun 02 2018 01: +0,1527897600
0.173,21,Jun 03 2018 01: +0,1527984000
0.19,21,Jun 04 2018 01: +0,1528070400
0.182,22,Jun 05 2018 01: +0,1528156800
0.169,16,Jun 06 2018 01: +0,1528243200
0.169,21,Jun 07 2018 01: +0,1528329600
0.179,29,Jun 08 2018 01: +0,1528416000
0.183,21,Jun 09 2018 01: +0,1528502400
0.181,17,Jun 10 2018 01: +0,1528588800
0.178,18,Jun 11 2018 01: +0,1528675200
0.182,12,Jun 12 2018 01: +0,1528761600
0.172,19,Jun 13 2018 01: +0,1528848000
0.175,17,Jun 14 2018 01: +0,1528934400
0.175,22,Jun 15 2018 01: +0,1529020800
0.167,14,Jun 16 2018 01: +0,1529107200
0.183,15,Jun 17 2018 01: +0,1529193600
0.188,23,Jun 18 2018 01: +0,1529280000
0.192,23,Jun 19 2018 01: +0,1529366400
0.189,18,Jun 20 2018 01: +0,1529452800
0.176,22,Jun 21 2018 01: +0,1529539200
0.173,30,Jun 22 2018 01: +0,1529625600
0.159,23,Jun 23 2018 01: +0,1529712000
0.151,23,Jun 24 2018 01: +0,1529798400
0.128,24,Jun 25 2018 01: +0,1529884800
0.147,26,Jun 26 2018 01: +0,1529971200
0.154,19,Jun 27 2018 01: +0,1530057600
0.15,20,Jun 28 2018 01: +0,1530144000
0.164,19,Jun 29 2018 01: +0,1530230400
0.159,29,Jun 30 2018 01: +0,1530316800
0.16,23,Jul 01 2018 01: +0,1530403200
0.168,25,Jul 02 2018 01: +0,1530489600
0.154,27,Jul 03 2018 01: +0,1530576000
0.182,32,Jul 04 2018 01: +0,1530662400
0.19,27,Jul 05 2018 01: +0,1530748800
0.195,20,Jul 06 2018 01: +0,1530835200
0.19,16,Jul 07 2018 01: +0,1530921600
0.196,34,Jul 08 2018 01: +0,1531008000
0.199,29,Jul 09 2018 01: +0,1531094400
0.21,29,Jul 10 2018 01: +0,1531180800
0.183,26,Jul 11 2018 01: +0,1531267200
0.202,21,Jul 12 2018 01: +0,1531353600
0.215,17,Jul 13 2018 01: +0,1531440000
0.217,27,Jul 14 2018 01: +0,1531526400
0.229,15,Jul 15 2018 01: +0,1531612800
0.213,20,Jul 16 2018 01: +0,1531699200
0.206,19,Jul 17 2018 01: +0,1531785600
0.219,18,Jul 18 2018 01: +0,1531872000
0.211,18,Jul 19 2018 01: +0,1531958400
0.239,20,Jul 20 2018 01: +0,1532044800
0.224,20,Jul 21 2018 01: +0,1532131200
0.221,19,Jul 22 2018 01: +0,1532217600
0.213,12,Jul 23 2018 01: +0,1532304000
0.233,19,Jul 24 2018 01: +0,1532390400
0.233,20,Jul 25 2018 01: +0,1532476800
0.217,14,Jul 26 2018 01: +0,1532563200
0.215,14,Jul 27 2018 01: +0,1532649600
0.239,16,Jul 28 2018 01: +0,1532736000
0.228,22,Jul 29 2018 01: +0,1532822400
0.227,23,Jul 30 2018 01: +0,1532908800
0.218,10,Jul 31 2018 01: +0,1532995200
0.212,15,Aug 01 2018 01: +0,1533081600
0.205,16,Aug 02 2018 01: +0,1533168000
0.223,33,Aug 03 2018 01: +0,1533254400
0.224,27,Aug 04 2018 01: +0,1533340800
0.217,33,Aug 05 2018 01: +0,1533427200
0.225,17,Aug 06 2018 01: +0,1533513600
0.219,22,Aug 07 2018 01: +0,1533600000
0.218,29,Aug 08 2018 01: +0,1533686400
0.229,28,Aug 09 2018 01: +0,1533772800
0.225,29,Aug 10 2018 01: +0,1533859200
0.242,21,Aug 11 2018 01: +0,1533945600
0.251,19,Aug 12 2018 01: +0,1534032000
0.223,17,Aug 13 2018 01: +0,1534118400
0.204,27,Aug 14 2018 01: +0,1534204800
0.232,33,Aug 15 2018 01: +0,1534291200
0.26,25,Aug 16 2018 01: +0,1534377600
0.299,20,Aug 17 2018 01: +0,1534464000
0.299,35,Aug 18 2018 01: +0,1534550400
0.256,22,Aug 19 2018 01: +0,1534636800
0.246,25,Aug 20 2018 01: +0,1534723200
0.252,17,Aug 21 2018 01: +0,1534809600
0.242,29,Aug 22 2018 01: +0,1534896000
0.243,29,Aug 23 2018 01: +0,1534982400
0.243,19,Aug 24 2018 01: +0,1535068800
0.253,27,Aug 25 2018 01: +0,1535155200
0.25,30,Aug 26 2018 01: +0,1535241600
0.269,18,Aug 27 2018 01: +0,1535328000
0.241,20,Aug 28 2018 01: +0,1535414400
0.249,24,Aug 29 2018 01: +0,1535500800
0.262,30,Aug 30 2018 01: +0,1535587200
0.252,19,Aug 31 2018 01: +0,1535673600
0.231,23,Sep 01 2018 01: +0,1535760000
0.23,22,Sep 02 2018 01: +0,1535846400
0.234,20,Sep 03 2018 01: +0,1535932800
0.23,22,Sep 04 2018 01: +0,1536019200
0.238,12,Sep 05 2018 01: +0,1536105600
0.258,25,Sep 06 2018 01: +0,1536192000
0.238,15,Sep 07 2018 01: +0,1536278400
0.231,33,Sep 08 2018 01: +0,1536364800
0.242,17,Sep 09 2018 01: +0,1536451200
0.249,24,Sep 10 2018 01: +0,1536537600
0.248,20,Sep 11 2018 01: +0,1536624000
0.213,20,Sep 12 2018 01: +0,1536710400
0.243,21,Sep 13 2018 01: +0,1536796800
0.245,30,Sep 14 2018 01: +0,1536883200
0.239,21,Sep 15 2018 01: +0,1536969600
0.234,29,Sep 16 2018 01: +0,1537056000
0.236,20,Sep 17 2018 01: +0,1537142400
0.249,25,Sep 18 2018 01: +0,1537228800
0.249,24,Sep 19 2018 01: +0,1537315200
0.224,11,Sep 20 2018 01: +0,1537401600
0.246,20,Sep 21 2018 01: +0,1537488000
0.231,28,Sep 22 2018 01: +0,1537574400
0.232,24,Sep 23 2018 01: +0,1537660800
0.233,22,Sep 24 2018 01: +0,1537747200
0.221,23,Sep 25 2018 01: +0,1537833600
0.251,19,Sep 26 2018 01: +0,1537920000
0.238,17,Sep 27 2018 01: +0,1538006400
0.24,21,Sep 28 2018 01: +0,1538092800
0.221,23,Sep 29 2018 01: +0,1538179200
0.228,22,Sep 30 2018 01: +0,1538265600
0.245,19,Oct 01 2018 01: +0,1538352000
0.24,18,Oct 02 2018 01: +0,1538438400
0.237,17,Oct 03 2018 01: +0,1538524800
0.231,26,Oct 04 2018 01: +0,1538611200
0.215,25,Oct 05 2018 01: +0,1538697600
0.229,29,Oct 06 2018 01: +0,1538784000
0.22,39,Oct 07 2018 01: +0,1538870400
0.249,28,Oct 08 2018 01: +0,1538956800
0.265,25,Oct 09 2018 01: +0,1539043200
0.233,19,Oct 10 2018 01: +0,1539129600
0.231,19,Oct 11 2018 01: +0,1539216000
0.245,19,Oct 12 2018 01: +0,1539302400
0.238,31,Oct 13 2018 01: +0,1539388800
0.239,25,Oct 14 2018 01: +0,1539475200
0.261,20,Oct 15 2018 01: +0,1539561600
0.233,17,Oct 16 2018 01: +0,1539648000
0.252,10,Oct 17 2018 01: +0,1539734400
0.229,17,Oct 18 2018 01: +0,1539820800
0.229,27,Oct 19 2018 01: +0,1539907200
0.232,24,Oct 20 2018 01: +0,1539993600
0.188,29,Oct 21 2018 01: +0,1540080000
0.192,28,Oct 22 2018 01: +0,1540166400
0.209,20,Oct 23 2018 01: +0,1540252800
0.22,18,Oct 24 2018 01: +0,1540339200
0.249,13,Oct 25 2018 01: +0,1540425600
0.203,26,Oct 26 2018 01: +0,1540512000
0.252,23,Oct 27 2018 01: +0,1540598400
0.21,19,Oct 28 2018 01: +0,1540684800
0.204,13,Oct 29 2018 01: +0,1540774800
0.269,25,Oct 30 2018 01: +0,1540861200
0.199,18,Oct 31 2018 01: +0,1540947600
0.184,13,Nov 01 2018 01: +0,1541034000
0.193,22,Nov 02 2018 01: +0,1541120400
0.202,25,Nov 03 2018 01: +0,1541206800
0.211,25,Nov 04 2018 01: +0,1541293200
0.232,17,Nov 05 2018 01: +0,1541379600
0.227,22,Nov 06 2018 01: +0,1541466000
0.213,21,Nov 07 2018 01: +0,1541552400
0.235,14,Nov 08 2018 01: +0,1541638800
0.207,20,Nov 09 2018 01: +0,1541725200
0.207,17,Nov 10 2018 01: +0,1541811600
0.193,17,Nov 11 2018 01: +0,1541898000
0.194,19,Nov 12 2018 01: +0,1541984400
0.185,18,Nov 13 2018 01: +0,1542070800
0.208,18,Nov 14 2018 01: +0,1542157200
0.212,18,Nov 15 2018 01: +0,1542243600
0.192,32,Nov 16 2018 01: +0,1542330000
0.225,30,Nov 17 2018 01: +0,1542416400
0.213,27,Nov 18 2018 01: +0,1542502800
0.233,16,Nov 19 2018 01: +0,1542589200
0.231,18,Nov 20 2018 01: +0,1542675600
0.222,18,Nov 21 2018 01: +0,1542762000
0.213,30,Nov 22 2018 01: +0,1542848400
0.22,27,Nov 23 2018 01: +0,1542934800
0.188,20,Nov 24 2018 01: +0,1543021200
0.17,22,Nov 25 2018 01: +0,1543107600
0.198,29,Nov 26 2018 01: +0,1543194000
0.186,16,Nov 27 2018 01: +0,1543280400
0.189,23,Nov 28 2018 01: +0,1543366800
0.187,16,Nov 29 2018 01: +0,1543453200
0.196,23,Nov 30 2018 01: +0,1543539600
0.212,29,Dec 01 2018 01: +0,1543626000
0.216,20,Dec 02 2018 01: +0,1543712400
0.225,10,Dec 03 2018 01: +0,1543798800
0.232,13,Dec 04 2018 01: +0,1543885200
0.212,11,Dec 05 2018 01: +0,1543971600
0.201,18,Dec 06 2018 01: +0,1544058000
0.211,21,Dec 07 2018 01: +0,1544144400
0.215,21,Dec 08 2018 01: +0,1544230800
0.211,25,Dec 09 2018 01: +0,1544317200
0.205,24,Dec 10 2018 01: +0,1544403600
0.212,17,Dec 11 2018 01: +0,1544490000
0.231,22,Dec 12 2018 01: +0,1544576400
0.232,18,Dec 13 2018 01: +0,1544662800
0.231,25,Dec 14 2018 01: +0,1544749200
0.239,39,Dec 15 2018 01: +0,1544835600
0.255,30,Dec 16 2018 01: +0,1544922000
0.254,22,Dec 17 2018 01: +0,1545008400
0.253,25,Dec 18 2018 01: +0,1545094800
0.261,31,Dec 19 2018 01: +0,1545181200
0.236,18,Dec 20 2018 01: +0,1545267600
0.205,24,Dec 21 2018 01: +0,1545354000
0.215,23,Dec 22 2018 01: +0,1545440400
0.182,30,Dec 23 2018 01: +0,1545526800
0.207,26,Dec 24 2018 01: +0,1545613200
0.213,34,Dec 25 2018 01: +0,1545699600
0.24,28,Dec 26 2018 01: +0,1545786000
0.232,28,Dec 27 2018 01: +0,1545872400
0.242,23,Dec 28 2018 01: +0,1545958800
0.216,37,Dec 29 2018 01: +0,1546045200
0.221,29,Dec 30 2018 01: +0,1546131600
0.2,26,Dec 31 2018 01: +0,1546218000
0.221,34,Jan 01 2019 01: +0,1546304400
0.231,27,Jan 02 2019 01: +0,1546390800
0.213,35,Jan 03 2019 01: +0,1546477200
0.243,27,Jan 04 2019 01: +0,1546563600
0.261,31,Jan 05 2019 01: +0,1546650000
0.277,25,Jan 06 2019 01: +0,1546736400
0.261,22,Jan 07 2019 01: +0,1546822800
0.298,22,Jan 08 2019 01: +0,1546909200
0.305,15,Jan 09 2019 01: +0,1546995600
0.314,26,Jan 10 2019 01: +0,1547082000
0.289,25,Jan 11 2019 01: +0,1547168400
0.29,36,Jan 12 2019 01: +0,1547254800
0.291,26,Jan 13 2019 01: +0,1547341200
0.283,18,Jan 14 2019 01: +0,1547427600
0.273,27,Jan 15 2019 01: +0,1547514000
0.286,19,Jan 16 2019 01: +0,1547600400
0.306,22,Jan 17 2019 01: +0,1547686800
0.307,21,Jan 18 2019 01: +0,1547773200
0.291,31,Jan 19 2019 01: +0,1547859600
0.285,34,Jan 20 2019 01: +0,1547946000
0.307,22,Jan 21 2019 01: +0,1548032400
0.285,26,Jan 22 2019 01: +0,1548118800
0.286,17,Jan 23 2019 01: +0,1548205200
0.283,28,Jan 24 2019 01: +0,1548291600
0.306,20,Jan 25 2019 01: +0,1548378000
0.294,25,Jan 26 2019 01: +0,1548464400
0.286,37,Jan 27 2019 01: +0,1548550800
0.283,32,Jan 28 2019 01: +0,1548637200
0.284,27,Jan 29 2019 01: +0,1548723600
0.307,26,Jan 30 2019 01: +0,1548810000
0.282,34,Jan 31 2019 01: +0,1548896400
0.294,35,Feb 01 2019 01: +0,1548982800
0.298,33,Feb 02 2019 01: +0,1549069200
0.287,28,Feb 03 2019 01: +0,1549155600
0.276,21,Feb 04 2019 01: +0,1549242000
0.261,18,Feb 05 2019 01: +0,1549328400
0.253,28,Feb 06 2019 01: +0,1549414800
0.271,34,Feb 07 2019 01: +0,1549501200
0.229,36,Feb 08 2019 01: +0,1549587600
0.248,26,Feb 09 2019 01: +0,1549674000
0.237,29,Feb 10 2019 01: +0,1549760400
0.253,29,Feb 11 2019 01: +0,1549846800
0.237,19,Feb 12 2019 01: +0,1549933200
0.237,25,Feb 13 2019 01: +0,1550019600
0.234,25,Feb 14 2019 01: +0,1550106000
0.235,26,Feb 15 2019 01: +0,1550192400
0.272,33,Feb 16 2019 01: +0,1550278800
0.277,42,Feb 17 2019 01: +0,1550365200
0.289,22,Feb 18 2019 01: +0,1550451600
0.256,20,Feb 19 2019 01: +0,1550538000
0.266,29,Feb 20 2019 01: +0,1550624400
0.355,30,Feb 21 2019 01: +0,1550710800
0.301,18,Feb 22 2019 01: +0,1550797200
0.292,23,Feb 23 2019 01: +0,1550883600
0.318,22,Feb 24 2019 01: +0,1550970000
0.33,14,Feb 25 2019 01: +0,1551056400
0.324,28,Feb 26 2019 01: +0,1551142800
0.319,20,Feb 27 2019 01: +0,1551229200
0.331,21,Feb 28 2019 01: +0,1551315600
0.33,19,Mar 01 2019 01: +0,1551402000
0.323,30,Mar 02 2019 01: +0,1551488400
0.287,33,Mar 03 2019 01: +0,1551574800
0.277,34,Mar 04 2019 01: +0,1551661200
0.298,28,Mar 05 2019 01: +0,1551747600
0.318,27,Mar 06 2019 01: +0,1551834000
0.306,23,Mar 07 2019 01: +0,1551920400
0.299,41,Mar 08 2019 01: +0,1552006800
0.343,27,Mar 09 2019 01: +0,1552093200
0.323,31,Mar 10 2019 01: +0,1552179600
0.317,16,Mar 11 2019 01: +0,1552266000
0.327,25,Mar 12 2019 01: +0,1552352400
0.341,29,Mar 13 2019 01: +0,1552438800
0.323,41,Mar 14 2019 01: +0,1552525200
0.352,36,Mar 15 2019 01: +0,1552611600
0.367,41,Mar 16 2019 01: +0,1552698000
0.35,39,Mar 17 2019 01: +0,1552784400
0.326,39,Mar 18 2019 01: +0,1552870800
0.321,25,Mar 19 2019 01: +0,1552957200
0.317,32,Mar 20 2019 01: +0,1553043600
0.302,30,Mar 21 2019 01: +0,1553130000
0.32,37,Mar 22 2019 01: +0,1553216400
0.327,37,Mar 23 2019 01: +0,1553302800
0.31,27,Mar 24 2019 01: +0,1553389200
0.316,35,Mar 25 2019 01: +0,1553475600
0.298,17,Mar 26 2019 01: +0,1553562000
0.314,40,Mar 27 2019 01: +0,1553648400
0.315,28,Mar 28 2019 01: +0,1553734800
0.283,28,Mar 29 2019 01: +0,1553821200
0.254,31,Mar 30 2019 01: +0,1553907600
0.288,39,Mar 31 2019 01: +0,1553994000
0.291,17,Apr 01 2019 01: +0,1554076800
0.292,24,Apr 02 2019 01: +0,1554163200
0.297,22,Apr 03 2019 01: +0,1554249600
0.281,17,Apr 04 2019 01: +0,1554336000
0.288,31,Apr 05 2019 01: +0,1554422400
0.291,34,Apr 06 2019 01: +0,1554508800
0.28,28,Apr 07 2019 01: +0,1554595200
0.282,26,Apr 08 2019 01: +0,1554681600
0.283,28,Apr 09 2019 01: +0,1554768000
0.295,17,Apr 10 2019 01: +0,1554854400
0.28,24,Apr 11 2019 01: +0,1554940800
0.282,29,Apr 12 2019 01: +0,1555027200
0.269,27,Apr 13 2019 01: +0,1555113600
0.259,31,Apr 14 2019 01: +0,1555200000
0.274,27,Apr 15 2019 01: +0,1555286400
0.281,30,Apr 16 2019 01: +0,1555372800
0.267,17,Apr 17 2019 01: +0,1555459200
0.284,27,Apr 18 2019 01: +0,1555545600
0.264,20,Apr 19 2019 01: +0,1555632000
0.261,27,Apr 20 2019 01: +0,1555718400
0.259,38,Apr 21 2019 01: +0,1555804800
0.277,35,Apr 22 2019 01: +0,1555891200
0.286,47,Apr 23 2019 01: +0,1555977600
0.295,21,Apr 24 2019 01: +0,1556064000
0.311,21,Apr 25 2019 01: +0,1556150400
0.299,14,Apr 26 2019 01: +0,1556236800
0.281,30,Apr 27 2019 01: +0,1556323200
0.312,23,Apr 28 2019 01: +0,1556409600
0.327,32,Apr 29 2019 01: +0,1556496000
0.667,16,Apr 30 2019 01: +0,1556582400
0.292,24,May 01 2019 01: +0,1556668800
0.29,20,May 02 2019 01: +0,1556755200
0.288,20,May 03 2019 01: +0,1556841600
0.27,25,May 04 2019 01: +0,1556928000
0.278,27,May 05 2019 01: +0,1557014400
0.28,19,May 06 2019 01: +0,1557100800
0.278,23,May 07 2019 01: +0,1557187200
0.269,24,May 08 2019 01: +0,1557273600
0.278,26,May 09 2019 01: +0,1557360000
0.288,24,May 10 2019 01: +0,1557446400
0.281,36,May 11 2019 01: +0,1557532800
0.281,32,May 12 2019 01: +0,1557619200
0.285,23,May 13 2019 01: +0,1557705600
0.284,20,May 14 2019 01: +0,1557792000
0.264,19,May 15 2019 01: +0,1557878400
0.281,28,May 16 2019 01: +0,1557964800
0.295,26,May 17 2019 01: +0,1558051200
0.308,22,May 18 2019 01: +0,1558137600
0.291,27,May 19 2019 01: +0,1558224000
0.312,21,May 20 2019 01: +0,1558310400
0.315,18,May 21 2019 01: +0,1558396800
0.298,19,May 22 2019 01: +0,1558483200
0.3,35,May 23 2019 01: +0,1558569600
0.319,26,May 24 2019 01: +0,1558656000
0.32,23,May 25 2019 01: +0,1558742400
0.337,21,May 26 2019 01: +0,1558828800
0.325,21,May 27 2019 01: +0,1558915200
0.356,16,May 28 2019 01: +0,1559001600
0.327,21,May 29 2019 01: +0,1559088000
0.336,25,May 30 2019 01: +0,1559174400
0.371,21,May 31 2019 01: +0,1559260800
0.358,31,Jun 01 2019 01: +0,1559347200
0.354,20,Jun 02 2019 01: +0,1559433600
0.344,27,Jun 03 2019 01: +0,1559520000
0.342,17,Jun 04 2019 01: +0,1559606400
0.35,25,Jun 05 2019 01: +0,1559692800
0.353,20,Jun 06 2019 01: +0,1559779200
0.343,26,Jun 07 2019 01: +0,1559865600
0.327,37,Jun 08 2019 01: +0,1559952000
0.342,30,Jun 09 2019 01: +0,1560038400
0.352,28,Jun 10 2019 01: +0,1560124800
0.318,33,Jun 11 2019 01: +0,1560211200
0.349,20,Jun 12 2019 01: +0,1560297600
0.339,30,Jun 13 2019 01: +0,1560384000
0.346,14,Jun 14 2019 01: +0,1560470400
0.359,27,Jun 15 2019 01: +0,1560556800
0.327,29,Jun 16 2019 01: +0,1560643200
0.301,19,Jun 17 2019 01: +0,1560729600
0.336,27,Jun 18 2019 01: +0,1560816000
0.342,28,Jun 19 2019 01: +0,1560902400
0.353,15,Jun 20 2019 01: +0,1560988800
0.331,17,Jun 21 2019 01: +0,1561075200
0.355,22,Jun 22 2019 01: +0,1561161600
0.336,27,Jun 23 2019 01: +0,1561248000
0.361,23,Jun 24 2019 01: +0,1561334400
0.298,27,Jun 25 2019 01: +0,1561420800
0.286,32,Jun 26 2019 01: +0,1561507200
0.306,32,Jun 27 2019 01: +0,1561593600
0.333,26,Jun 28 2019 01: +0,1561680000
0.332,38,Jun 29 2019 01: +0,1561766400
0.358,34,Jun 30 2019 01: +0,1561852800
0.349,36,Jul 01 2019 01: +0,1561939200
0.348,36,Jul 02 2019 01: +0,1562025600
0.392,16,Jul 03 2019 01: +0,1562112000
0.372,19,Jul 04 2019 01: +0,1562198400
0.366,21,Jul 05 2019 01: +0,1562284800
0.346,14,Jul 06 2019 01: +0,1562371200
0.343,23,Jul 07 2019 01: +0,1562457600
0.329,29,Jul 08 2019 01: +0,1562544000
0.318,26,Jul 09 2019 01: +0,1562630400
0.335,34,Jul 10 2019 01: +0,1562716800
0.365,32,Jul 11 2019 01: +0,1562803200
0.386,22,Jul 12 2019 01: +0,1562889600
0.393,17,Jul 13 2019 01: +0,1562976000
0.394,27,Jul 14 2019 01: +0,1563062400
0.36,24,Jul 15 2019 01: +0,1563148800
0.392,21,Jul 16 2019 01: +0,1563235200
0.401,15,Jul 17 2019 01: +0,1563321600
0.367,18,Jul 18 2019 01: +0,1563408000
0.373,18,Jul 19 2019 01: +0,1563494400
0.375,26,Jul 20 2019 01: +0,1563580800
0.35,20,Jul 21 2019 01: +0,1563667200
0.338,18,Jul 22 2019 01: +0,1563753600
0.347,26,Jul 23 2019 01: +0,1563840000
0.329,21,Jul 24 2019 01: +0,1563926400
0.366,28,Jul 25 2019 01: +0,1564012800
0.332,23,Jul 26 2019 01: +0,1564099200
0.351,30,Jul 27 2019 01: +0,1564185600
0.374,41,Jul 28 2019 01: +0,1564272000
0.349,29,Jul 29 2019 01: +0,1564358400
0.358,25,Jul 30 2019 01: +0,1564444800
0.355,23,Jul 31 2019 01: +0,1564531200
0.392,23,Aug 01 2019 01: +0,1564617600
0.383,16,Aug 02 2019 01: +0,1564704000
0.374,29,Aug 03 2019 01: +0,1564790400
0.363,24,Aug 04 2019 01: +0,1564876800
0.35,28,Aug 05 2019 01: +0,1564963200
0.377,24,Aug 06 2019 01: +0,1565049600
0.379,17,Aug 07 2019 01: +0,1565136000
0.39,28,Aug 08 2019 01: +0,1565222400
0.377,28,Aug 09 2019 01: +0,1565308800
0.388,31,Aug 10 2019 01: +0,1565395200
0.364,20,Aug 11 2019 01: +0,1565481600
0.368,24,Aug 12 2019 01: +0,1565568000
0.365,23,Aug 13 2019 01: +0,1565654400
0.345,19,Aug 14 2019 01: +0,1565740800
0.375,23,Aug 15 2019 01: +0,1565827200
0.339,27,Aug 16 2019 01: +0,1565913600
0.349,22,Aug 17 2019 01: +0,1566000000
0.355,21,Aug 18 2019 01: +0,1566086400
0.337,20,Aug 19 2019 01: +0,1566172800
0.36,21,Aug 20 2019 01: +0,1566259200
0.363,23,Aug 21 2019 01: +0,1566345600
0.406,18,Aug 22 2019 01: +0,1566432000
0.357,25,Aug 23 2019 01: +0,1566518400
0.358,23,Aug 24 2019 01: +0,1566604800
0.364,18,Aug 25 2019 01: +0,1566691200
0.357,10,Aug 26 2019 01: +0,1566777600
0.355,26,Aug 27 2019 01: +0,1566864000
0.362,19,Aug 28 2019 01: +0,1566950400
0.351,25,Aug 29 2019 01: +0,1567036800
0.356,33,Aug 30 2019 01: +0,1567123200
0.366,30,Aug 31 2019 01: +0,1567209600
0.371,32,Sep 01 2019 01: +0,1567296000
0.353,31,Sep 02 2019 01: +0,1567382400
0.364,23,Sep 03 2019 01: +0,1567468800
0.358,12,Sep 04 2019 01: +0,1567555200
0.39,19,Sep 05 2019 01: +0,1567641600
0.342,22,Sep 06 2019 01: +0,1567728000
0.371,31,Sep 07 2019 01: +0,1567814400
0.325,29,Sep 08 2019 01: +0,1567900800
0.316,29,Sep 09 2019 01: +0,1567987200
0.298,20,Sep 10 2019 01: +0,1568073600
0.322,16,Sep 11 2019 01: +0,1568160000
0.321,18,Sep 12 2019 01: +0,1568246400
0.333,26,Sep 13 2019 01: +0,1568332800
0.319,28,Sep 14 2019 01: +0,1568419200
0.325,40,Sep 15 2019 01: +0,1568505600
0.309,24,Sep 16 2019 01: +0,1568592000
0.31,14,Sep 17 2019 01: +0,1568678400
0.328,31,Sep 18 2019 01: +0,1568764800
0.35,32,Sep 19 2019 01: +0,1568851200
0.332,25,Sep 20 2019 01: +0,1568937600
0.335,23,Sep 21 2019 01: +0,1569024000
0.35,30,Sep 22 2019 01: +0,1569110400
0.327,21,Sep 23 2019 01: +0,1569196800
0.326,24,Sep 24 2019 01: +0,1569283200
0.351,17,Sep 25 2019 01: +0,1569369600
0.362,16,Sep 26 2019 01: +0,1569456000
0.362,25,Sep 27 2019 01: +0,1569542400
0.352,29,Sep 28 2019 01: +0,1569628800
0.335,33,Sep 29 2019 01: +0,1569715200
0.326,14,Sep 30 2019 01: +0,1569801600
0.353,26,Oct 01 2019 01: +0,1569888000
0.334,18,Oct 02 2019 01: +0,1569974400
0.345,39,Oct 03 2019 01: +0,1570060800
0.332,26,Oct 04 2019 01: +0,1570147200
0.342,29,Oct 05 2019 01: +0,1570233600
0.353,32,Oct 06 2019 01: +0,1570320000
0.389,28,Oct 07 2019 01: +0,1570406400
0.404,26,Oct 08 2019 01: +0,1570492800
0.412,20,Oct 09 2019 01: +0,1570579200
0.43,22,Oct 10 2019 01: +0,1570665600
0.393,30,Oct 11 2019 01: +0,1570752000
0.421,34,Oct 12 2019 01: +0,1570838400
0.389,20,Oct 13 2019 01: +0,1570924800
0.406,24,Oct 14 2019 01: +0,1571011200
0.422,19,Oct 15 2019 01: +0,1571097600
0.431,25,Oct 16 2019 01: +0,1571184000
0.424,25,Oct 17 2019 01: +0,1571270400
0.429,25,Oct 18 2019 01: +0,1571356800
0.388,40,Oct 19 2019 01: +0,1571443200
0.403,42,Oct 20 2019 01: +0,1571529600
0.414,25,Oct 21 2019 01: +0,1571616000
0.407,23,Oct 22 2019 01: +0,1571702400
0.394,31,Oct 23 2019 01: +0,1571788800
0.396,30,Oct 24 2019 01: +0,1571875200
0.386,23,Oct 25 2019 01: +0,1571961600
0.378,38,Oct 26 2019 01: +0,1572048000
0.391,39,Oct 27 2019 01: +0,1572134400
0.367,22,Oct 28 2019 01: +0,1572224400
0.345,29,Oct 29 2019 01: +0,1572310800
0.372,37,Oct 30 2019 01: +0,1572397200
0.385,32,Oct 31 2019 01: +0,1572483600
0.393,22,Nov 01 2019 01: +0,1572570000
0.394,23,Nov 02 2019 01: +0,1572656400
0.388,30,Nov 03 2019 01: +0,1572742800
0.381,24,Nov 04 2019 01: +0,1572829200
0.413,23,Nov 05 2019 01: +0,1572915600
0.382,23,Nov 06 2019 01: +0,1573002000
0.394,27,Nov 07 2019 01: +0,1573088400
0.378,19,Nov 08 2019 01: +0,1573174800
0.375,28,Nov 09 2019 01: +0,1573261200
0.378,41,Nov 10 2019 01: +0,1573347600
0.372,28,Nov 11 2019 01: +0,1573434000
0.386,19,Nov 12 2019 01: +0,1573520400
0.389,24,Nov 13 2019 01: +0,1573606800
0.389,22,Nov 14 2019 01: +0,1573693200
0.394,22,Nov 15 2019 01: +0,1573779600
0.393,29,Nov 16 2019 01: +0,1573866000
0.405,28,Nov 17 2019 01: +0,1573952400
0.406,25,Nov 18 2019 01: +0,1574038800
0.347,39,Nov 19 2019 01: +0,1574125200
0.322,40,Nov 20 2019 01: +0,1574211600
0.334,31,Nov 21 2019 01: +0,1574298000
0.318,40,Nov 22 2019 01: +0,1574384400
0.338,31,Nov 23 2019 01: +0,1574470800
0.379,30,Nov 24 2019 01: +0,1574557200
0.395,15,Nov 25 2019 01: +0,1574643600
0.375,29,Nov 26 2019 01: +0,1574730000
0.318,31,Nov 27 2019 01: +0,1574816400
0.314,24,Nov 28 2019 01: +0,1574902800
0.297,34,Nov 29 2019 01: +0,1574989200
0.289,26,Nov 30 2019 01: +0,1575075600
0.313,45,Dec 01 2019 01: +0,1575162000
0.342,31,Dec 02 2019 01: +0,1575248400
0.339,24,Dec 03 2019 01: +0,1575334800
0.376,25,Dec 04 2019 01: +0,1575421200
0.347,23,Dec 05 2019 01: +0,1575507600
0.348,39,Dec 06 2019 01: +0,1575594000
0.36,33,Dec 07 2019 01: +0,1575680400
0.367,25,Dec 08 2019 01: +0,1575766800
0.354,22,Dec 09 2019 01: +0,1575853200
0.476,26,Dec 10 2019 01: +0,1575939600
0.37,36,Dec 11 2019 01: +0,1576026000
0.388,22,Dec 12 2019 01: +0,1576112400
0.42,27,Dec 13 2019 01: +0,1576198800
0.404,32,Dec 14 2019 01: +0,1576285200
0.4,27,Dec 15 2019 01: +0,1576371600
0.383,24,Dec 16 2019 01: +0,1576458000
0.367,24,Dec 17 2019 01: +0,1576544400
0.379,35,Dec 18 2019 01: +0,1576630800
0.393,20,Dec 19 2019 01: +0,1576717200
0.367,35,Dec 20 2019 01: +0,1576803600
0.36,40,Dec 21 2019 01: +0,1576890000
0.369,25,Dec 22 2019 01: +0,1576976400
0.405,38,Dec 23 2019 01: +0,1577062800
0.4,42,Dec 24 2019 01: +0,1577149200
0.392,30,Dec 25 2019 01: +0,1577235600
0.43,30,Dec 26 2019 01: +0,1577322000
0.409,25,Dec 27 2019 01: +0,1577408400
0.42,28,Dec 28 2019 01: +0,1577494800
0.427,28,Dec 29 2019 01: +0,1577581200
0.387,27,Dec 30 2019 01: +0,1577667600
0.433,42,Dec 31 2019 01: +0,1577754000
0.427,26,Jan 01 2020 01: +0,1577840400
0.404,44,Jan 02 2020 01: +0,1577926800
0.43,25,Jan 03 2020 01: +0,1578013200
0.445,36,Jan 04 2020 01: +0,1578099600
0.428,39,Jan 05 2020 01: +0,1578186000
0.461,26,Jan 06 2020 01: +0,1578272400
0.458,28,Jan 07 2020 01: +0,1578358800
0.458,27,Jan 08 2020 01: +0,1578445200
0.443,25,Jan 09 2020 01: +0,1578531600
0.435,30,Jan 10 2020 01: +0,1578618000
0.442,31,Jan 11 2020 01: +0,1578704400
0.416,17,Jan 12 2020 01: +0,1578790800
0.466,25,Jan 13 2020 01: +0,1578877200
0.424,17,Jan 14 2020 01: +0,1578963600
0.446,32,Jan 15 2020 01: +0,1579050000
0.452,18,Jan 16 2020 01: +0,1579136400
0.451,26,Jan 17 2020 01: +0,1579222800
0.42,27,Jan 18 2020 01: +0,1579309200
0.408,32,Jan 19 2020 01: +0,1579395600
0.428,23,Jan 20 2020 01: +0,1579482000
0.409,24,Jan 21 2020 01: +0,1579568400
0.399,24,Jan 22 2020 01: +0,1579654800
0.406,24,Jan 23 2020 01: +0,1579741200
0.404,25,Jan 24 2020 01: +0,1579827600
0.381,39,Jan 25 2020 01: +0,1579914000
0.356,43,Jan 26 2020 01: +0,1580000400
0.356,27,Jan 27 2020 01: +0,1580086800
0.353,17,Jan 28 2020 01: +0,1580173200
0.36,27,Jan 29 2020 01: +0,1580259600
0.353,23,Jan 30 2020 01: +0,1580346000
0.36,31,Jan 31 2020 01: +0,1580432400
0.374,22,Feb 01 2020 01: +0,1580518800
0.351,31,Feb 02 2020 01: +0,1580605200
0.362,23,Feb 03 2020 01: +0,1580691600
0.372,15,Feb 04 2020 01: +0,1580778000
0.372,29,Feb 05 2020 01: +0,1580864400
0.374,36,Feb 06 2020 01: +0,1580950800
0.365,34,Feb 07 2020 01: +0,1581037200
0.38,34,Feb 08 2020 01: +0,1581123600
0.355,35,Feb 09 2020 01: +0,1581210000
0.385,36,Feb 10 2020 01: +0,1581296400
0.377,24,Feb 11 2020 01: +0,1581382800
0.38,26,Feb 12 2020 01: +0,1581469200
0.369,25,Feb 13 2020 01: +0,1581555600
0.344,25,Feb 14 2020 01: +0,1581642000
0.352,30,Feb 15 2020 01: +0,1581728400
0.343,31,Feb 16 2020 01: +0,1581814800
0.356,35,Feb 17 2020 01: +0,1581901200
0.352,22,Feb 18 2020 01: +0,1581987600
0.335,22,Feb 19 2020 01: +0,1582074000
0.332,24,Feb 20 2020 01: +0,1582160400
0.331,35,Feb 21 2020 01: +0,1582246800
0.346,28,Feb 22 2020 01: +0,1582333200
0.341,20,Feb 23 2020 01: +0,1582419600
0.341,27,Feb 24 2020 01: +0,1582506000
0.326,30,Feb 25 2020 01: +0,1582592400
0.332,29,Feb 26 2020 01: +0,1582678800
0.328,29,Feb 27 2020 01: +0,1582765200
0.348,42,Feb 28 2020 01: +0,1582851600
0.32,34,Feb 29 2020 01: +0,1582938000
0.334,38,Mar 01 2020 01: +0,1583024400
0.341,43,Mar 02 2020 01: +0,1583110800
0.345,22,Mar 03 2020 01: +0,1583197200
0.349,24,Mar 04 2020 01: +0,1583283600
0.344,35,Mar 05 2020 01: +0,1583370000
0.354,34,Mar 06 2020 01: +0,1583456400
0.333,40,Mar 07 2020 01: +0,1583542800
0.333,23,Mar 08 2020 01: +0,1583629200
0.32,31,Mar 09 2020 01: +0,1583715600
0.325,27,Mar 10 2020 01: +0,1583802000
0.337,36,Mar 11 2020 01: +0,1583888400
0.334,35,Mar 12 2020 01: +0,1583974800
0.337,25,Mar 13 2020 01: +0,1584061200
0.31,37,Mar 14 2020 01: +0,1584147600
0.328,37,Mar 15 2020 01: +0,1584234000
0.333,52,Mar 16 2020 01: +0,1584320400
0.319,49,Mar 17 2020 01: +0,1584406800
0.322,35,Mar 18 2020 01: +0,1584493200
0.297,24,Mar 19 2020 01: +0,1584579600
0.301,42,Mar 20 2020 01: +0,1584666000
0.31,27,Mar 21 2020 01: +0,1584752400
0.295,38,Mar 22 2020 01: +0,1584838800
0.295,32,Mar 23 2020 01: +0,1584925200
0.282,51,Mar 24 2020 01: +0,1585011600
0.287,34,Mar 25 2020 01: +0,1585098000
0.282,41,Mar 26 2020 01: +0,1585184400
0.305,37,Mar 27 2020 01: +0,1585270800
0.3,50,Mar 28 2020 01: +0,1585357200
0.277,25,Mar 29 2020 01: +0,1585443600
0.295,43,Mar 30 2020 01: +0,1585526400
0.271,52,Mar 31 2020 01: +0,1585612800
0.277,54,Apr 01 2020 01: +0,1585699200
0.295,65,Apr 02 2020 01: +0,1585785600
0.288,49,Apr 03 2020 01: +0,1585872000
0.278,47,Apr 04 2020 01: +0,1585958400
0.286,38,Apr 05 2020 01: +0,1586044800
0.298,56,Apr 06 2020 01: +0,1586131200
0.295,44,Apr 07 2020 01: +0,1586217600
0.303,63,Apr 08 2020 01: +0,1586304000
0.3,42,Apr 09 2020 01: +0,1586390400
0.308,68,Apr 10 2020 01: +0,1586476800
0.308,62,Apr 11 2020 01: +0,1586563200
0.315,49,Apr 12 2020 01: +0,1586649600
0.319,57,Apr 13 2020 01: +0,1586736000
0.324,43,Apr 14 2020 01: +0,1586822400
0.329,69,Apr 15 2020 01: +0,1586908800
0.324,35,Apr 16 2020 01: +0,1586995200
0.325,47,Apr 17 2020 01: +0,1587081600
0.343,35,Apr 18 2020 01: +0,1587168000
0.332,44,Apr 19 2020 01: +0,1587254400
0.328,36,Apr 20 2020 01: +0,1587340800
0.345,38,Apr 21 2020 01: +0,1587427200
0.331,49,Apr 22 2020 01: +0,1587513600
0.304,35,Apr 23 2020 01: +0,1587600000
0.307,38,Apr 24 2020 01: +0,1587686400
0.305,37,Apr 25 2020 01: +0,1587772800
0.307,45,Apr 26 2020 01: +0,1587859200
0.303,37,Apr 27 2020 01: +0,1587945600
0.314,32,Apr 28 2020 01: +0,1588032000
0.303,47,Apr 29 2020 01: +0,1588118400
0.286,41,Apr 30 2020 01: +0,1588204800
0.291,35,May 01 2020 01: +0,1588291200
1.367,34,May 02 2020 01: +0,1588377600
0.29,52,May 03 2020 01: +0,1588464000
0.307,58,May 04 2020 01: +0,1588550400
0.29,43,May 05 2020 01: +0,1588636800
0.309,41,May 06 2020 01: +0,1588723200
0.309,28,May 07 2020 01: +0,1588809600
0.296,31,May 08 2020 01: +0,1588896000
0.299,46,May 09 2020 01: +0,1588982400
0.317,39,May 10 2020 01: +0,1589068800
0.312,29,May 11 2020 01: +0,1589155200
0.294,40,May 12 2020 01: +0,1589241600
0.307,34,May 13 2020 01: +0,1589328000
0.298,34,May 14 2020 01: +0,1589414400
0.29,32,May 15 2020 01: +0,1589500800
0.296,34,May 16 2020 01: +0,1589587200
0.285,34,May 17 2020 01: +0,1589673600
0.287,53,May 18 2020 01: +0,1589760000
0.281,34,May 19 2020 01: +0,1589846400
0.286,62,May 20 2020 01: +0,1589932800
0.288,33,May 21 2020 01: +0,1590019200
0.287,34,May 22 2020 01: +0,1590105600
0.277,38,May 23 2020 01: +0,1590192000
0.275,50,May 24 2020 01: +0,1590278400
0.282,54,May 25 2020 01: +0,1590364800
0.267,48,May 26 2020 01: +0,1590451200
0.285,30,May 27 2020 01: +0,1590537600
0.272,53,May 28 2020 01: +0,1590624000
0.279,36,May 29 2020 01: +0,1590710400
0.27,34,May 30 2020 01: +0,1590796800
0.266,41,May 31 2020 01: +0,1590883200
0.266,42,Jun 01 2020 01: +0,1590969600
0.274,40,Jun 02 2020 01: +0,1591056000
0.274,37,Jun 03 2020 01: +0,1591142400
0.269,37,Jun 04 2020 01: +0,1591228800
0.261,47,Jun 05 2020 01: +0,1591315200
0.263,32,Jun 06 2020 01: +0,1591401600
0.264,48,Jun 07 2020 01: +0,1591488000
0.277,34,Jun 08 2020 01: +0,1591574400
0.278,39,Jun 09 2020 01: +0,1591660800
0.272,28,Jun 10 2020 01: +0,1591747200
0.264,51,Jun 11 2020 01: +0,1591833600
0.258,53,Jun 12 2020 01: +0,1591920000
0.258,40,Jun 13 2020 01: +0,1592006400
0.261,44,Jun 14 2020 01: +0,1592092800
0.285,27,Jun 15 2020 01: +0,1592179200
0.253,31,Jun 16 2020 01: +0,1592265600
0.26,35,Jun 17 2020 01: +0,1592352000
0.318,31,Jun 18 2020 01: +0,1592438400
0.259,24,Jun 19 2020 01: +0,1592524800
0.254,38,Jun 20 2020 01: +0,1592611200
0.252,40,Jun 21 2020 01: +0,1592697600
0.263,47,Jun 22 2020 01: +0,1592784000
0.242,25,Jun 23 2020 01: +0,1592870400
0.244,30,Jun 24 2020 01: +0,1592956800
0.245,46,Jun 25 2020 01: +0,1593043200
0.245,42,Jun 26 2020 01: +0,1593129600
0.231,41,Jun 27 2020 01: +0,1593216000
0.236,43,Jun 28 2020 01: +0,1593302400
0.232,37,Jun 29 2020 01: +0,1593388800
0.22,44,Jun 30 2020 01: +0,1593475200
0.23,25,Jul 01 2020 01: +0,1593561600
0.238,34,Jul 02 2020 01: +0,1593648000
0.239,27,Jul 03 2020 01: +0,1593734400
0.24,37,Jul 04 2020 01: +0,1593820800
0.234,27,Jul 05 2020 01: +0,1593907200
0.233,34,Jul 06 2020 01: +0,1593993600
0.224,31,Jul 07 2020 01: +0,1594080000
0.237,31,Jul 08 2020 01: +0,1594166400
0.236,32,Jul 09 2020 01: +0,1594252800
0.238,31,Jul 10 2020 01: +0,1594339200
0.251,44,Jul 11 2020 01: +0,1594425600
0.238,38,Jul 12 2020 01: +0,1594512000
0.254,30,Jul 13 2020 01: +0,1594598400
0.241,30,Jul 14 2020 01: +0,1594684800
0.247,46,Jul 15 2020 01: +0,1594771200
0.256,39,Jul 16 2020 01: +0,1594857600
0.246,40,Jul 17 2020 01: +0,1594944000
0.268,39,Jul 18 2020 01: +0,1595030400
0.257,33,Jul 19 2020 01: +0,1595116800
0.28,35,Jul 20 2020 01: +0,1595203200
0.383,47,Jul 21 2020 01: +0,1595289600
0.268,37,Jul 22 2020 01: +0,1595376000
0.255,32,Jul 23 2020 01: +0,1595462400
0.268,31,Jul 24 2020 01: +0,1595548800
0.238,31,Jul 25 2020 01: +0,1595635200
0.266,39,Jul 26 2020 01: +0,1595721600
0.262,59,Jul 27 2020 01: +0,1595808000
0.249,35,Jul 28 2020 01: +0,1595894400
0.275,35,Jul 29 2020 01: +0,1595980800
0.29,22,Jul 30 2020 01: +0,1596067200
0.271,32,Jul 31 2020 01: +0,1596153600
0.264,30,Aug 01 2020 01: +0,1596240000
0.278,50,Aug 02 2020 01: +0,1596326400
0.312,32,Aug 03 2020 01: +0,1596412800
0.266,33,Aug 04 2020 01: +0,1596499200
0.295,36,Aug 05 2020 01: +0,1596585600
0.276,23,Aug 06 2020 01: +0,1596672000
0.275,57,Aug 07 2020 01: +0,1596758400
0.272,45,Aug 08 2020 01: +0,1596844800
0.271,40,Aug 09 2020 01: +0,1596931200
0.272,30,Aug 10 2020 01: +0,1597017600
0.314,38,Aug 11 2020 01: +0,1597104000
0.3,46,Aug 12 2020 01: +0,1597190400
0.305,30,Aug 13 2020 01: +0,1597276800
0.286,33,Aug 14 2020 01: +0,1597363200
0.283,39,Aug 15 2020 01: +0,1597449600
0.281,37,Aug 16 2020 01: +0,1597536000
0.277,44,Aug 17 2020 01: +0,1597622400
0.29,39,Aug 18 2020 01: +0,1597708800
0.278,34,Aug 19 2020 01: +0,1597795200
0.278,33,Aug 20 2020 01: +0,1597881600
0.254,40,Aug 21 2020 01: +0,1597968000
0.267,36,Aug 22 2020 01: +0,1598054400
0.266,35,Aug 23 2020 01: +0,1598140800
0.248,40,Aug 24 2020 01: +0,1598227200
0.238,39,Aug 25 2020 01: +0,1598313600
0.253,36,Aug 26 2020 01: +0,1598400000
0.248,34,Aug 27 2020 01: +0,1598486400
0.257,42,Aug 28 2020 01: +0,1598572800
0.272,30,Aug 29 2020 01: +0,1598659200
0.249,44,Aug 30 2020 01: +0,1598745600
0.249,30,Aug 31 2020 01: +0,1598832000
0.244,28,Sep 01 2020 01: +0,1598918400
0.252,24,Sep 02 2020 01: +0,1599004800
0.248,34,Sep 03 2020 01: +0,1599091200
0.255,12,Sep 04 2020 01: +0,1599177600
0.257,35,Sep 05 2020 01: +0,1599264000
0.247,30,Sep 06 2020 01: +0,1599350400
0.249,29,Sep 07 2020 01: +0,1599436800
0.248,33,Sep 08 2020 01: +0,1599523200
0.239,30,Sep 09 2020 01: +0,1599609600
0.265,32,Sep 10 2020 01: +0,1599696000
0.276,35,Sep 11 2020 01: +0,1599782400
0.262,54,Sep 12 2020 01: +0,1599868800
0.27,59,Sep 13 2020 01: +0,1599955200
0.269,45,Sep 14 2020 01: +0,1600041600
0.274,27,Sep 15 2020 01: +0,1600128000
0.262,32,Sep 16 2020 01: +0,1600214400
0.281,30,Sep 17 2020 01: +0,1600300800
0.259,30,Sep 18 2020 01: +0,1600387200
0.285,24,Sep 19 2020 01: +0,1600473600
0.283,30,Sep 20 2020 01: +0,1600560000
0.286,26,Sep 21 2020 01: +0,1600646400
0.291,28,Sep 22 2020 01: +0,1600732800
0.276,32,Sep 23 2020 01: +0,1600819200
0.283,31,Sep 24 2020 01: +0,1600905600
0.287,34,Sep 25 2020 01: +0,1600992000
0.288,28,Sep 26 2020 01: +0,1601078400
0.271,33,Sep 27 2020 01: +0,1601164800
0.261,24,Sep 28 2020 01: +0,1601251200
0.264,29,Sep 29 2020 01: +0,1601337600
0.263,32,Sep 30 2020 01: +0,1601424000
0.259,32,Oct 01 2020 01: +0,1601510400
0.264,31,Oct 02 2020 01: +0,1601596800
0.285,37,Oct 03 2020 01: +0,1601683200
0.287,30,Oct 04 2020 01: +0,1601769600
0.278,26,Oct 05 2020 01: +0,1601856000
0.276,21,Oct 06 2020 01: +0,1601942400
0.264,38,Oct 07 2020 01: +0,1602028800
0.279,28,Oct 08 2020 01: +0,1602115200
0.265,38,Oct 09 2020 01: +0,1602201600
0.277,29,Oct 10 2020 01: +0,1602288000
0.275,42,Oct 11 2020 01: +0,1602374400
0.277,33,Oct 12 2020 01: +0,1602460800
0.302,26,Oct 13 2020 01: +0,1602547200
0.291,25,Oct 14 2020 01: +0,1602633600
0.304,30,Oct 15 2020 01: +0,1602720000
0.27,24,Oct 16 2020 01: +0,1602806400
0.288,35,Oct 17 2020 01: +0,1602892800
0.29,38,Oct 18 2020 01: +0,1602979200
0.276,33,Oct 19 2020 01: +0,1603065600
0.287,29,Oct 20 2020 01: +0,1603152000
0.31,32,Oct 21 2020 01: +0,1603238400
0.31,24,Oct 22 2020 01: +0,1603324800
0.319,72,Oct 23 2020 01: +0,1603411200
0.296,33,Oct 24 2020 01: +0,1603497600
0.32,26,Oct 25 2020 01: +0,1603584000
0.31,26,Oct 26 2020 01: +0,1603674000
0.325,19,Oct 27 2020 01: +0,1603760400
0.295,28,Oct 28 2020 01: +0,1603846800
0.29,26,Oct 29 2020 01: +0,1603933200
0.273,28,Oct 30 2020 01: +0,1604019600
0.281,28,Oct 31 2020 01: +0,1604106000
0.278,39,Nov 01 2020 01: +0,1604192400
0.295,35,Nov 02 2020 01: +0,1604278800
0.296,36,Nov 03 2020 01: +0,1604365200
0.28,21,Nov 04 2020 01: +0,1604451600
0.273,34,Nov 05 2020 01: +0,1604538000
0.279,36,Nov 06 2020 01: +0,1604624400
0.284,44,Nov 07 2020 01: +0,1604710800
0.28,30,Nov 08 2020 01: +0,1604797200
0.295,33,Nov 09 2020 01: +0,1604883600
0.29,25,Nov 10 2020 01: +0,1604970000
0.297,22,Nov 11 2020 01: +0,1605056400
0.287,23,Nov 12 2020 01: +0,1605142800
0.286,36,Nov 13 2020 01: +0,1605229200
0.301,27,Nov 14 2020 01: +0,1605315600
0.276,35,Nov 15 2020 01: +0,1605402000
0.293,24,Nov 16 2020 01: +0,1605488400
0.293,34,Nov 17 2020 01: +0,1605574800
0.291,30,Nov 18 2020 01: +0,1605661200
0.285,29,Nov 19 2020 01: +0,1605747600
0.322,67,Nov 20 2020 01: +0,1605834000
0.309,32,Nov 21 2020 01: +0,1605920400
0.291,26,Nov 22 2020 01: +0,1606006800
0.31,33,Nov 23 2020 01: +0,1606093200
0.306,33,Nov 24 2020 01: +0,1606179600
0.287,39,Nov 25 2020 01: +0,1606266000
0.282,54,Nov 26 2020 01: +0,1606352400
0.286,30,Nov 27 2020 01: +0,1606438800
0.265,35,Nov 28 2020 01: +0,1606525200
0.284,24,Nov 29 2020 01: +0,1606611600
0.271,29,Nov 30 2020 01: +0,1606698000
0.271,32,Dec 01 2020 01: +0,1606784400
0.276,30,Dec 02 2020 01: +0,1606870800
0.284,39,Dec 03 2020 01: +0,1606957200
0.258,71,Dec 04 2020 01: +0,1607043600
0.272,44,Dec 05 2020 01: +0,1607130000
0.284,33,Dec 06 2020 01: +0,1607216400
0.265,31,Dec 07 2020 01: +0,1607302800
0.281,40,Dec 08 2020 01: +0,1607389200
0.272,24,Dec 09 2020 01: +0,1607475600
0.266,31,Dec 10 2020 01: +0,1607562000
0.256,22,Dec 11 2020 01: +0,1607648400
0.288,28,Dec 12 2020 01: +0,1607734800
0.284,34,Dec 13 2020 01: +0,1607821200
0.268,23,Dec 14 2020 01: +0,1607907600
0.279,25,Dec 15 2020 01: +0,1607994000
0.296,33,Dec 16 2020 01: +0,1608080400
0.301,35,Dec 17 2020 01: +0,1608166800
0.279,41,Dec 18 2020 01: +0,1608253200
0.282,53,Dec 19 2020 01: +0,1608339600
0.283,29,Dec 20 2020 01: +0,1608426000
0.279,45,Dec 21 2020 01: +0,1608512400
0.277,37,Dec 22 2020 01: +0,1608598800
0.265,48,Dec 23 2020 01: +0,1608685200
0.3,43,Dec 24 2020 01: +0,1608771600
0.294,28,Dec 25 2020 01: +0,1608858000
0.281,33,Dec 26 2020 01: +0,1608944400
0.315,33,Dec 27 2020 01: +0,1609030800
0.277,51,Dec 28 2020 01: +0,1609117200
0.281,42,Dec 29 2020 01: +0,1609203600
0.292,34,Dec 30 2020 01: +0,1609290000
0.277,36,Dec 31 2020 01: +0,1609376400
0.297,41,Jan 01 2021 01: +0,1609462800
0.302,50,Jan 02 2021 01: +0,1609549200
0.314,34,Jan 03 2021 01: +0,1609635600
0.338,38,Jan 04 2021 01: +0,1609722000
0.326,44,Jan 05 2021 01: +0,1609808400
0.326,41,Jan 06 2021 01: +0,1609894800
0.321,25,Jan 07 2021 01: +0,1609981200
0.391,36,Jan 08 2021 01: +0,1610067600
0.331,35,Jan 09 2021 01: +0,1610154000
0.332,57,Jan 10 2021 01: +0,1610240400
0.388,39,Jan 11 2021 01: +0,1610326800
0.363,30,Jan 12 2021 01: +0,1610413200
0.391,31,Jan 13 2021 01: +0,1610499600
0.382,35,Jan 14 2021 01: +0,1610586000
0.385,26,Jan 15 2021 01: +0,1610672400
0.379,38,Jan 16 2021 01: +0,1610758800
0.378,35,Jan 17 2021 01: +0,1610845200
0.349,28,Jan 18 2021 01: +0,1610931600
0.384,28,Jan 19 2021 01: +0,1611018000
0.392,32,Jan 20 2021 01: +0,1611104400
0.378,23,Jan 21 2021 01: +0,1611190800
0.38,33,Jan 22 2021 01: +0,1611277200
0.41,42,Jan 23 2021 01: +0,1611363600
0.441,42,Jan 24 2021 01: +0,1611450000
0.404,37,Jan 25 2021 01: +0,1611536400
0.405,43,Jan 26 2021 01: +0,1611622800
0.417,73,Jan 27 2021 01: +0,1611709200
0.364,83,Jan 28 2021 01: +0,1611795600
0.337,43,Jan 29 2021 01: +0,1611882000
0.334,34,Jan 30 2021 01: +0,1611968400
0.333,29,Jan 31 2021 01: +0,1612054800
0.374,36,Feb 01 2021 01: +0,1612141200
0.332,29,Feb 02 2021 01: +0,1612227600
0.354,50,Feb 03 2021 01: +0,1612314000
0.327,28,Feb 04 2021 01: +0,1612400400
0.329,46,Feb 05 2021 01: +0,1612486800
0.36,28,Feb 06 2021 01: +0,1612573200
0.348,33,Feb 07 2021 01: +0,1612659600
0.334,39,Feb 08 2021 01: +0,1612746000
0.325,38,Feb 09 2021 01: +0,1612832400
0.347,34,Feb 10 2021 01: +0,1612918800
0.346,29,Feb 11 2021 01: +0,1613005200
0.333,54,Feb 12 2021 01: +0,1613091600
0.308,42,Feb 13 2021 01: +0,1613178000
0.328,47,Feb 14 2021 01: +0,1613264400
0.368,43,Feb 15 2021 01: +0,1613350800
0.328,38,Feb 16 2021 01: +0,1613437200
0.348,39,Feb 17 2021 01: +0,1613523600
0.334,42,Feb 18 2021 01: +0,1613610000
0.363,35,Feb 19 2021 01: +0,1613696400
0.335,31,Feb 20 2021 01: +0,1613782800
0.331,38,Feb 21 2021 01: +0,1613869200
0.339,28,Feb 22 2021 01: +0,1613955600
0.338,51,Feb 23 2021 01: +0,1614042000
0.316,44,Feb 24 2021 01: +0,1614128400
0.326,30,Feb 25 2021 01: +0,1614214800
0.334,41,Feb 26 2021 01: +0,1614301200
0.322,37,Feb 27 2021 01: +0,1614387600
0.314,30,Feb 28 2021 01: +0,1614474000
0.312,34,Mar 01 2021 01: +0,1614560400
0.316,27,Mar 02 2021 01: +0,1614646800
0.329,48,Mar 03 2021 01: +0,1614733200
0.374,47,Mar 04 2021 01: +0,1614819600
0.344,45,Mar 05 2021 01: +0,1614906000
0.361,38,Mar 06 2021 01: +0,1614992400
0.351,44,Mar 07 2021 01: +0,1615078800
0.341,48,Mar 08 2021 01: +0,1615165200
0.354,42,Mar 09 2021 01: +0,1615251600
0.359,48,Mar 10 2021 01: +0,1615338000
0.334,36,Mar 11 2021 01: +0,1615424400
0.326,31,Mar 12 2021 01: +0,1615510800
0.327,40,Mar 13 2021 01: +0,1615597200
0.323,37,Mar 14 2021 01: +0,1615683600
0.315,42,Mar 15 2021 01: +0,1615770000
0.353,58,Mar 16 2021 01: +0,1615856400
0.345,48,Mar 17 2021 01: +0,1615942800
0.352,45,Mar 18 2021 01: +0,1616029200
0.335,48,Mar 19 2021 01: +0,1616115600
0.347,38,Mar 20 2021 01: +0,1616202000
0.344,69,Mar 21 2021 01: +0,1616288400
0.347,46,Mar 22 2021 01: +0,1616374800
0.352,38,Mar 23 2021 01: +0,1616461200
0.341,61,Mar 24 2021 01: +0,1616547600
0.344,39,Mar 25 2021 01: +0,1616634000
0.355,37,Mar 26 2021 01: +0,1616720400
0.36,53,Mar 27 2021 01: +0,1616806800
0.329,45,Mar 28 2021 01: +0,1616893200
0.341,44,Mar 29 2021 01: +0,1616976000
0.374,43,Mar 30 2021 01: +0,1617062400
0.325,39,Mar 31 2021 01: +0,1617148800
0.346,43,Apr 01 2021 01: +0,1617235200
0.342,36,Apr 02 2021 01: +0,1617321600
0.324,39,Apr 03 2021 01: +0,1617408000
0.312,50,Apr 04 2021 01: +0,1617494400
0.312,41,Apr 05 2021 01: +0,1617580800
0.314,39,Apr 06 2021 01: +0,1617667200
0.299,46,Apr 07 2021 01: +0,1617753600
0.284,51,Apr 08 2021 01: +0,1617840000
0.305,47,Apr 09 2021 01: +0,1617926400
0.292,47,Apr 10 2021 01: +0,1618012800
0.282,32,Apr 11 2021 01: +0,1618099200
0.283,39,Apr 12 2021 01: +0,1618185600
0.266,37,Apr 13 2021 01: +0,1618272000
0.285,8,Apr 14 2021 01: +0,1618358400
0.278,43,Apr 15 2021 01: +0,1618444800
0.263,41,Apr 16 2021 01: +0,1618531200
0.27,41,Apr 17 2021 01: +0,1618617600
0.26,40,Apr 18 2021 01: +0,1618704000
0.267,32,Apr 19 2021 01: +0,1618790400
0.27,41,Apr 20 2021 01: +0,1618876800
0.263,33,Apr 21 2021 01: +0,1618963200
0.261,36,Apr 22 2021 01: +0,1619049600
0.269,83,Apr 23 2021 01: +0,1619136000
0.268,30,Apr 24 2021 01: +0,1619222400
0.259,33,Apr 25 2021 01: +0,1619308800
0.27,40,Apr 26 2021 01: +0,1619395200
0.269,69,Apr 27 2021 01: +0,1619481600
0.273,39,Apr 28 2021 01: +0,1619568000
0.282,47,Apr 29 2021 01: +0,1619654400
0.274,39,Apr 30 2021 01: +0,1619740800
0.27,34,May 01 2021 01: +0,1619827200
0.258,36,May 02 2021 01: +0,1619913600
0.274,44,May 03 2021 01: +0,1620000000
0.262,60,May 04 2021 01: +0,1620086400
0.278,90,May 05 2021 01: +0,1620172800
0.283,73,May 06 2021 01: +0,1620259200
0.312,42,May 07 2021 01: +0,1620345600
0.348,49,May 08 2021 01: +0,1620432000
0.311,38,May 09 2021 01: +0,1620518400
0.316,35,May 10 2021 01: +0,1620604800
0.341,37,May 11 2021 01: +0,1620691200
0.368,49,May 12 2021 01: +0,1620777600
0.366,45,May 13 2021 01: +0,1620864000
0.346,40,May 14 2021 01: +0,1620950400
0.33,39,May 15 2021 01: +0,1621036800
0.344,45,May 16 2021 01: +0,1621123200
0.357,39,May 17 2021 01: +0,1621209600
0.365,35,May 18 2021 01: +0,1621296000
0.365,39,May 19 2021 01: +0,1621382400
0.346,34,May 20 2021 01: +0,1621468800
0.38,43,May 21 2021 01: +0,1621555200
0.37,40,May 22 2021 01: +0,1621641600
0.421,30,May 23 2021 01: +0,1621728000
0.357,33,May 24 2021 01: +0,1621814400
0.377,40,May 25 2021 01: +0,1621900800
0.399,46,May 26 2021 01: +0,1621987200
0.359,38,May 27 2021 01: +0,1622073600
0.362,42,May 28 2021 01: +0,1622160000
0.371,43,May 29 2021 01: +0,1622246400
0.353,45,May 30 2021 01: +0,1622332800
0.433,39,May 31 2021 01: +0,1622419200
0.415,32,Jun 01 2021 01: +0,1622505600
0.355,36,Jun 02 2021 01: +0,1622592000
0.384,46,Jun 03 2021 01: +0,1622678400
0.368,47,Jun 04 2021 01: +0,1622764800
0.358,36,Jun 05 2021 01: +0,1622851200
0.364,45,Jun 06 2021 01: +0,1622937600
0.373,29,Jun 07 2021 01: +0,1623024000
0.362,36,Jun 08 2021 01: +0,1623110400
0.368,35,Jun 09 2021 01: +0,1623196800
0.345,31,Jun 10 2021 01: +0,1623283200
0.373,37,Jun 11 2021 01: +0,1623369600
0.385,32,Jun 12 2021 01: +0,1623456000
0.36,42,Jun 13 2021 01: +0,1623542400
0.357,27,Jun 14 2021 01: +0,1623628800
0.368,32,Jun 15 2021 01: +0,1623715200
0.371,27,Jun 16 2021 01: +0,1623801600
0.363,54,Jun 17 2021 01: +0,1623888000
0.347,37,Jun 18 2021 01: +0,1623974400
0.36,47,Jun 19 2021 01: +0,1624060800
0.359,32,Jun 20 2021 01: +0,1624147200
0.353,29,Jun 21 2021 01: +0,1624233600
0.349,31,Jun 22 2021 01: +0,1624320000
0.351,36,Jun 23 2021 01: +0,1624406400
0.334,26,Jun 24 2021 01: +0,1624492800
0.304,33,Jun 25 2021 01: +0,1624579200
0.286,39,Jun 26 2021 01: +0,1624665600
0.291,32,Jun 27 2021 01: +0,1624752000
0.304,47,Jun 28 2021 01: +0,1624838400
0.314,30,Jun 29 2021 01: +0,1624924800
0.319,35,Jun 30 2021 01: +0,1625011200
0.311,35,Jul 01 2021 01: +0,1625097600
0.297,42,Jul 02 2021 01: +0,1625184000
0.317,36,Jul 03 2021 01: +0,1625270400
0.307,27,Jul 04 2021 01: +0,1625356800
0.297,35,Jul 05 2021 01: +0,1625443200
0.306,34,Jul 06 2021 01: +0,1625529600
0.612,27,Jul 07 2021 01: +0,1625616000
0.301,27,Jul 08 2021 01: +0,1625702400
0.31,19,Jul 09 2021 01: +0,1625788800
0.307,29,Jul 10 2021 01: +0,1625875200
0.304,28,Jul 11 2021 01: +0,1625961600
0.301,16,Jul 12 2021 01: +0,1626048000
0.292,28,Jul 13 2021 01: +0,1626134400
0.301,23,Jul 14 2021 01: +0,1626220800
0.287,27,Jul 15 2021 01: +0,1626307200
0.278,18,Jul 16 2021 01: +0,1626393600
0.283,39,Jul 17 2021 01: +0,1626480000
0.281,23,Jul 18 2021 01: +0,1626566400
0.276,26,Jul 19 2021 01: +0,1626652800
0.304,21,Jul 20 2021 01: +0,1626739200
0.308,25,Jul 21 2021 01: +0,1626825600
0.313,19,Jul 22 2021 01: +0,1626912000
0.314,29,Jul 23 2021 01: +0,1626998400
0.299,34,Jul 24 2021 01: +0,1627084800
0.301,25,Jul 25 2021 01: +0,1627171200
0.273,29,Jul 26 2021 01: +0,1627257600
0.288,11,Jul 27 2021 01: +0,1627344000
0.3,23,Jul 28 2021 01: +0,1627430400
0.292,17,Jul 29 2021 01: +0,1627516800
0.273,22,Jul 30 2021 01: +0,1627603200
0.293,43,Jul 31 2021 01: +0,1627689600
0.263,15,Aug 01 2021 01: +0,1627776000
0.288,37,Aug 02 2021 01: +0,1627862400
0.284,25,Aug 03 2021 01: +0,1627948800
0.286,26,Aug 04 2021 01: +0,1628035200
0.283,24,Aug 05 2021 01: +0,1628121600
0.289,36,Aug 06 2021 01: +0,1628208000
0.287,20,Aug 07 2021 01: +0,1628294400
0.276,37,Aug 08 2021 01: +0,1628380800
0.299,25,Aug 09 2021 01: +0,1628467200
0.288,26,Aug 10 2021 01: +0,1628553600
0.29,29,Aug 11 2021 01: +0,1628640000
0.279,21,Aug 12 2021 01: +0,1628726400
0.273,20,Aug 13 2021 01: +0,1628812800
0.282,24,Aug 14 2021 01: +0,1628899200
0.242,17,Aug 15 2021 01: +0,1628985600
0.259,37,Aug 16 2021 01: +0,1629072000
4.122,31,Aug 17 2021 01: +0,1629158400
0.248,30,Aug 18 2021 01: +0,1629244800
0.257,65,Aug 19 2021 01: +0,1629331200
0.249,24,Aug 20 2021 01: +0,1629417600
0.245,21,Aug 21 2021 01: +0,1629504000
0.245,29,Aug 22 2021 01: +0,1629590400
0.245,35,Aug 23 2021 01: +0,1629676800
0.248,32,Aug 24 2021 01: +0,1629763200
0.247,45,Aug 25 2021 01: +0,1629849600
0.248,35,Aug 26 2021 01: +0,1629936000
0.277,25,Aug 27 2021 01: +0,1630022400
0.286,49,Aug 28 2021 01: +0,1630108800
0.252,47,Aug 29 2021 01: +0,1630195200
0.253,26,Aug 30 2021 01: +0,1630281600
0.235,26,Aug 31 2021 01: +0,1630368000
0.267,30,Sep 01 2021 01: +0,1630454400
0.266,26,Sep 02 2021 01: +0,1630540800
0.264,22,Sep 03 2021 01: +0,1630627200
0.266,27,Sep 04 2021 01: +0,1630713600
0.263,27,Sep 05 2021 01: +0,1630800000
0.251,23,Sep 06 2021 01: +0,1630886400
0.283,28,Sep 07 2021 01: +0,1630972800
0.264,25,Sep 08 2021 01: +0,1631059200
0.251,31,Sep 09 2021 01: +0,1631145600
0.25,46,Sep 10 2021 01: +0,1631232000
0.24,30,Sep 11 2021 01: +0,1631318400
0.262,45,Sep 12 2021 01: +0,1631404800
0.255,24,Sep 13 2021 01: +0,1631491200
0.257,24,Sep 14 2021 01: +0,1631577600
0.248,23,Sep 15 2021 01: +0,1631664000
0.276,26,Sep 16 2021 01: +0,1631750400
0.286,34,Sep 17 2021 01: +0,1631836800
0.258,26,Sep 18 2021 01: +0,1631923200
0.272,32,Sep 19 2021 01: +0,1632009600
0.262,27,Sep 20 2021 01: +0,1632096000
0.266,30,Sep 21 2021 01: +0,1632182400
0.239,70,Sep 22 2021 01: +0,1632268800
0.255,38,Sep 23 2021 01: +0,1632355200
0.262,41,Sep 24 2021 01: +0,1632441600
0.254,34,Sep 25 2021 01: +0,1632528000
0.267,26,Sep 26 2021 01: +0,1632614400
0.254,26,Sep 27 2021 01: +0,1632700800
0.264,24,Sep 28 2021 01: +0,1632787200
0.246,27,Sep 29 2021 01: +0,1632873600
0.254,19,Sep 30 2021 01: +0,1632960000
0.263,30,Oct 01 2021 01: +0,1633046400
0.259,33,Oct 02 2021 01: +0,1633132800
0.263,32,Oct 03 2021 01: +0,1633219200
0.256,32,Oct 04 2021 01: +0,1633305600
0.268,23,Oct 05 2021 01: +0,1633392000
0.276,25,Oct 06 2021 01: +0,1633478400
0.27,24,Oct 07 2021 01: +0,1633564800
0.269,33,Oct 08 2021 01: +0,1633651200
0.276,29,Oct 09 2021 01: +0,1633737600
0.335,28,Oct 10 2021 01: +0,1633824000
0.275,29,Oct 11 2021 01: +0,1633910400
0.287,17,Oct 12 2021 01: +0,1633996800
0.272,27,Oct 13 2021 01: +0,1634083200
0.276,33,Oct 14 2021 01: +0,1634169600
0.295,43,Oct 15 2021 01: +0,1634256000
0.327,33,Oct 16 2021 01: +0,1634342400
0.36,33,Oct 17 2021 01: +0,1634428800
0.331,22,Oct 18 2021 01: +0,1634515200
0.341,26,Oct 19 2021 01: +0,1634601600
0.339,39,Oct 20 2021 01: +0,1634688000
0.335,29,Oct 21 2021 01: +0,1634774400
0.331,34,Oct 22 2021 01: +0,1634860800
0.339,48,Oct 23 2021 01: +0,1634947200
0.324,36,Oct 24 2021 01: +0,1635033600
0.31,24,Oct 25 2021 01: +0,1635120000
0.323,34,Oct 26 2021 01: +0,1635206400
0.345,22,Oct 27 2021 01: +0,1635292800
0.34,36,Oct 28 2021 01: +0,1635379200
0.349,23,Oct 29 2021 01: +0,1635465600
0.353,40,Oct 30 2021 01: +0,1635552000
0.326,43,Oct 31 2021 01: +0,1635638400
0.362,42,Nov 01 2021 01: +0,1635728400
0.383,27,Nov 02 2021 01: +0,1635814800
0.436,25,Nov 03 2021 01: +0,1635901200
0.386,29,Nov 04 2021 01: +0,1635987600
0.375,34,Nov 05 2021 01: +0,1636074000
0.377,76,Nov 06 2021 01: +0,1636160400
0.326,21,Nov 07 2021 01: +0,1636246800
0.356,34,Nov 08 2021 01: +0,1636333200
0.377,37,Nov 09 2021 01: +0,1636419600
0.416,24,Nov 10 2021 01: +0,1636506000
0.394,29,Nov 11 2021 01: +0,1636592400
0.384,31,Nov 12 2021 01: +0,1636678800
0.375,40,Nov 13 2021 01: +0,1636765200
0.428,36,Nov 14 2021 01: +0,1636851600
0.385,32,Nov 15 2021 01: +0,1636938000
0.369,38,Nov 16 2021 01: +0,1637024400
0.364,28,Nov 17 2021 01: +0,1637110800
0.37,27,Nov 18 2021 01: +0,1637197200
0.374,39,Nov 19 2021 01: +0,1637283600
0.363,60,Nov 20 2021 01: +0,1637370000
0.368,33,Nov 21 2021 01: +0,1637456400
0.365,30,Nov 22 2021 01: +0,1637542800
0.38,29,Nov 23 2021 01: +0,1637629200
0.371,32,Nov 24 2021 01: +0,1637715600
0.364,37,Nov 25 2021 01: +0,1637802000
0.359,36,Nov 26 2021 01: +0,1637888400
0.365,50,Nov 27 2021 01: +0,1637974800
0.379,34,Nov 28 2021 01: +0,1638061200
0.335,27,Nov 29 2021 01: +0,1638147600
0.337,38,Nov 30 2021 01: +0,1638234000
0.333,40,Dec 01 2021 01: +0,1638320400
0.342,29,Dec 02 2021 01: +0,1638406800
0.335,26,Dec 03 2021 01: +0,1638493200
0.35,44,Dec 04 2021 01: +0,1638579600
0.349,26,Dec 05 2021 01: +0,1638666000
0.344,24,Dec 06 2021 01: +0,1638752400
0.342,27,Dec 07 2021 01: +0,1638838800
0.338,33,Dec 08 2021 01: +0,1638925200
0.312,29,Dec 09 2021 01: +0,1639011600
0.337,37,Dec 10 2021 01: +0,1639098000
0.35,40,Dec 11 2021 01: +0,1639184400
0.348,87,Dec 12 2021 01: +0,1639270800
0.36,20,Dec 13 2021 01: +0,1639357200
0.387,35,Dec 14 2021 01: +0,1639443600
0.402,20,Dec 15 2021 01: +0,1639530000
0.369,29,Dec 16 2021 01: +0,1639616400
0.529,28,Dec 17 2021 01: +0,1639702800
0.373,25,Dec 18 2021 01: +0,1639789200
0.394,29,Dec 19 2021 01: +0,1639875600
0.369,32,Dec 20 2021 01: +0,1639962000
0.379,26,Dec 21 2021 01: +0,1640048400
0.491,35,Dec 22 2021 01: +0,1640134800
0.381,30,Dec 23 2021 01: +0,1640221200
0.365,36,Dec 24 2021 01: +0,1640307600
0.359,31,Dec 25 2021 01: +0,1640394000
0.385,51,Dec 26 2021 01: +0,1640480400
0.381,34,Dec 27 2021 01: +0,1640566800
0.37,30,Dec 28 2021 01: +0,1640653200
0.39,45,Dec 29 2021 01: +0,1640739600
0.379,39,Dec 30 2021 01: +0,1640826000
0.38,46,Dec 31 2021 01: +0,1640912400
0.407,33,Jan 01 2022 01: +0,1640998800
0.426,45,Jan 02 2022 01: +0,1641085200
0.389,36,Jan 03 2022 01: +0,1641171600
0.397,42,Jan 04 2022 01: +0,1641258000
0.388,43,Jan 05 2022 01: +0,1641344400
0.399,53,Jan 06 2022 01: +0,1641430800
0.392,35,Jan 07 2022 01: +0,1641517200
0.419,42,Jan 08 2022 01: +0,1641603600
0.439,30,Jan 09 2022 01: +0,1641690000
0.46,33,Jan 10 2022 01: +0,1641776400
0.511,30,Jan 11 2022 01: +0,1641862800
0.463,47,Jan 12 2022 01: +0,1641949200
0.448,26,Jan 13 2022 01: +0,1642035600
0.556,18,Jan 14 2022 01: +0,1642122000
0.568,27,Jan 15 2022 01: +0,1642208400
0.474,47,Jan 16 2022 01: +0,1642294800
0.423,30,Jan 17 2022 01: +0,1642381200
0.464,28,Jan 18 2022 01: +0,1642467600
0.481,41,Jan 19 2022 01: +0,1642554000
0.466,25,Jan 20 2022 01: +0,1642640400
0.452,53,Jan 21 2022 01: +0,1642726800
0.458,43,Jan 22 2022 01: +0,1642813200
0.46,36,Jan 23 2022 01: +0,1642899600
0.468,24,Jan 24 2022 01: +0,1642986000
0.471,16,Jan 25 2022 01: +0,1643072400
0.464,46,Jan 26 2022 01: +0,1643158800
0.476,37,Jan 27 2022 01: +0,1643245200
0.462,35,Jan 28 2022 01: +0,1643331600
0.467,20,Jan 29 2022 01: +0,1643418000
0.458,38,Jan 30 2022 01: +0,1643504400
0.433,42,Jan 31 2022 01: +0,1643590800
0.436,36,Feb 01 2022 01: +0,1643677200
0.42,50,Feb 02 2022 01: +0,1643763600
0.748,31,Feb 03 2022 01: +0,1643850000
0.447,44,Feb 04 2022 01: +0,1643936400
0.452,33,Feb 05 2022 01: +0,1644022800
0.455,51,Feb 06 2022 01: +0,1644109200
0.451,34,Feb 07 2022 01: +0,1644195600
0.448,31,Feb 08 2022 01: +0,1644282000
0.467,35,Feb 09 2022 01: +0,1644368400
0.436,32,Feb 10 2022 01: +0,1644454800
0.476,36,Feb 11 2022 01: +0,1644541200
0.439,38,Feb 12 2022 01: +0,1644627600
0.452,40,Feb 13 2022 01: +0,1644714000
0.44,26,Feb 14 2022 01: +0,1644800400
0.424,36,Feb 15 2022 01: +0,1644886800
0.448,35,Feb 16 2022 01: +0,1644973200
0.442,31,Feb 17 2022 01: +0,1645059600
0.441,35,Feb 18 2022 01: +0,1645146000
0.441,31,Feb 19 2022 01: +0,1645232400
0.449,43,Feb 20 2022 01: +0,1645318800
0.39,28,Feb 21 2022 01: +0,1645405200
0.424,25,Feb 22 2022 01: +0,1645491600
0.434,32,Feb 23 2022 01: +0,1645578000
0.437,34,Feb 24 2022 01: +0,1645664400
0.4,40,Feb 25 2022 01: +0,1645750800
0.409,37,Feb 26 2022 01: +0,1645837200
0.437,34,Feb 27 2022 01: +0,1645923600
0.395,34,Feb 28 2022 01: +0,1646010000
0.399,34,Mar 01 2022 01: +0,1646096400
0.408,42,Mar 02 2022 01: +0,1646182800
0.457,43,Mar 03 2022 01: +0,1646269200
0.394,48,Mar 04 2022 01: +0,1646355600
0.406,37,Mar 05 2022 01: +0,1646442000
0.458,65,Mar 06 2022 01: +0,1646528400
0.473,39,Mar 07 2022 01: +0,1646614800
0.472,31,Mar 08 2022 01: +0,1646701200
0.473,24,Mar 09 2022 01: +0,1646787600
0.471,33,Mar 10 2022 01: +0,1646874000
0.731,18,Mar 11 2022 01: +0,1646960400
0.48,37,Mar 12 2022 01: +0,1647046800
0.469,42,Mar 13 2022 01: +0,1647133200
0.481,38,Mar 14 2022 01: +0,1647219600
0.471,25,Mar 15 2022 01: +0,1647306000
0.501,21,Mar 16 2022 01: +0,1647392400
0.466,24,Mar 17 2022 01: +0,1647478800
0.429,45,Mar 18 2022 01: +0,1647565200
0.436,38,Mar 19 2022 01: +0,1647651600
0.44,29,Mar 20 2022 01: +0,1647738000
3.4,32,Mar 21 2022 01: +0,1647824400
0.479,34,Mar 22 2022 01: +0,1647910800
0.445,27,Mar 23 2022 01: +0,1647997200
0.433,30,Mar 24 2022 01: +0,1648083600
0.431,34,Mar 25 2022 01: +0,1648170000
0.427,37,Mar 26 2022 01: +0,1648256400
0.42,40,Mar 27 2022 01: +0,1648342800
0.443,38,Mar 28 2022 01: +0,1648425600
0.407,28,Mar 29 2022 01: +0,1648512000
0.439,23,Mar 30 2022 01: +0,1648598400
0.427,22,Mar 31 2022 01: +0,1648684800
0.495,18,Apr 01 2022 01: +0,1648771200
0.393,27,Apr 02 2022 01: +0,1648857600
0.377,26,Apr 03 2022 01: +0,1648944000
0.374,22,Apr 04 2022 01: +0,1649030400
0.383,26,Apr 05 2022 01: +0,1649116800
0.38,18,Apr 06 2022 01: +0,1649203200
0.368,24,Apr 07 2022 01: +0,1649289600
0.368,17,Apr 08 2022 01: +0,1649376000
0.361,19,Apr 09 2022 01: +0,1649462400
0.363,25,Apr 10 2022 01: +0,1649548800
0.365,19,Apr 11 2022 01: +0,1649635200
0.356,37,Apr 12 2022 01: +0,1649721600
0.744,30,Apr 13 2022 01: +0,1649808000
0.361,15,Apr 14 2022 01: +0,1649894400
0.356,22,Apr 15 2022 01: +0,1649980800
0.345,13,Apr 16 2022 01: +0,1650067200
0.325,12,Apr 17 2022 01: +0,1650153600
0.33,24,Apr 18 2022 01: +0,1650240000
0.323,11,Apr 19 2022 01: +0,1650326400
0.324,29,Apr 20 2022 01: +0,1650412800
0.306,9,Apr 21 2022 01: +0,1650499200
0.33,34,Apr 22 2022 01: +0,1650585600
0.324,19,Apr 23 2022 01: +0,1650672000
0.344,24,Apr 24 2022 01: +0,1650758400
0.335,23,Apr 25 2022 01: +0,1650844800
0.317,27,Apr 26 2022 01: +0,1650931200
0.337,24,Apr 27 2022 01: +0,1651017600
0.325,17,Apr 28 2022 01: +0,1651104000
0.33,20,Apr 29 2022 01: +0,1651190400
0.293,20,Apr 30 2022 01: +0,1651276800
0.316,25,May 01 2022 01: +0,1651363200
0.318,23,May 02 2022 01: +0,1651449600
0.315,13,May 03 2022 01: +0,1651536000
0.306,20,May 04 2022 01: +0,1651622400
0.287,26,May 05 2022 01: +0,1651708800
0.284,22,May 06 2022 01: +0,1651795200
0.289,18,May 07 2022 01: +0,1651881600
0.28,15,May 08 2022 01: +0,1651968000
0.277,25,May 09 2022 01: +0,1652054400
0.28,21,May 10 2022 01: +0,1652140800
0.284,30,May 11 2022 01: +0,1652227200
0.289,23,May 12 2022 01: +0,1652313600
0.26,19,May 13 2022 01: +0,1652400000
0.264,15,May 14 2022 01: +0,1652486400
0.262,26,May 15 2022 01: +0,1652572800
0.258,16,May 16 2022 01: +0,1652659200
0.253,17,May 17 2022 01: +0,1652745600
0.254,14,May 18 2022 01: +0,1652832000
0.27,13,May 19 2022 01: +0,1652918400
0.261,12,May 20 2022 01: +0,1653004800
0.267,20,May 21 2022 01: +0,1653091200
0.259,20,May 22 2022 01: +0,1653177600
0.251,15,May 23 2022 01: +0,1653264000
0.259,18,May 24 2022 01: +0,1653350400
0.281,23,May 25 2022 01: +0,1653436800
0.256,37,May 26 2022 01: +0,1653523200
0.244,29,May 27 2022 01: +0,1653609600
0.251,7,May 28 2022 01: +0,1653696000
2.123,17,May 29 2022 01: +0,1653782400
0.259,16,May 30 2022 01: +0,1653868800
0.287,53,May 31 2022 01: +0,1653955200
0.266,29,Jun 01 2022 01: +0,1654041600
0.264,27,Jun 02 2022 01: +0,1654128000
0.256,24,Jun 03 2022 01: +0,1654214400
0.259,23,Jun 04 2022 01: +0,1654300800
0.241,15,Jun 05 2022 01: +0,1654387200
0.253,20,Jun 06 2022 01: +0,1654473600
0.268,13,Jun 07 2022 01: +0,1654560000
0.249,26,Jun 08 2022 01: +0,1654646400
0.252,21,Jun 09 2022 01: +0,1654732800
0.255,32,Jun 10 2022 01: +0,1654819200
0.257,8,Jun 11 2022 01: +0,1654905600
0.258,26,Jun 12 2022 01: +0,1654992000
0.264,54,Jun 13 2022 01: +0,1655078400
0.27,24,Jun 14 2022 01: +0,1655164800
0.258,24,Jun 15 2022 01: +0,1655251200
0.266,18,Jun 16 2022 01: +0,1655337600
0.265,28,Jun 17 2022 01: +0,1655424000
0.263,16,Jun 18 2022 01: +0,1655510400
0.285,9,Jun 19 2022 01: +0,1655596800
0.297,9,Jun 20 2022 01: +0,1655683200
0.256,13,Jun 21 2022 01: +0,1655769600
0.253,18,Jun 22 2022 01: +0,1655856000
0.253,21,Jun 23 2022 01: +0,1655942400
0.252,17,Jun 24 2022 01: +0,1656028800
0.263,22,Jun 25 2022 01: +0,1656115200
0.258,16,Jun 26 2022 01: +0,1656201600
0.247,17,Jun 27 2022 01: +0,1656288000
0.232,11,Jun 28 2022 01: +0,1656374400
0.252,18,Jun 29 2022 01: +0,1656460800
0.235,17,Jun 30 2022 01: +0,1656547200
0.252,13,Jul 01 2022 01: +0,1656633600
0.24,28,Jul 02 2022 01: +0,1656720000
0.242,27,Jul 03 2022 01: +0,1656806400
0.233,22,Jul 04 2022 01: +0,1656892800
0.233,23,Jul 05 2022 01: +0,1656979200
0.623,25,Jul 06 2022 01: +0,1657065600
0.243,22,Jul 07 2022 01: +0,1657152000
0.253,22,Jul 08 2022 01: +0,1657238400
0.248,20,Jul 09 2022 01: +0,1657324800
0.256,25,Jul 10 2022 01: +0,1657411200
0.252,25,Jul 11 2022 01: +0,1657497600
0.24,20,Jul 12 2022 01: +0,1657584000
0.238,16,Jul 13 2022 01: +0,1657670400
0.273,8,Jul 14 2022 01: +0,1657756800
0.221,15,Jul 15 2022 01: +0,1657843200
0.24,25,Jul 16 2022 01: +0,1657929600
0.241,19,Jul 17 2022 01: +0,1658016000
0.238,15,Jul 18 2022 01: +0,1658102400
0.243,26,Jul 19 2022 01: +0,1658188800
0.258,13,Jul 20 2022 01: +0,1658275200
0.259,82,Jul 21 2022 01: +0,1658361600
0.258,21,Jul 22 2022 01: +0,1658448000
0.269,26,Jul 23 2022 01: +0,1658534400
0.257,33,Jul 24 2022 01: +0,1658620800
0.261,32,Jul 25 2022 01: +0,1658707200
0.252,20,Jul 26 2022 01: +0,1658793600
0.653,15,Jul 27 2022 01: +0,1658880000
0.267,24,Jul 28 2022 01: +0,1658966400
0.34,27,Jul 29 2022 01: +0,1659052800
0.264,23,Jul 30 2022 01: +0,1659139200
0.302,31,Jul 31 2022 01: +0,1659225600
0.264,27,Aug 01 2022 01: +0,1659312000
0.275,29,Aug 02 2022 01: +0,1659398400
0.275,15,Aug 03 2022 01: +0,1659484800
0.287,16,Aug 04 2022 01: +0,1659571200
0.28,21,Aug 05 2022 01: +0,1659657600
0.269,20,Aug 06 2022 01: +0,1659744000
0.264,25,Aug 07 2022 01: +0,1659830400
0.313,24,Aug 08 2022 01: +0,1659916800
0.296,11,Aug 09 2022 01: +0,1660003200
0.291,28,Aug 10 2022 01: +0,1660089600
0.287,14,Aug 11 2022 01: +0,1660176000
0.265,15,Aug 12 2022 01: +0,1660262400
0.283,18,Aug 13 2022 01: +0,1660348800
0.279,24,Aug 14 2022 01: +0,1660435200
0.282,18,Aug 15 2022 01: +0,1660521600
0.3,20,Aug 16 2022 01: +0,1660608000
0.292,25,Aug 17 2022 01: +0,1660694400
0.281,24,Aug 18 2022 01: +0,1660780800
0.284,29,Aug 19 2022 01: +0,1660867200
0.288,21,Aug 20 2022 01: +0,1660953600
0.289,25,Aug 21 2022 01: +0,1661040000
2.104,28,Aug 22 2022 01: +0,1661126400
0.293,22,Aug 23 2022 01: +0,1661212800
0.276,22,Aug 24 2022 01: +0,1661299200
0.275,26,Aug 25 2022 01: +0,1661385600
0.306,17,Aug 26 2022 01: +0,1661472000
0.274,31,Aug 27 2022 01: +0,1661558400
0.286,30,Aug 28 2022 01: +0,1661644800
0.269,30,Aug 29 2022 01: +0,1661731200
0.282,17,Aug 30 2022 01: +0,1661817600
0.325,19,Aug 31 2022 01: +0,1661904000
0.294,19,Sep 01 2022 01: +0,1661990400
0.294,24,Sep 02 2022 01: +0,1662076800
0.299,23,Sep 03 2022 01: +0,1662163200
0.295,17,Sep 04 2022 01: +0,1662249600
0.268,24,Sep 05 2022 01: +0,1662336000
0.275,17,Sep 06 2022 01: +0,1662422400
0.282,13,Sep 07 2022 01: +0,1662508800
3.142,23,Sep 08 2022 01: +0,1662595200
0.277,23,Sep 09 2022 01: +0,1662681600
0.303,46,Sep 10 2022 01: +0,1662768000
0.304,35,Sep 11 2022 01: +0,1662854400
0.379,13,Sep 12 2022 01: +0,1662940800
0.306,30,Sep 13 2022 01: +0,1663027200
0.3,21,Sep 14 2022 01: +0,1663113600
3.522,19,Sep 15 2022 01: +0,1663200000
0.274,17,Sep 16 2022 01: +0,1663286400
0.29,30,Sep 17 2022 01: +0,1663372800
0.291,23,Sep 18 2022 01: +0,1663459200
0.289,20,Sep 19 2022 01: +0,1663545600
0.293,18,Sep 20 2022 01: +0,1663632000
0.274,17,Sep 21 2022 01: +0,1663718400
0.268,16,Sep 22 2022 01: +0,1663804800
0.307,27,Sep 23 2022 01: +0,1663891200
0.276,16,Sep 24 2022 01: +0,1663977600
0.28,22,Sep 25 2022 01: +0,1664064000
0.285,19,Sep 26 2022 01: +0,1664150400
0.295,17,Sep 27 2022 01: +0,1664236800
0.272,20,Sep 28 2022 01: +0,1664323200
1.528,27,Sep 29 2022 01: +0,1664409600
0.279,22,Sep 30 2022 01: +0,1664496000
0.266,28,Oct 01 2022 01: +0,1664582400
0.286,24,Oct 02 2022 01: +0,1664668800
0.285,29,Oct 03 2022 01: +0,1664755200
0.29,31,Oct 04 2022 01: +0,1664841600
0.303,37,Oct 05 2022 01: +0,1664928000
0.368,20,Oct 06 2022 01: +0,1665014400
0.326,18,Oct 07 2022 01: +0,1665100800
0.398,24,Oct 08 2022 01: +0,1665187200
0.34,25,Oct 09 2022 01: +0,1665273600
0.328,25,Oct 10 2022 01: +0,1665360000
0.332,25,Oct 11 2022 01: +0,1665446400
0.313,17,Oct 12 2022 01: +0,1665532800
0.316,12,Oct 13 2022 01: +0,1665619200
0.482,20,Oct 14 2022 01: +0,1665705600
0.314,35,Oct 15 2022 01: +0,1665792000
0.286,14,Oct 16 2022 01: +0,1665878400
0.379,25,Oct 17 2022 01: +0,1665964800
0.305,20,Oct 18 2022 01: +0,1666051200
0.312,31,Oct 19 2022 01: +0,1666137600
0.292,14,Oct 20 2022 01: +0,1666224000
0.307,26,Oct 21 2022 01: +0,1666310400
0.886,21,Oct 22 2022 01: +0,1666396800
0.293,29,Oct 23 2022 01: +0,1666483200
0.302,30,Oct 24 2022 01: +0,1666569600
0.285,26,Oct 25 2022 01: +0,1666656000
0.286,25,Oct 26 2022 01: +0,1666742400
0.286,25,Oct 27 2022 01: +0,1666828800
0.301,25,Oct 28 2022 01: +0,1666915200
0.322,40,Oct 29 2022 01: +0,1667001600
0.311,26,Oct 30 2022 01: +0,1667088000
0.317,31,Oct 31 2022 01: +0,1667178000
0.311,20,Nov 01 2022 01: +0,1667264400
0.317,26,Nov 02 2022 01: +0,1667350800
2.732,14,Nov 03 2022 01: +0,1667437200
0.308,19,Nov 04 2022 01: +0,1667523600
0.341,45,Nov 05 2022 01: +0,1667610000
0.353,20,Nov 06 2022 01: +0,1667696400
0.37,17,Nov 07 2022 01: +0,1667782800
0.354,23,Nov 08 2022 01: +0,1667869200
0.361,18,Nov 09 2022 01: +0,1667955600
0.374,22,Nov 10 2022 01: +0,1668042000
0.389,26,Nov 11 2022 01: +0,1668128400
0.366,23,Nov 12 2022 01: +0,1668214800
0.37,33,Nov 13 2022 01: +0,1668301200
0.364,45,Nov 14 2022 01: +0,1668387600
0.357,18,Nov 15 2022 01: +0,1668474000
0.364,16,Nov 16 2022 01: +0,1668560400
0.358,24,Nov 17 2022 01: +0,1668646800
0.366,23,Nov 18 2022 01: +0,1668733200
0.426,29,Nov 19 2022 01: +0,1668819600
0.337,20,Nov 20 2022 01: +0,1668906000
0.344,12,Nov 21 2022 01: +0,1668992400
0.357,20,Nov 22 2022 01: +0,1669078800
0.334,25,Nov 23 2022 01: +0,1669165200
0.285,49,Nov 24 2022 01: +0,1669251600
0.307,18,Nov 25 2022 01: +0,1669338000
0.281,28,Nov 26 2022 01: +0,1669424400
0.272,22,Nov 27 2022 01: +0,1669510800
0.289,19,Nov 28 2022 01: +0,1669597200
0.271,16,Nov 29 2022 01: +0,1669683600
0.277,15,Nov 30 2022 01: +0,1669770000
1.606,20,Dec 01 2022 01: +0,1669856400
0.296,26,Dec 02 2022 01: +0,1669942800
0.281,23,Dec 03 2022 01: +0,1670029200
0.289,25,Dec 04 2022 01: +0,1670115600
0.28,15,Dec 05 2022 01: +0,1670202000
0.273,20,Dec 06 2022 01: +0,1670288400
0.331,14,Dec 07 2022 01: +0,1670374800
0.269,24,Dec 08 2022 01: +0,1670461200
0.255,16,Dec 09 2022 01: +0,1670547600
0.276,17,Dec 10 2022 01: +0,1670634000
0.305,20,Dec 11 2022 01: +0,1670720400
0.282,15,Dec 12 2022 01: +0,1670806800
0.289,18,Dec 13 2022 01: +0,1670893200
0.295,20,Dec 14 2022 01: +0,1670979600
0.267,19,Dec 15 2022 01: +0,1671066000
0.271,16,Dec 16 2022 01: +0,1671152400
0.287,24,Dec 17 2022 01: +0,1671238800
0.26,17,Dec 18 2022 01: +0,1671325200
0.273,19,Dec 19 2022 01: +0,1671411600
0.288,24,Dec 20 2022 01: +0,1671498000
0.269,17,Dec 21 2022 01: +0,1671584400
0.259,19,Dec 22 2022 01: +0,1671670800
0.274,18,Dec 23 2022 01: +0,1671757200
0.259,25,Dec 24 2022 01: +0,1671843600
0.264,33,Dec 25 2022 01: +0,1671930000
0.264,43,Dec 26 2022 01: +0,1672016400
0.268,25,Dec 27 2022 01: +0,1672102800
0.258,26,Dec 28 2022 01: +0,1672189200
0.276,31,Dec 29 2022 01: +0,1672275600
0.816,25,Dec 30 2022 01: +0,1672362000
0.266,26,Dec 31 2022 01: +0,1672448400
0.259,37,Jan 01 2023 01: +0,1672534800
0.265,26,Jan 02 2023 01: +0,1672621200
0.275,24,Jan 03 2023 01: +0,1672707600
0.267,26,Jan 04 2023 01: +0,1672794000
0.286,28,Jan 05 2023 01: +0,1672880400
0.282,22,Jan 06 2023 01: +0,1672966800
0.291,23,Jan 07 2023 01: +0,1673053200
0.29,26,Jan 08 2023 01: +0,1673139600
0.277,26,Jan 09 2023 01: +0,1673226000
0.31,25,Jan 10 2023 01: +0,1673312400
0.302,18,Jan 11 2023 01: +0,1673398800
0.293,22,Jan 12 2023 01: +0,1673485200
0.311,18,Jan 13 2023 01: +0,1673571600
0.302,21,Jan 14 2023 01: +0,1673658000
0.327,25,Jan 15 2023 01: +0,1673744400
0.322,17,Jan 16 2023 01: +0,1673830800
0.307,21,Jan 17 2023 01: +0,1673917200
0.307,20,Jan 18 2023 01: +0,1674003600
0.329,15,Jan 19 2023 01: +0,1674090000
0.321,15,Jan 20 2023 01: +0,1674176400
0.347,27,Jan 21 2023 01: +0,1674262800
0.316,23,Jan 22 2023 01: +0,1674349200
0.312,13,Jan 23 2023 01: +0,1674435600
0.323,21,Jan 24 2023 01: +0,1674522000
0.323,18,Jan 25 2023 01: +0,1674608400
0.314,17,Jan 26 2023 01: +0,1674694800
0.382,18,Jan 27 2023 01: +0,1674781200
0.317,32,Jan 28 2023 01: +0,1674867600
0.316,26,Jan 29 2023 01: +0,1674954000
0.32,14,Jan 30 2023 01: +0,1675040400
0.318,21,Jan 31 2023 01: +0,1675126800
0.311,25,Feb 01 2023 01: +0,1675213200
0.304,15,Feb 02 2023 01: +0,1675299600
0.301,31,Feb 03 2023 01: +0,1675386000
0.317,25,Feb 04 2023 01: +0,1675472400
0.324,37,Feb 05 2023 01: +0,1675558800
0.315,24,Feb 06 2023 01: +0,1675645200
0.327,16,Feb 07 2023 01: +0,1675731600
0.313,25,Feb 08 2023 01: +0,1675818000
0.303,22,Feb 09 2023 01: +0,1675904400
0.31,35,Feb 10 2023 01: +0,1675990800
0.312,40,Feb 11 2023 01: +0,1676077200
0.324,42,Feb 12 2023 01: +0,1676163600
0.333,31,Feb 13 2023 01: +0,1676250000
0.308,29,Feb 14 2023 01: +0,1676336400
0.346,1,Feb 14 2023 23: +0,1676415600
0.355,1,Feb 15 2023 03: +0,1676430000
0.361,2,Feb 15 2023 07: +0,1676444400
0.316,2,Feb 15 2023 11: +0,1676458800
0.312,2,Feb 15 2023 12: +0,1676462400
0.327,1,Feb 15 2023 13: +0,1676466000
0.351,3,Feb 15 2023 14: +0,1676469600
0.312,2,Feb 15 2023 15: +0,1676473200
0.346,1,Feb 15 2023 17: +0,1676480400
0.139,1,Feb 15 2023 18: +0,1676484000
0.346,5,Feb 15 2023 19: +0,1676487600
0.316,2,Feb 15 2023 20: +0,1676491200
0.246,2,Feb 15 2023 21: +0,1676494800
0.292,1,Feb 15 2023 22: +0,1676498400
0.283,3,Feb 15 2023 23: +0,1676502000
0.265,1,Feb 16 2023 02: +0,1676512800
0.29,1,Feb 16 2023 03: +0,1676516400
0.29,1,Feb 16 2023 04: +0,1676520000
0.298,3,Feb 16 2023 06: +0,1676527200
0.276,1,Feb 16 2023 07: +0,1676530800
0.34,1,Feb 16 2023 12: +0,1676548800
0.278,1,Feb 16 2023 13: +0,1676552400
0.341,2,Feb 16 2023 15: +0,1676559600
0.32,2,Feb 16 2023 17: +0,1676566800
0.341,2,Feb 16 2023 18: +0,1676570400
0.344,3,Feb 16 2023 19: +0,1676574000
0.345,1,Feb 16 2023 21: +0,1676581200
0.329,2,Feb 16 2023 22: +0,1676584800
0.29,1,Feb 16 2023 23: +0,1676588400
0.319,1,Feb 17 2023 04: +0,1676606400
0.29,2,Feb 17 2023 05: +0,1676610000
0.344,1,Feb 17 2023 06: +0,1676613600
0.319,3,Feb 17 2023 10: +0,1676628000
0.33,4,Feb 17 2023 12: +0,1676635200
0.343,3,Feb 17 2023 13: +0,1676638800
0.315,4,Feb 17 2023 14: +0,1676642400
0.29,3,Feb 17 2023 15: +0,1676646000
0.345,1,Feb 17 2023 16: +0,1676649600
0.351,1,Feb 17 2023 17: +0,1676653200
0.265,1,Feb 17 2023 18: +0,1676656800
0.326,1,Feb 17 2023 19: +0,1676660400
0.272,2,Feb 17 2023 20: +0,1676664000
0.29,2,Feb 17 2023 21: +0,1676667600
0.302,2,Feb 17 2023 22: +0,1676671200
0.331,5,Feb 17 2023 23: +0,1676674800
0.278,3,Feb 18 2023 00: +0,1676678400
0.343,1,Feb 18 2023 01: +0,1676682000
0.339,1,Feb 18 2023 02: +0,1676685600
0.351,1,Feb 18 2023 04: +0,1676692800
0.24,1,Feb 18 2023 10: +0,1676714400
0.326,1,Feb 18 2023 11: +0,1676718000
0.321,5,Feb 18 2023 13: +0,1676725200
0.316,2,Feb 18 2023 14: +0,1676728800
0.252,4,Feb 18 2023 17: +0,1676739600
0.302,4,Feb 18 2023 18: +0,1676743200
0.316,2,Feb 18 2023 19: +0,1676746800
0.256,2,Feb 18 2023 20: +0,1676750400
0.285,3,Feb 18 2023 21: +0,1676754000
0.306,3,Feb 18 2023 22: +0,1676757600
0.256,3,Feb 18 2023 23: +0,1676761200
0.317,4,Feb 19 2023 01: +0,1676768400
0.223,1,Feb 19 2023 02: +0,1676772000
0.308,1,Feb 19 2023 04: +0,1676779200
0.323,1,Feb 19 2023 06: +0,1676786400
0.3,5,Feb 19 2023 11: +0,1676804400
0.339,2,Feb 19 2023 13: +0,1676811600
0.281,3,Feb 19 2023 14: +0,1676815200
0.278,2,Feb 19 2023 15: +0,1676818800
0.32,1,Feb 19 2023 16: +0,1676822400
0.302,2,Feb 19 2023 17: +0,1676826000
0.287,2,Feb 19 2023 18: +0,1676829600
0.317,1,Feb 19 2023 20: +0,1676836800
0.322,3,Feb 19 2023 21: +0,1676840400
0.314,2,Feb 19 2023 23: +0,1676847600
0.328,1,Feb 20 2023 00: +0,1676851200
0.333,1,Feb 20 2023 01: +0,1676854800
0.248,1,Feb 20 2023 04: +0,1676865600
0.312,2,Feb 20 2023 06: +0,1676872800
0.334,1,Feb 20 2023 09: +0,1676883600
0.361,1,Feb 20 2023 10: +0,1676887200
0.337,1,Feb 20 2023 12: +0,1676894400
0.314,2,Feb 20 2023 14: +0,1676901600
0.317,2,Feb 20 2023 15: +0,1676905200
0.282,2,Feb 20 2023 16: +0,1676908800
0.334,1,Feb 20 2023 19: +0,1676919600
0.371,1,Feb 20 2023 20: +0,1676923200
0.252,2,Feb 20 2023 21: +0,1676926800
0.334,1,Feb 20 2023 22: +0,1676930400
0.03,1,Feb 20 2023 23: +0,1676934000
0.341,1,Feb 21 2023 01: +0,1676941200
0.306,3,Feb 21 2023 09: +0,1676970000
0.265,1,Feb 21 2023 10: +0,1676973600
0.328,3,Feb 21 2023 11: +0,1676977200
0.248,1,Feb 21 2023 13: +0,1676984400
0.248,1,Feb 21 2023 14: +0,1676988000
0.297,2,Feb 21 2023 15: +0,1676991600
0.329,2,Feb 21 2023 16: +0,1676995200
0.313,1,Feb 21 2023 17: +0,1676998800
0.278,2,Feb 21 2023 19: +0,1677006000
0.243,1,Feb 21 2023 20: +0,1677009600
0.308,3,Feb 21 2023 21: +0,1677013200
0.326,1,Feb 21 2023 23: +0,1677020400
0.343,1,Feb 22 2023 00: +0,1677024000
0.333,1,Feb 22 2023 07: +0,1677049200
0.316,2,Feb 22 2023 10: +0,1677060000
0.343,1,Feb 22 2023 11: +0,1677063600
0.317,2,Feb 22 2023 13: +0,1677070800
0.278,1,Feb 22 2023 15: +0,1677078000
0.331,3,Feb 22 2023 17: +0,1677085200
0.317,3,Feb 22 2023 18: +0,1677088800
0.319,6,Feb 22 2023 19: +0,1677092400
0.263,2,Feb 22 2023 20: +0,1677096000
0.3,1,Feb 22 2023 22: +0,1677103200
0.309,1,Feb 22 2023 23: +0,1677106800
0.284,2,Feb 23 2023 00: +0,1677110400
0.268,1,Feb 23 2023 04: +0,1677124800
0.285,1,Feb 23 2023 05: +0,1677128400
0.307,1,Feb 23 2023 08: +0,1677139200
0.285,4,Feb 23 2023 10: +0,1677146400
0.282,1,Feb 23 2023 11: +0,1677150000
0.297,1,Feb 23 2023 12: +0,1677153600
0.265,2,Feb 23 2023 13: +0,1677157200
0.24,1,Feb 23 2023 14: +0,1677160800
0.313,2,Feb 23 2023 15: +0,1677164400
0.284,2,Feb 23 2023 16: +0,1677168000
0.232,1,Feb 23 2023 17: +0,1677171600
0.3,4,Feb 23 2023 18: +0,1677175200
0.306,2,Feb 23 2023 19: +0,1677178800
0.284,2,Feb 23 2023 21: +0,1677186000
0.285,1,Feb 24 2023 01: +0,1677200400
0.285,1,Feb 24 2023 07: +0,1677222000
0.282,1,Feb 24 2023 09: +0,1677229200
0.249,2,Feb 24 2023 11: +0,1677236400
0.266,4,Feb 24 2023 12: +0,1677240000
0.265,3,Feb 24 2023 13: +0,1677243600
0.261,2,Feb 24 2023 14: +0,1677247200
0.28,1,Feb 24 2023 15: +0,1677250800
0.243,2,Feb 24 2023 16: +0,1677254400
0.28,3,Feb 24 2023 17: +0,1677258000
0.273,1,Feb 24 2023 18: +0,1677261600
0.242,2,Feb 24 2023 19: +0,1677265200
0.302,2,Feb 24 2023 20: +0,1677268800
0.347,1,Feb 24 2023 21: +0,1677272400
0.31,1,Feb 24 2023 22: +0,1677276000
0.248,1,Feb 25 2023 00: +0,1677283200
0.298,2,Feb 25 2023 01: +0,1677286800
0.316,2,Feb 25 2023 03: +0,1677294000
0.316,1,Feb 25 2023 05: +0,1677301200
0.265,1,Feb 25 2023 07: +0,1677308400
0.265,3,Feb 25 2023 08: +0,1677312000
0.316,1,Feb 25 2023 09: +0,1677315600
0.316,1,Feb 25 2023 10: +0,1677319200
0.313,2,Feb 25 2023 11: +0,1677322800
0.276,2,Feb 25 2023 13: +0,1677330000
0.333,1,Feb 25 2023 14: +0,1677333600
0.311,3,Feb 25 2023 16: +0,1677340800
0.284,2,Feb 25 2023 17: +0,1677344400
0.314,3,Feb 25 2023 18: +0,1677348000
0.24,3,Feb 25 2023 19: +0,1677351600
0.314,3,Feb 25 2023 20: +0,1677355200
0.187,1,Feb 25 2023 21: +0,1677358800
0.259,1,Feb 25 2023 22: +0,1677362400
0.297,1,Feb 25 2023 23: +0,1677366000
0.274,1,Feb 26 2023 00: +0,1677369600
0.323,2,Feb 26 2023 02: +0,1677376800
0.248,1,Feb 26 2023 05: +0,1677387600
0.233,1,Feb 26 2023 06: +0,1677391200
0.324,1,Feb 26 2023 08: +0,1677398400
0.303,2,Feb 26 2023 10: +0,1677405600
0.263,2,Feb 26 2023 12: +0,1677412800
0.275,1,Feb 26 2023 13: +0,1677416400
0.278,1,Feb 26 2023 14: +0,1677420000
0.245,2,Feb 26 2023 15: +0,1677423600
0.287,5,Feb 26 2023 16: +0,1677427200
0.315,4,Feb 26 2023 17: +0,1677430800
0.282,4,Feb 26 2023 19: +0,1677438000
0.323,1,Feb 26 2023 20: +0,1677441600
0.272,2,Feb 26 2023 21: +0,1677445200
0.285,1,Feb 26 2023 23: +0,1677452400
0.323,1,Feb 27 2023 00: +0,1677456000
0.324,1,Feb 27 2023 01: +0,1677459600
0.323,1,Feb 27 2023 02: +0,1677463200
0.248,1,Feb 27 2023 03: +0,1677466800
0.224,2,Feb 27 2023 07: +0,1677481200
0.305,1,Feb 27 2023 10: +0,1677492000
0.235,1,Feb 27 2023 13: +0,1677502800
0.305,1,Feb 27 2023 14: +0,1677506400
0.247,2,Feb 27 2023 16: +0,1677513600
0.29,2,Feb 27 2023 17: +0,1677517200
0.297,4,Feb 27 2023 18: +0,1677520800
0.323,1,Feb 27 2023 21: +0,1677531600
0.298,2,Feb 27 2023 22: +0,1677535200
0.277,2,Feb 28 2023 01: +0,1677546000
0.32,1,Feb 28 2023 02: +0,1677549600
0.287,2,Feb 28 2023 03: +0,1677553200
0.248,1,Feb 28 2023 05: +0,1677560400
0.318,1,Feb 28 2023 06: +0,1677564000
0.265,1,Feb 28 2023 07: +0,1677567600
0.282,3,Feb 28 2023 09: +0,1677574800
0.281,1,Feb 28 2023 11: +0,1677582000
0.305,3,Feb 28 2023 12: +0,1677585600
0.265,2,Feb 28 2023 13: +0,1677589200
0.216,2,Feb 28 2023 14: +0,1677592800
0.248,1,Feb 28 2023 15: +0,1677596400
0.252,1,Feb 28 2023 16: +0,1677600000
0.287,2,Feb 28 2023 17: +0,1677603600
0.272,3,Feb 28 2023 18: +0,1677607200
0.292,2,Feb 28 2023 20: +0,1677614400
0.29,2,Feb 28 2023 21: +0,1677618000
0.289,2,Mar 01 2023 01: +0,1677632400
0.223,1,Mar 01 2023 02: +0,1677636000
0.299,2,Mar 01 2023 11: +0,1677668400
0.309,2,Mar 01 2023 12: +0,1677672000
0.303,1,Mar 01 2023 14: +0,1677679200
0.283,1,Mar 01 2023 15: +0,1677682800
0.282,2,Mar 01 2023 16: +0,1677686400
0.306,2,Mar 01 2023 17: +0,1677690000
0.269,2,Mar 01 2023 18: +0,1677693600
0.312,2,Mar 01 2023 19: +0,1677697200
0.283,3,Mar 01 2023 20: +0,1677700800
0.264,1,Mar 01 2023 21: +0,1677704400
0.303,2,Mar 01 2023 22: +0,1677708000
0.282,2,Mar 01 2023 23: +0,1677711600
0.272,2,Mar 02 2023 00: +0,1677715200
0.316,1,Mar 02 2023 03: +0,1677726000
0.318,1,Mar 02 2023 04: +0,1677729600
0.295,1,Mar 02 2023 09: +0,1677747600
0.291,2,Mar 02 2023 10: +0,1677751200
0.289,1,Mar 02 2023 12: +0,1677758400
0.309,2,Mar 02 2023 14: +0,1677765600
0.274,1,Mar 02 2023 15: +0,1677769200
0.276,3,Mar 02 2023 16: +0,1677772800
0.256,2,Mar 02 2023 17: +0,1677776400
0.248,1,Mar 02 2023 18: +0,1677780000
0.273,5,Mar 02 2023 19: +0,1677783600
0.304,1,Mar 02 2023 21: +0,1677790800
0.314,1,Mar 02 2023 22: +0,1677794400
0.301,1,Mar 02 2023 23: +0,1677798000
0.227,1,Mar 03 2023 02: +0,1677808800
0.299,2,Mar 03 2023 04: +0,1677816000
0.287,1,Mar 03 2023 07: +0,1677826800
0.288,1,Mar 03 2023 09: +0,1677834000
0.24,1,Mar 03 2023 11: +0,1677841200
0.31,2,Mar 03 2023 12: +0,1677844800
0.302,1,Mar 03 2023 13: +0,1677848400
0.289,2,Mar 03 2023 14: +0,1677852000
0.306,2,Mar 03 2023 15: +0,1677855600
0.272,1,Mar 03 2023 16: +0,1677859200
0.281,5,Mar 03 2023 17: +0,1677862800
0.307,1,Mar 03 2023 18: +0,1677866400
0.281,1,Mar 03 2023 19: +0,1677870000
0.312,3,Mar 03 2023 20: +0,1677873600
0.301,2,Mar 03 2023 21: +0,1677877200
0.29,3,Mar 03 2023 22: +0,1677880800
0.29,3,Mar 03 2023 23: +0,1677884400
0.29,1,Mar 04 2023 00: +0,1677888000
0.313,1,Mar 04 2023 02: +0,1677895200
0.205,1,Mar 04 2023 04: +0,1677902400
0.247,2,Mar 04 2023 05: +0,1677906000
0.281,1,Mar 04 2023 08: +0,1677916800
0.307,1,Mar 04 2023 11: +0,1677927600
0.314,2,Mar 04 2023 12: +0,1677931200
0.273,2,Mar 04 2023 13: +0,1677934800
0.302,4,Mar 04 2023 14: +0,1677938400
0.313,4,Mar 04 2023 15: +0,1677942000
0.313,7,Mar 04 2023 16: +0,1677945600
0.322,4,Mar 04 2023 17: +0,1677949200
0.22,1,Mar 04 2023 18: +0,1677952800
0.221,1,Mar 04 2023 20: +0,1677960000
0.277,2,Mar 04 2023 21: +0,1677963600
0.314,1,Mar 04 2023 22: +0,1677967200
0.307,1,Mar 04 2023 23: +0,1677970800
0.311,2,Mar 05 2023 00: +0,1677974400
0.316,3,Mar 05 2023 02: +0,1677981600
0.307,2,Mar 05 2023 03: +0,1677985200
0.314,1,Mar 05 2023 04: +0,1677988800
0.323,1,Mar 05 2023 07: +0,1677999600
0.29,3,Mar 05 2023 08: +0,1678003200
0.274,2,Mar 05 2023 09: +0,1678006800
0.311,2,Mar 05 2023 10: +0,1678010400
0.283,1,Mar 05 2023 11: +0,1678014000
0.295,2,Mar 05 2023 12: +0,1678017600
0.324,2,Mar 05 2023 13: +0,1678021200
0.281,1,Mar 05 2023 14: +0,1678024800
0.329,2,Mar 05 2023 15: +0,1678028400
0.29,5,Mar 05 2023 16: +0,1678032000
0.331,2,Mar 05 2023 17: +0,1678035600
0.309,4,Mar 05 2023 19: +0,1678042800
0.304,3,Mar 05 2023 20: +0,1678046400
0.324,1,Mar 05 2023 21: +0,1678050000
0.29,3,Mar 05 2023 22: +0,1678053600
0.318,3,Mar 05 2023 23: +0,1678057200
0.317,1,Mar 06 2023 00: +0,1678060800
0.29,1,Mar 06 2023 02: +0,1678068000
0.325,1,Mar 06 2023 04: +0,1678075200
0.285,4,Mar 06 2023 06: +0,1678082400
0.296,2,Mar 06 2023 11: +0,1678100400
0.265,1,Mar 06 2023 12: +0,1678104000
0.328,8,Mar 06 2023 13: +0,1678107600
0.248,1,Mar 06 2023 14: +0,1678111200
0.307,2,Mar 06 2023 16: +0,1678118400
0.313,2,Mar 06 2023 17: +0,1678122000
0.314,2,Mar 06 2023 18: +0,1678125600
0.312,2,Mar 06 2023 19: +0,1678129200
0.281,1,Mar 06 2023 20: +0,1678132800
0.298,1,Mar 06 2023 21: +0,1678136400
0.326,10,Mar 06 2023 22: +0,1678140000
0.281,1,Mar 06 2023 23: +0,1678143600
0.29,1,Mar 07 2023 00: +0,1678147200
0.29,1,Mar 07 2023 06: +0,1678168800
0.269,2,Mar 07 2023 07: +0,1678172400
0.231,2,Mar 07 2023 09: +0,1678179600
0.274,1,Mar 07 2023 11: +0,1678186800
0.285,2,Mar 07 2023 12: +0,1678190400
0.295,1,Mar 07 2023 13: +0,1678194000
0.285,2,Mar 07 2023 14: +0,1678197600
0.29,4,Mar 07 2023 15: +0,1678201200
0.29,5,Mar 07 2023 16: +0,1678204800
0.24,3,Mar 07 2023 17: +0,1678208400
0.313,1,Mar 07 2023 18: +0,1678212000
0.273,3,Mar 07 2023 19: +0,1678215600
0.29,1,Mar 07 2023 20: +0,1678219200
0.326,3,Mar 07 2023 21: +0,1678222800
0.298,3,Mar 07 2023 22: +0,1678226400
0.261,2,Mar 08 2023 00: +0,1678233600
0.31,1,Mar 08 2023 01: +0,1678237200
0.263,2,Mar 08 2023 02: +0,1678240800
0.278,1,Mar 08 2023 03: +0,1678244400
0.314,1,Mar 08 2023 04: +0,1678248000
0.319,1,Mar 08 2023 05: +0,1678251600
0.33,1,Mar 08 2023 08: +0,1678262400
0.309,2,Mar 08 2023 09: +0,1678266000
0.321,4,Mar 08 2023 10: +0,1678269600
0.308,2,Mar 08 2023 11: +0,1678273200
0.24,1,Mar 08 2023 12: +0,1678276800
0.29,5,Mar 08 2023 13: +0,1678280400
0.305,2,Mar 08 2023 15: +0,1678287600
0.297,3,Mar 08 2023 16: +0,1678291200
0.323,9,Mar 08 2023 17: +0,1678294800
0.29,1,Mar 08 2023 18: +0,1678298400
0.308,1,Mar 08 2023 19: +0,1678302000
0.29,3,Mar 08 2023 20: +0,1678305600
0.312,2,Mar 08 2023 21: +0,1678309200
0.348,1,Mar 08 2023 22: +0,1678312800
0.339,2,Mar 08 2023 23: +0,1678316400
0.223,1,Mar 09 2023 01: +0,1678323600
0.261,2,Mar 09 2023 02: +0,1678327200
0.298,1,Mar 09 2023 09: +0,1678352400
0.303,3,Mar 09 2023 12: +0,1678363200
0.349,2,Mar 09 2023 15: +0,1678374000
0.352,5,Mar 09 2023 16: +0,1678377600
0.335,2,Mar 09 2023 17: +0,1678381200
0.351,3,Mar 09 2023 18: +0,1678384800
0.288,2,Mar 09 2023 20: +0,1678392000
0.294,2,Mar 09 2023 21: +0,1678395600
0.327,1,Mar 09 2023 22: +0,1678399200
0.262,1,Mar 09 2023 23: +0,1678402800
0.306,2,Mar 10 2023 00: +0,1678406400
0.338,2,Mar 10 2023 01: +0,1678410000
0.298,1,Mar 10 2023 04: +0,1678420800
0.298,1,Mar 10 2023 07: +0,1678431600
0.397,2,Mar 10 2023 09: +0,1678438800
0.319,2,Mar 10 2023 12: +0,1678449600
0.295,1,Mar 10 2023 14: +0,1678456800
0.285,2,Mar 10 2023 16: +0,1678464000
0.298,1,Mar 10 2023 17: +0,1678467600
0.297,2,Mar 10 2023 18: +0,1678471200
0.305,1,Mar 10 2023 19: +0,1678474800
0.338,4,Mar 10 2023 20: +0,1678478400
0.35,3,Mar 10 2023 21: +0,1678482000
0.318,2,Mar 10 2023 23: +0,1678489200
0.332,2,Mar 11 2023 02: +0,1678500000
0.344,1,Mar 11 2023 04: +0,1678507200
0.248,1,Mar 11 2023 05: +0,1678510800
0.285,1,Mar 11 2023 07: +0,1678518000
0.314,1,Mar 11 2023 09: +0,1678525200
0.323,2,Mar 11 2023 10: +0,1678528800
0.344,1,Mar 11 2023 11: +0,1678532400
0.294,2,Mar 11 2023 12: +0,1678536000
0.317,5,Mar 11 2023 13: +0,1678539600
0.306,1,Mar 11 2023 14: +0,1678543200
0.314,1,Mar 11 2023 15: +0,1678546800
0.342,4,Mar 11 2023 16: +0,1678550400
0.345,1,Mar 11 2023 17: +0,1678554000
0.265,1,Mar 11 2023 18: +0,1678557600
0.342,3,Mar 11 2023 19: +0,1678561200
0.29,1,Mar 11 2023 20: +0,1678564800
0.314,3,Mar 11 2023 21: +0,1678568400
0.31,2,Mar 11 2023 22: +0,1678572000
0.314,1,Mar 11 2023 23: +0,1678575600
0.3,2,Mar 12 2023 00: +0,1678579200
0.24,1,Mar 12 2023 01: +0,1678582800
0.286,4,Mar 12 2023 02: +0,1678586400
0.288,2,Mar 12 2023 04: +0,1678593600
0.323,2,Mar 12 2023 08: +0,1678608000
0.327,2,Mar 12 2023 09: +0,1678611600
0.306,4,Mar 12 2023 10: +0,1678615200
0.334,4,Mar 12 2023 11: +0,1678618800
0.325,4,Mar 12 2023 12: +0,1678622400
0.323,3,Mar 12 2023 13: +0,1678626000
0.352,5,Mar 12 2023 14: +0,1678629600
0.337,6,Mar 12 2023 15: +0,1678633200
0.325,1,Mar 12 2023 16: +0,1678636800
0.314,1,Mar 12 2023 17: +0,1678640400
0.316,2,Mar 12 2023 18: +0,1678644000
0.348,4,Mar 12 2023 20: +0,1678651200
0.314,3,Mar 12 2023 21: +0,1678654800
0.333,2,Mar 12 2023 23: +0,1678662000
0.314,1,Mar 13 2023 01: +0,1678669200
0.305,2,Mar 13 2023 02: +0,1678672800
0.318,2,Mar 13 2023 04: +0,1678680000
0.298,1,Mar 13 2023 08: +0,1678694400
0.318,2,Mar 13 2023 10: +0,1678701600
0.324,1,Mar 13 2023 11: +0,1678705200
0.347,12,Mar 13 2023 12: +0,1678708800
0.311,4,Mar 13 2023 13: +0,1678712400
0.314,1,Mar 13 2023 14: +0,1678716000
0.338,2,Mar 13 2023 15: +0,1678719600
0.306,2,Mar 13 2023 16: +0,1678723200
0.335,3,Mar 13 2023 17: +0,1678726800
0.538,11,Mar 13 2023 18: +0,1678730400
0.375,1,Mar 13 2023 19: +0,1678734000
0.24,1,Mar 13 2023 20: +0,1678737600
0.363,3,Mar 13 2023 21: +0,1678741200
0.298,2,Mar 13 2023 23: +0,1678748400
0.341,2,Mar 14 2023 02: +0,1678759200
0.356,1,Mar 14 2023 05: +0,1678770000
0.335,2,Mar 14 2023 07: +0,1678777200
0.371,1,Mar 14 2023 08: +0,1678780800
0.306,1,Mar 14 2023 09: +0,1678784400
0.529,2,Mar 14 2023 11: +0,1678791600
0.328,2,Mar 14 2023 12: +0,1678795200
0.223,1,Mar 14 2023 13: +0,1678798800
0.29,2,Mar 14 2023 14: +0,1678802400
0.306,4,Mar 14 2023 15: +0,1678806000
0.325,3,Mar 14 2023 16: +0,1678809600
0.341,1,Mar 14 2023 17: +0,1678813200
0.33,3,Mar 14 2023 18: +0,1678816800
0.311,2,Mar 14 2023 19: +0,1678820400
0.33,1,Mar 14 2023 20: +0,1678824000
0.363,3,Mar 14 2023 21: +0,1678827600
0.266,1,Mar 14 2023 23: +0,1678834800
0.316,1,Mar 15 2023 00: +0,1678838400
0.367,2,Mar 15 2023 01: +0,1678842000
0.349,1,Mar 15 2023 02: +0,1678845600
0.323,2,Mar 15 2023 03: +0,1678849200
0.307,1,Mar 15 2023 04: +0,1678852800
0.363,1,Mar 15 2023 07: +0,1678863600
0.32,2,Mar 15 2023 08: +0,1678867200
0.311,2,Mar 15 2023 09: +0,1678870800
0.324,1,Mar 15 2023 13: +0,1678885200
0.373,2,Mar 15 2023 15: +0,1678892400
0.324,1,Mar 15 2023 16: +0,1678896000
0.338,3,Mar 15 2023 17: +0,1678899600
0.366,1,Mar 15 2023 18: +0,1678903200
0.353,2,Mar 15 2023 19: +0,1678906800
0.336,2,Mar 15 2023 20: +0,1678910400
0.316,3,Mar 15 2023 21: +0,1678914000
0.368,1,Mar 15 2023 22: +0,1678917600
0.32,2,Mar 16 2023 00: +0,1678924800
0.316,1,Mar 16 2023 01: +0,1678928400
0.316,1,Mar 16 2023 02: +0,1678932000
0.267,1,Mar 16 2023 03: +0,1678935600
0.303,2,Mar 16 2023 05: +0,1678942800
0.324,3,Mar 16 2023 08: +0,1678953600
0.324,1,Mar 16 2023 09: +0,1678957200
0.233,1,Mar 16 2023 12: +0,1678968000
0.324,3,Mar 16 2023 13: +0,1678971600
0.279,2,Mar 16 2023 14: +0,1678975200
0.291,5,Mar 16 2023 15: +0,1678978800
0.267,3,Mar 16 2023 16: +0,1678982400
0.316,3,Mar 16 2023 17: +0,1678986000
0.274,2,Mar 16 2023 18: +0,1678989600
0.339,2,Mar 16 2023 19: +0,1678993200
0.324,7,Mar 16 2023 20: +0,1678996800
0.356,2,Mar 16 2023 21: +0,1679000400
0.251,2,Mar 16 2023 22: +0,1679004000
0.338,2,Mar 16 2023 23: +0,1679007600
0.366,1,Mar 17 2023 00: +0,1679011200
0.324,1,Mar 17 2023 03: +0,1679022000
0.324,1,Mar 17 2023 04: +0,1679025600
0.316,2,Mar 17 2023 08: +0,1679040000
0.307,3,Mar 17 2023 11: +0,1679050800
0.307,2,Mar 17 2023 12: +0,1679054400
0.299,5,Mar 17 2023 13: +0,1679058000
0.307,2,Mar 17 2023 14: +0,1679061600
0.357,4,Mar 17 2023 15: +0,1679065200
0.299,1,Mar 17 2023 16: +0,1679068800
0.291,3,Mar 17 2023 17: +0,1679072400
0.303,2,Mar 17 2023 18: +0,1679076000
0.31,1,Mar 17 2023 19: +0,1679079600
0.297,3,Mar 17 2023 20: +0,1679083200
0.255,2,Mar 17 2023 21: +0,1679086800
0.269,2,Mar 17 2023 22: +0,1679090400
0.35,3,Mar 18 2023 01: +0,1679101200
0.222,1,Mar 18 2023 03: +0,1679108400
0.378,2,Mar 18 2023 04: +0,1679112000
0.305,1,Mar 18 2023 05: +0,1679115600
0.353,5,Mar 18 2023 06: +0,1679119200
0.356,3,Mar 18 2023 07: +0,1679122800
0.366,1,Mar 18 2023 08: +0,1679126400
0.297,5,Mar 18 2023 10: +0,1679133600
0.305,1,Mar 18 2023 11: +0,1679137200
0.332,3,Mar 18 2023 13: +0,1679144400
0.341,1,Mar 18 2023 14: +0,1679148000
0.115,1,Mar 18 2023 15: +0,1679151600
0.354,3,Mar 18 2023 16: +0,1679155200
0.305,3,Mar 18 2023 17: +0,1679158800
0.241,1,Mar 18 2023 18: +0,1679162400
0.24,1,Mar 18 2023 19: +0,1679166000
0.311,6,Mar 18 2023 20: +0,1679169600
0.28,1,Mar 18 2023 21: +0,1679173200
0.313,3,Mar 18 2023 22: +0,1679176800
0.412,1,Mar 19 2023 00: +0,1679184000
0.214,1,Mar 19 2023 01: +0,1679187600
0.305,1,Mar 19 2023 02: +0,1679191200
0.328,2,Mar 19 2023 08: +0,1679212800
0.273,2,Mar 19 2023 09: +0,1679216400
0.24,1,Mar 19 2023 10: +0,1679220000
0.321,2,Mar 19 2023 11: +0,1679223600
0.28,1,Mar 19 2023 12: +0,1679227200
0.356,2,Mar 19 2023 13: +0,1679230800
0.305,1,Mar 19 2023 14: +0,1679234400
0.196,2,Mar 19 2023 16: +0,1679241600
0.324,1,Mar 19 2023 17: +0,1679245200
0.333,2,Mar 19 2023 18: +0,1679248800
0.305,1,Mar 19 2023 19: +0,1679252400
0.312,3,Mar 19 2023 20: +0,1679256000
0.313,1,Mar 19 2023 21: +0,1679259600
0.332,2,Mar 19 2023 22: +0,1679263200
0.305,3,Mar 19 2023 23: +0,1679266800
0.273,2,Mar 20 2023 00: +0,1679270400
0.24,1,Mar 20 2023 01: +0,1679274000
0.313,1,Mar 20 2023 03: +0,1679281200
0.222,1,Mar 20 2023 05: +0,1679288400
0.305,1,Mar 20 2023 07: +0,1679295600
0.24,1,Mar 20 2023 08: +0,1679299200
0.25,3,Mar 20 2023 09: +0,1679302800
0.305,1,Mar 20 2023 10: +0,1679306400
0.321,2,Mar 20 2023 11: +0,1679310000
0.295,3,Mar 20 2023 12: +0,1679313600
0.305,5,Mar 20 2023 13: +0,1679317200
0.304,2,Mar 20 2023 14: +0,1679320800
0.273,2,Mar 20 2023 15: +0,1679324400
0.305,1,Mar 20 2023 16: +0,1679328000
0.31,4,Mar 20 2023 17: +0,1679331600
0.305,3,Mar 20 2023 18: +0,1679335200
0.322,6,Mar 20 2023 19: +0,1679338800
0.302,1,Mar 20 2023 20: +0,1679342400
0.287,1,Mar 20 2023 21: +0,1679346000
0.319,1,Mar 20 2023 22: +0,1679349600
0.339,1,Mar 20 2023 23: +0,1679353200
0.361,1,Mar 21 2023 01: +0,1679360400
0.253,3,Mar 21 2023 07: +0,1679382000
0.333,1,Mar 21 2023 08: +0,1679385600
0.313,1,Mar 21 2023 12: +0,1679400000
0.254,2,Mar 21 2023 13: +0,1679403600
0.34,5,Mar 21 2023 14: +0,1679407200
0.312,1,Mar 21 2023 15: +0,1679410800
0.326,4,Mar 21 2023 16: +0,1679414400
0.318,2,Mar 21 2023 17: +0,1679418000
0.338,3,Mar 21 2023 19: +0,1679425200
0.341,3,Mar 21 2023 20: +0,1679428800
0.303,3,Mar 21 2023 22: +0,1679436000
0.278,3,Mar 21 2023 23: +0,1679439600
0.253,1,Mar 22 2023 00: +0,1679443200
0.307,2,Mar 22 2023 01: +0,1679446800
0.269,1,Mar 22 2023 05: +0,1679461200
0.329,2,Mar 22 2023 06: +0,1679464800
0.298,2,Mar 22 2023 07: +0,1679468400
0.303,2,Mar 22 2023 09: +0,1679475600
0.314,2,Mar 22 2023 10: +0,1679479200
0.253,1,Mar 22 2023 11: +0,1679482800
0.27,1,Mar 22 2023 13: +0,1679490000
0.298,4,Mar 22 2023 14: +0,1679493600
0.273,4,Mar 22 2023 15: +0,1679497200
0.301,2,Mar 22 2023 16: +0,1679500800
0.335,3,Mar 22 2023 17: +0,1679504400
0.229,1,Mar 22 2023 18: +0,1679508000
0.273,1,Mar 22 2023 19: +0,1679511600
0.314,3,Mar 22 2023 20: +0,1679515200
0.244,1,Mar 22 2023 22: +0,1679522400
0.303,2,Mar 22 2023 23: +0,1679526000
0.273,1,Mar 23 2023 01: +0,1679533200
0.238,1,Mar 23 2023 04: +0,1679544000
0.314,1,Mar 23 2023 06: +0,1679551200
0.324,2,Mar 23 2023 07: +0,1679554800
0.328,2,Mar 23 2023 08: +0,1679558400
0.31,4,Mar 23 2023 11: +0,1679569200
0.303,3,Mar 23 2023 12: +0,1679572800
0.273,1,Mar 23 2023 14: +0,1679580000
0.311,1,Mar 23 2023 15: +0,1679583600
0.314,2,Mar 23 2023 16: +0,1679587200
0.273,3,Mar 23 2023 17: +0,1679590800
0.328,2,Mar 23 2023 18: +0,1679594400
0.288,2,Mar 23 2023 19: +0,1679598000
0.302,2,Mar 23 2023 20: +0,1679601600
0.254,1,Mar 23 2023 21: +0,1679605200
0.298,4,Mar 23 2023 23: +0,1679612400
0.256,1,Mar 24 2023 00: +0,1679616000
0.271,1,Mar 24 2023 01: +0,1679619600
0.257,2,Mar 24 2023 02: +0,1679623200
0.288,1,Mar 24 2023 03: +0,1679626800
0.295,1,Mar 24 2023 04: +0,1679630400
0.266,2,Mar 24 2023 08: +0,1679644800
0.257,3,Mar 24 2023 09: +0,1679648400
0.275,4,Mar 24 2023 10: +0,1679652000
0.301,2,Mar 24 2023 11: +0,1679655600
0.304,1,Mar 24 2023 12: +0,1679659200
0.284,2,Mar 24 2023 13: +0,1679662800
0.305,3,Mar 24 2023 14: +0,1679666400
0.293,2,Mar 24 2023 15: +0,1679670000
0.306,2,Mar 24 2023 16: +0,1679673600
0.312,3,Mar 24 2023 17: +0,1679677200
0.318,7,Mar 24 2023 18: +0,1679680800
0.318,7,Mar 24 2023 19: +0,1679684400
0.318,4,Mar 24 2023 20: +0,1679688000
0.281,2,Mar 24 2023 22: +0,1679695200
0.326,3,Mar 24 2023 23: +0,1679698800
0.336,10,Mar 25 2023 00: +0,1679702400
0.337,2,Mar 25 2023 01: +0,1679706000
0.265,1,Mar 25 2023 02: +0,1679709600
0.278,1,Mar 25 2023 03: +0,1679713200
0.311,3,Mar 25 2023 04: +0,1679716800
0.317,1,Mar 25 2023 05: +0,1679720400
0.318,1,Mar 25 2023 06: +0,1679724000
0.326,2,Mar 25 2023 07: +0,1679727600
0.282,1,Mar 25 2023 08: +0,1679731200
0.265,1,Mar 25 2023 09: +0,1679734800
0.338,2,Mar 25 2023 10: +0,1679738400
0.29,2,Mar 25 2023 11: +0,1679742000
0.328,3,Mar 25 2023 12: +0,1679745600
0.339,2,Mar 25 2023 13: +0,1679749200
0.349,2,Mar 25 2023 15: +0,1679756400
0.31,4,Mar 25 2023 16: +0,1679760000
0.334,1,Mar 25 2023 17: +0,1679763600
0.535,1,Mar 25 2023 18: +0,1679767200
0.318,2,Mar 25 2023 19: +0,1679770800
0.342,3,Mar 25 2023 20: +0,1679774400
0.319,2,Mar 25 2023 21: +0,1679778000
0.354,2,Mar 25 2023 22: +0,1679781600
0.338,3,Mar 25 2023 23: +0,1679785200
0.34,2,Mar 26 2023 00: +0,1679788800
0.323,1,Mar 26 2023 01: +0,1679792400
0.325,2,Mar 26 2023 02: +0,1679792400
0.319,1,Mar 26 2023 03: +0,1679796000
0.329,1,Mar 26 2023 04: +0,1679799600
0.3,2,Mar 26 2023 08: +0,1679814000
0.314,2,Mar 26 2023 09: +0,1679817600
0.29,4,Mar 26 2023 10: +0,1679821200
0.334,5,Mar 26 2023 11: +0,1679824800
0.303,5,Mar 26 2023 12: +0,1679828400
0.345,5,Mar 26 2023 13: +0,1679832000
0.349,2,Mar 26 2023 14: +0,1679835600
0.277,1,Mar 26 2023 15: +0,1679839200
0.34,3,Mar 26 2023 16: +0,1679842800
0.358,4,Mar 26 2023 17: +0,1679846400
0.355,3,Mar 26 2023 18: +0,1679850000
0.359,3,Mar 26 2023 19: +0,1679853600
0.361,3,Mar 26 2023 20: +0,1679857200
0.364,3,Mar 26 2023 21: +0,1679860800
0.36,1,Mar 26 2023 22: +0,1679864400
0.327,1,Mar 27 2023 00: +0,1679871600
0.325,1,Mar 27 2023 02: +0,1679878800
0.341,2,Mar 27 2023 05: +0,1679889600
0.387,2,Mar 27 2023 07: +0,1679896800
0.31,4,Mar 27 2023 08: +0,1679900400
0.361,3,Mar 27 2023 09: +0,1679904000
0.373,1,Mar 27 2023 10: +0,1679907600
0.31,1,Mar 27 2023 12: +0,1679914800
0.31,4,Mar 27 2023 14: +0,1679922000
0.318,5,Mar 27 2023 15: +0,1679925600
0.335,2,Mar 27 2023 16: +0,1679929200
0.292,1,Mar 27 2023 17: +0,1679932800
0.36,5,Mar 27 2023 18: +0,1679936400
0.362,6,Mar 27 2023 19: +0,1679940000
0.36,3,Mar 27 2023 20: +0,1679943600
0.364,2,Mar 27 2023 21: +0,1679947200
0.366,2,Mar 27 2023 22: +0,1679950800
0.351,1,Mar 27 2023 23: +0,1679954400
0.365,2,Mar 28 2023 00: +0,1679958000
0.379,1,Mar 28 2023 01: +0,1679961600
0.375,22,Mar 28 2023 04: +0,1679972400
0.285,2,Mar 28 2023 05: +0,1679976000
0.302,1,Mar 28 2023 06: +0,1679979600
0.318,1,Mar 28 2023 09: +0,1679990400
0.373,2,Mar 28 2023 10: +0,1679994000
0.351,2,Mar 28 2023 11: +0,1679997600
0.325,2,Mar 28 2023 13: +0,1680004800
0.369,3,Mar 28 2023 14: +0,1680008400
0.318,1,Mar 28 2023 15: +0,1680012000
0.318,1,Mar 28 2023 16: +0,1680015600
0.311,2,Mar 28 2023 17: +0,1680019200
0.455,1,Mar 28 2023 18: +0,1680022800
0.339,3,Mar 28 2023 19: +0,1680026400
0.324,6,Mar 28 2023 20: +0,1680030000
0.331,1,Mar 28 2023 21: +0,1680033600
0.366,7,Mar 28 2023 22: +0,1680037200
0.348,1,Mar 28 2023 23: +0,1680040800
0.365,2,Mar 29 2023 00: +0,1680044400
0.366,2,Mar 29 2023 01: +0,1680048000
0.408,2,Mar 29 2023 02: +0,1680051600
0.315,1,Mar 29 2023 03: +0,1680055200
0.275,1,Mar 29 2023 04: +0,1680058800
0.325,2,Mar 29 2023 05: +0,1680062400
0.299,2,Mar 29 2023 06: +0,1680066000
0.351,1,Mar 29 2023 08: +0,1680073200
0.316,1,Mar 29 2023 11: +0,1680084000
0.335,2,Mar 29 2023 12: +0,1680087600
0.365,2,Mar 29 2023 13: +0,1680091200
0.24,2,Mar 29 2023 14: +0,1680094800
0.357,4,Mar 29 2023 15: +0,1680098400
0.364,4,Mar 29 2023 16: +0,1680102000
0.362,3,Mar 29 2023 17: +0,1680105600
0.331,5,Mar 29 2023 18: +0,1680109200
0.38,1,Mar 29 2023 19: +0,1680112800
0.384,6,Mar 29 2023 20: +0,1680116400
0.35,2,Mar 29 2023 21: +0,1680120000
0.362,1,Mar 29 2023 22: +0,1680123600
0.391,3,Mar 29 2023 23: +0,1680127200
0.4,3,Mar 30 2023 00: +0,1680130800
0.375,1,Mar 30 2023 02: +0,1680138000
0.352,3,Mar 30 2023 03: +0,1680141600
0.363,1,Mar 30 2023 05: +0,1680148800
0.461,1,Mar 30 2023 06: +0,1680152400
0.291,1,Mar 30 2023 07: +0,1680156000
0.331,1,Mar 30 2023 08: +0,1680159600
0.378,2,Mar 30 2023 10: +0,1680166800
0.401,4,Mar 30 2023 11: +0,1680170400
0.334,2,Mar 30 2023 12: +0,1680174000
0.361,2,Mar 30 2023 14: +0,1680181200
0.39,1,Mar 30 2023 15: +0,1680184800
0.381,2,Mar 30 2023 16: +0,1680188400
0.391,1,Mar 30 2023 17: +0,1680192000
0.342,3,Mar 30 2023 18: +0,1680195600
0.606,1,Mar 30 2023 19: +0,1680199200
0.307,3,Mar 30 2023 22: +0,1680210000
0.333,4,Mar 30 2023 23: +0,1680213600
0.379,3,Mar 31 2023 00: +0,1680217200
0.39,3,Mar 31 2023 01: +0,1680220800
0.342,1,Mar 31 2023 03: +0,1680228000
0.388,3,Mar 31 2023 05: +0,1680235200
0.331,1,Mar 31 2023 06: +0,1680238800
0.441,1,Mar 31 2023 07: +0,1680242400
0.347,2,Mar 31 2023 08: +0,1680246000
0.34,3,Mar 31 2023 09: +0,1680249600
0.398,3,Mar 31 2023 10: +0,1680253200
0.342,3,Mar 31 2023 11: +0,1680256800
0.361,1,Mar 31 2023 13: +0,1680264000
0.388,1,Mar 31 2023 14: +0,1680267600
0.398,1,Mar 31 2023 15: +0,1680271200
0.367,2,Mar 31 2023 17: +0,1680278400
0.388,3,Mar 31 2023 18: +0,1680282000
0.384,1,Mar 31 2023 19: +0,1680285600
0.403,2,Mar 31 2023 20: +0,1680289200
0.376,4,Mar 31 2023 21: +0,1680292800
0.409,2,Mar 31 2023 22: +0,1680296400
0.397,1,Apr 01 2023 00: +0,1680303600
0.364,3,Apr 01 2023 01: +0,1680307200
0.368,2,Apr 01 2023 02: +0,1680310800
0.364,2,Apr 01 2023 04: +0,1680318000
0.226,1,Apr 01 2023 05: +0,1680321600
0.377,2,Apr 01 2023 06: +0,1680325200
0.394,2,Apr 01 2023 07: +0,1680328800
0.335,2,Apr 01 2023 08: +0,1680332400
0.339,2,Apr 01 2023 09: +0,1680336000
0.369,4,Apr 01 2023 10: +0,1680339600
0.396,1,Apr 01 2023 12: +0,1680346800
0.397,2,Apr 01 2023 17: +0,1680364800
0.375,2,Apr 01 2023 18: +0,1680368400
0.394,3,Apr 01 2023 19: +0,1680372000
0.354,7,Apr 01 2023 20: +0,1680375600
0.397,4,Apr 01 2023 21: +0,1680379200
0.36,3,Apr 01 2023 22: +0,1680382800
0.376,4,Apr 02 2023 00: +0,1680390000
0.335,2,Apr 02 2023 01: +0,1680393600
0.34,1,Apr 02 2023 02: +0,1680397200
0.331,1,Apr 02 2023 03: +0,1680400800
0.347,1,Apr 02 2023 04: +0,1680404400
0.365,2,Apr 02 2023 06: +0,1680411600
0.399,2,Apr 02 2023 07: +0,1680415200
0.394,4,Apr 02 2023 08: +0,1680418800
0.307,1,Apr 02 2023 09: +0,1680422400
0.442,2,Apr 02 2023 10: +0,1680426000
0.34,2,Apr 02 2023 11: +0,1680429600
0.331,3,Apr 02 2023 12: +0,1680433200
0.372,2,Apr 02 2023 13: +0,1680436800
0.353,2,Apr 02 2023 14: +0,1680440400
0.398,1,Apr 02 2023 16: +0,1680447600
0.382,2,Apr 02 2023 17: +0,1680451200
0.34,4,Apr 02 2023 18: +0,1680454800
0.332,1,Apr 02 2023 19: +0,1680458400
0.383,2,Apr 02 2023 21: +0,1680465600
0.404,4,Apr 02 2023 22: +0,1680469200
0.369,4,Apr 02 2023 23: +0,1680472800
0.411,2,Apr 03 2023 00: +0,1680476400
0.412,1,Apr 03 2023 01: +0,1680480000
0.44,1,Apr 03 2023 02: +0,1680483600
0.38,2,Apr 03 2023 05: +0,1680494400
0.383,1,Apr 03 2023 06: +0,1680498000
0.4,1,Apr 03 2023 07: +0,1680501600
0.327,2,Apr 03 2023 08: +0,1680505200
0.399,5,Apr 03 2023 09: +0,1680508800
0.388,2,Apr 03 2023 10: +0,1680512400
0.372,4,Apr 03 2023 11: +0,1680516000
0.344,2,Apr 03 2023 13: +0,1680523200
0.316,2,Apr 03 2023 14: +0,1680526800
0.394,3,Apr 03 2023 15: +0,1680530400
0.344,2,Apr 03 2023 16: +0,1680534000
0.383,2,Apr 03 2023 17: +0,1680537600
0.404,4,Apr 03 2023 18: +0,1680541200
0.347,1,Apr 03 2023 19: +0,1680544800
0.372,3,Apr 03 2023 20: +0,1680548400
0.404,1,Apr 03 2023 21: +0,1680552000
0.307,3,Apr 03 2023 22: +0,1680555600
0.39,1,Apr 04 2023 00: +0,1680562800
0.362,2,Apr 04 2023 01: +0,1680566400
0.334,3,Apr 04 2023 03: +0,1680573600
0.268,2,Apr 04 2023 04: +0,1680577200
0.341,2,Apr 04 2023 05: +0,1680580800
0.369,1,Apr 04 2023 09: +0,1680595200
0.367,2,Apr 04 2023 10: +0,1680598800
0.393,1,Apr 04 2023 11: +0,1680602400
0.395,1,Apr 04 2023 12: +0,1680606000
0.376,2,Apr 04 2023 13: +0,1680609600
0.423,1,Apr 04 2023 17: +0,1680624000
0.366,3,Apr 04 2023 18: +0,1680627600
0.374,2,Apr 04 2023 19: +0,1680631200
0.352,5,Apr 04 2023 20: +0,1680634800
0.356,2,Apr 04 2023 21: +0,1680638400
0.393,3,Apr 04 2023 23: +0,1680645600
0.393,3,Apr 05 2023 00: +0,1680649200
0.343,2,Apr 05 2023 01: +0,1680652800
0.344,2,Apr 05 2023 02: +0,1680656400
0.372,1,Apr 05 2023 03: +0,1680660000
0.386,2,Apr 05 2023 04: +0,1680663600
0.382,1,Apr 05 2023 06: +0,1680670800
0.359,4,Apr 05 2023 07: +0,1680674400
0.377,1,Apr 05 2023 08: +0,1680678000
0.382,1,Apr 05 2023 09: +0,1680681600
0.397,1,Apr 05 2023 10: +0,1680685200
0.489,4,Apr 05 2023 11: +0,1680688800
0.411,5,Apr 05 2023 12: +0,1680692400
0.324,2,Apr 05 2023 13: +0,1680696000
0.398,3,Apr 05 2023 14: +0,1680699600
0.345,2,Apr 05 2023 16: +0,1680706800
0.291,2,Apr 05 2023 18: +0,1680714000
0.374,2,Apr 05 2023 19: +0,1680717600
0.343,4,Apr 05 2023 20: +0,1680721200
0.359,5,Apr 05 2023 21: +0,1680724800
0.354,2,Apr 05 2023 22: +0,1680728400
0.369,3,Apr 05 2023 23: +0,1680732000
0.397,2,Apr 06 2023 00: +0,1680735600
0.345,1,Apr 06 2023 02: +0,1680742800
0.373,2,Apr 06 2023 03: +0,1680746400
0.402,1,Apr 06 2023 04: +0,1680750000
0.242,1,Apr 06 2023 05: +0,1680753600
0.404,1,Apr 06 2023 06: +0,1680757200
0.404,2,Apr 06 2023 07: +0,1680760800
0.335,1,Apr 06 2023 09: +0,1680768000
0.401,3,Apr 06 2023 10: +0,1680771600
0.411,1,Apr 06 2023 11: +0,1680775200
0.338,1,Apr 06 2023 12: +0,1680778800
0.379,4,Apr 06 2023 13: +0,1680782400
0.398,1,Apr 06 2023 15: +0,1680789600
0.405,1,Apr 06 2023 16: +0,1680793200
0.406,5,Apr 06 2023 17: +0,1680796800
0.343,1,Apr 06 2023 18: +0,1680800400
0.363,1,Apr 06 2023 19: +0,1680804000
0.371,8,Apr 06 2023 20: +0,1680807600
0.365,3,Apr 06 2023 21: +0,1680811200
0.368,4,Apr 06 2023 22: +0,1680814800
0.401,4,Apr 06 2023 23: +0,1680818400
0.377,3,Apr 07 2023 00: +0,1680822000
0.346,1,Apr 07 2023 01: +0,1680825600
0.396,3,Apr 07 2023 02: +0,1680829200
0.307,2,Apr 07 2023 03: +0,1680832800
0.389,5,Apr 07 2023 05: +0,1680840000
0.371,2,Apr 07 2023 06: +0,1680843600
0.298,1,Apr 07 2023 07: +0,1680847200
0.374,1,Apr 07 2023 09: +0,1680854400
0.398,1,Apr 07 2023 10: +0,1680858000
0.405,3,Apr 07 2023 11: +0,1680861600
0.356,2,Apr 07 2023 12: +0,1680865200
0.393,1,Apr 07 2023 13: +0,1680868800
0.405,1,Apr 07 2023 17: +0,1680883200
0.412,3,Apr 07 2023 18: +0,1680886800
0.391,4,Apr 07 2023 19: +0,1680890400
0.375,2,Apr 07 2023 20: +0,1680894000
0.403,9,Apr 07 2023 21: +0,1680897600
0.409,1,Apr 07 2023 22: +0,1680901200
0.347,1,Apr 08 2023 00: +0,1680908400
0.347,1,Apr 08 2023 02: +0,1680915600
0.378,3,Apr 08 2023 03: +0,1680919200
0.347,3,Apr 08 2023 04: +0,1680922800
0.372,2,Apr 08 2023 06: +0,1680930000
0.343,3,Apr 08 2023 07: +0,1680933600
0.41,2,Apr 08 2023 08: +0,1680937200
0.341,1,Apr 08 2023 10: +0,1680944400
0.393,2,Apr 08 2023 11: +0,1680948000
0.362,1,Apr 08 2023 12: +0,1680951600
0.402,1,Apr 08 2023 16: +0,1680966000
0.411,1,Apr 08 2023 19: +0,1680976800
0.351,4,Apr 08 2023 20: +0,1680980400
0.386,2,Apr 08 2023 21: +0,1680984000
0.388,1,Apr 08 2023 23: +0,1680991200
0.334,3,Apr 09 2023 00: +0,1680994800
0.355,2,Apr 09 2023 01: +0,1680998400
0.363,3,Apr 09 2023 02: +0,1681002000
0.338,1,Apr 09 2023 06: +0,1681016400
0.394,3,Apr 09 2023 07: +0,1681020000
0.403,3,Apr 09 2023 08: +0,1681023600
0.382,1,Apr 09 2023 09: +0,1681027200
0.384,1,Apr 09 2023 10: +0,1681030800
0.37,2,Apr 09 2023 11: +0,1681034400
0.355,4,Apr 09 2023 12: +0,1681038000
0.356,1,Apr 09 2023 13: +0,1681041600
0.369,1,Apr 09 2023 16: +0,1681052400
0.401,2,Apr 09 2023 17: +0,1681056000
0.36,2,Apr 09 2023 18: +0,1681059600
0.395,3,Apr 09 2023 19: +0,1681063200
0.351,2,Apr 09 2023 20: +0,1681066800
0.4,4,Apr 09 2023 21: +0,1681070400
0.411,5,Apr 09 2023 22: +0,1681074000
0.413,2,Apr 09 2023 23: +0,1681077600
0.413,3,Apr 10 2023 01: +0,1681084800
0.375,2,Apr 10 2023 03: +0,1681092000
0.411,1,Apr 10 2023 04: +0,1681095600
0.305,2,Apr 10 2023 05: +0,1681099200
0.403,6,Apr 10 2023 06: +0,1681102800
0.363,3,Apr 10 2023 07: +0,1681106400
0.413,3,Apr 10 2023 08: +0,1681110000
0.621,2,Apr 10 2023 10: +0,1681117200
0.413,9,Apr 10 2023 11: +0,1681120800
0.377,2,Apr 10 2023 12: +0,1681124400
0.415,2,Apr 10 2023 14: +0,1681131600
0.417,2,Apr 10 2023 16: +0,1681138800
0.39,2,Apr 10 2023 17: +0,1681142400
0.414,3,Apr 10 2023 18: +0,1681146000
0.414,7,Apr 10 2023 19: +0,1681149600
0.394,2,Apr 10 2023 20: +0,1681153200
0.411,2,Apr 10 2023 21: +0,1681156800
0.407,4,Apr 10 2023 22: +0,1681160400
0.366,3,Apr 10 2023 23: +0,1681164000
0.503,2,Apr 11 2023 00: +0,1681167600
0.424,4,Apr 11 2023 01: +0,1681171200
0.421,2,Apr 11 2023 04: +0,1681182000
0.429,1,Apr 11 2023 05: +0,1681185600
0.389,1,Apr 11 2023 06: +0,1681189200
0.41,1,Apr 11 2023 07: +0,1681192800
0.423,2,Apr 11 2023 08: +0,1681196400
0.375,2,Apr 11 2023 09: +0,1681200000
0.419,3,Apr 11 2023 10: +0,1681203600
0.428,4,Apr 11 2023 12: +0,1681210800
0.404,2,Apr 11 2023 13: +0,1681214400
0.431,1,Apr 11 2023 15: +0,1681221600
0.425,5,Apr 11 2023 18: +0,1681232400
0.437,2,Apr 11 2023 19: +0,1681236000
0.426,1,Apr 11 2023 20: +0,1681239600
0.439,4,Apr 11 2023 21: +0,1681243200
0.381,2,Apr 11 2023 22: +0,1681246800
0.481,5,Apr 11 2023 23: +0,1681250400
0.433,1,Apr 12 2023 01: +0,1681257600
0.429,2,Apr 12 2023 02: +0,1681261200
0.369,1,Apr 12 2023 03: +0,1681264800
0.403,2,Apr 12 2023 04: +0,1681268400
0.443,1,Apr 12 2023 05: +0,1681272000
0.443,3,Apr 12 2023 07: +0,1681279200
0.473,1,Apr 12 2023 08: +0,1681282800
0.381,2,Apr 12 2023 09: +0,1681286400
0.578,1,Apr 12 2023 11: +0,1681293600
0.374,1,Apr 12 2023 12: +0,1681297200
0.403,1,Apr 12 2023 13: +0,1681300800
0.413,1,Apr 12 2023 16: +0,1681311600
0.378,2,Apr 12 2023 17: +0,1681315200
0.387,4,Apr 12 2023 18: +0,1681318800
0.423,5,Apr 12 2023 19: +0,1681322400
0.429,1,Apr 12 2023 20: +0,1681326000
0.431,1,Apr 12 2023 21: +0,1681329600
0.393,1,Apr 12 2023 22: +0,1681333200
0.441,1,Apr 13 2023 00: +0,1681340400
0.405,1,Apr 13 2023 02: +0,1681347600
0.417,4,Apr 13 2023 03: +0,1681351200
0.431,1,Apr 13 2023 04: +0,1681354800
0.411,2,Apr 13 2023 05: +0,1681358400
0.425,2,Apr 13 2023 06: +0,1681362000
0.435,9,Apr 13 2023 07: +0,1681365600
0.436,1,Apr 13 2023 08: +0,1681369200
0.431,1,Apr 13 2023 10: +0,1681376400
0.467,1,Apr 13 2023 11: +0,1681380000
0.435,3,Apr 13 2023 12: +0,1681383600
0.449,1,Apr 13 2023 13: +0,1681387200
0.526,1,Apr 13 2023 17: +0,1681401600
0.431,1,Apr 13 2023 18: +0,1681405200
0.405,1,Apr 13 2023 19: +0,1681408800
0.467,3,Apr 13 2023 20: +0,1681412400
0.478,3,Apr 13 2023 21: +0,1681416000
0.529,3,Apr 13 2023 23: +0,1681423200
0.321,2,Apr 14 2023 01: +0,1681430400
0.409,1,Apr 14 2023 02: +0,1681434000
0.358,2,Apr 14 2023 03: +0,1681437600
0.415,2,Apr 14 2023 04: +0,1681441200
0.384,1,Apr 14 2023 05: +0,1681444800
0.402,1,Apr 14 2023 06: +0,1681448400
0.567,16,Apr 14 2023 07: +0,1681452000
0.434,2,Apr 14 2023 08: +0,1681455600
0.451,3,Apr 14 2023 09: +0,1681459200
0.452,3,Apr 14 2023 10: +0,1681462800
0.432,1,Apr 14 2023 11: +0,1681466400
0.413,1,Apr 14 2023 12: +0,1681470000
0.432,1,Apr 14 2023 14: +0,1681477200
0.409,1,Apr 14 2023 19: +0,1681495200
0.454,1,Apr 14 2023 20: +0,1681498800
0.424,4,Apr 14 2023 21: +0,1681502400
0.408,3,Apr 14 2023 22: +0,1681506000
0.428,4,Apr 14 2023 23: +0,1681509600
0.715,1,Apr 15 2023 02: +0,1681520400
0.467,1,Apr 15 2023 03: +0,1681524000
0.435,2,Apr 15 2023 05: +0,1681531200
0.465,1,Apr 15 2023 06: +0,1681534800
0.473,7,Apr 15 2023 07: +0,1681538400
0.539,1,Apr 15 2023 08: +0,1681542000
0.504,2,Apr 15 2023 09: +0,1681545600
0.558,1,Apr 15 2023 11: +0,1681552800
0.553,2,Apr 15 2023 12: +0,1681556400
0.486,1,Apr 15 2023 19: +0,1681581600
0.553,1,Apr 15 2023 20: +0,1681585200
0.546,2,Apr 15 2023 21: +0,1681588800
0.481,2,Apr 15 2023 23: +0,1681596000
0.441,1,Apr 16 2023 00: +0,1681599600
0.469,2,Apr 16 2023 01: +0,1681603200
0.441,4,Apr 16 2023 02: +0,1681606800
0.436,2,Apr 16 2023 03: +0,1681610400
0.467,4,Apr 16 2023 04: +0,1681614000
0.529,1,Apr 16 2023 05: +0,1681617600
0.535,3,Apr 16 2023 06: +0,1681621200
0.541,4,Apr 16 2023 07: +0,1681624800
0.553,1,Apr 16 2023 08: +0,1681628400
0.553,1,Apr 16 2023 09: +0,1681632000
0.567,3,Apr 16 2023 10: +0,1681635600
11.85,1,Apr 16 2023 11: +0,1681639200
0.53,1,Apr 16 2023 17: +0,1681660800
0.553,1,Apr 16 2023 18: +0,1681664400
0.553,1,Apr 16 2023 19: +0,1681668000
0.663,1,Apr 16 2023 20: +0,1681671600
0.553,4,Apr 16 2023 21: +0,1681675200
0.608,1,Apr 16 2023 22: +0,1681678800
0.539,4,Apr 16 2023 23: +0,1681682400
0.473,3,Apr 17 2023 00: +0,1681686000
0.481,1,Apr 17 2023 01: +0,1681689600
0.529,3,Apr 17 2023 02: +0,1681693200
0.393,2,Apr 17 2023 03: +0,1681696800
0.521,3,Apr 17 2023 05: +0,1681704000
0.521,3,Apr 17 2023 06: +0,1681707600
0.457,2,Apr 17 2023 09: +0,1681718400
0.479,2,Apr 17 2023 10: +0,1681722000
0.442,4,Apr 17 2023 12: +0,1681729200
0.516,2,Apr 17 2023 13: +0,1681732800
0.468,4,Apr 17 2023 17: +0,1681747200
0.515,4,Apr 17 2023 18: +0,1681750800
0.53,2,Apr 17 2023 19: +0,1681754400
0.543,4,Apr 17 2023 20: +0,1681758000
0.472,5,Apr 17 2023 21: +0,1681761600
0.471,1,Apr 17 2023 22: +0,1681765200
0.361,1,Apr 17 2023 23: +0,1681768800
0.506,2,Apr 18 2023 00: +0,1681772400
0.566,3,Apr 18 2023 01: +0,1681776000
0.459,1,Apr 18 2023 02: +0,1681779600
0.544,2,Apr 18 2023 05: +0,1681790400
0.475,1,Apr 18 2023 07: +0,1681797600
0.483,1,Apr 18 2023 09: +0,1681804800
0.492,3,Apr 18 2023 10: +0,1681808400
0.483,1,Apr 18 2023 11: +0,1681812000
0.508,4,Apr 18 2023 12: +0,1681815600
0.519,2,Apr 18 2023 17: +0,1681833600
0.395,1,Apr 18 2023 18: +0,1681837200
0.537,1,Apr 18 2023 19: +0,1681840800
0.528,2,Apr 18 2023 21: +0,1681848000
0.436,2,Apr 18 2023 22: +0,1681851600
0.492,3,Apr 18 2023 23: +0,1681855200
0.439,2,Apr 19 2023 01: +0,1681862400
0.522,2,Apr 19 2023 02: +0,1681866000
0.514,2,Apr 19 2023 03: +0,1681869600
0.496,2,Apr 19 2023 05: +0,1681876800
0.508,1,Apr 19 2023 06: +0,1681880400
0.528,1,Apr 19 2023 07: +0,1681884000
0.508,1,Apr 19 2023 09: +0,1681891200
0.524,1,Apr 19 2023 10: +0,1681894800
0.503,2,Apr 19 2023 11: +0,1681898400
0.522,2,Apr 19 2023 12: +0,1681902000
0.538,1,Apr 19 2023 13: +0,1681905600
0.543,1,Apr 19 2023 17: +0,1681920000
0.538,1,Apr 19 2023 18: +0,1681923600
0.538,2,Apr 19 2023 20: +0,1681930800
0.401,2,Apr 19 2023 21: +0,1681934400
0.435,1,Apr 19 2023 22: +0,1681938000
0.52,5,Apr 19 2023 23: +0,1681941600
0.5,2,Apr 20 2023 00: +0,1681945200
0.538,1,Apr 20 2023 01: +0,1681948800
0.417,2,Apr 20 2023 02: +0,1681952400
0.484,1,Apr 20 2023 03: +0,1681956000
0.459,1,Apr 20 2023 05: +0,1681963200
0.5,1,Apr 20 2023 06: +0,1681966800
0.492,2,Apr 20 2023 07: +0,1681970400
0.435,3,Apr 20 2023 08: +0,1681974000
0.492,3,Apr 20 2023 09: +0,1681977600
0.466,2,Apr 20 2023 11: +0,1681984800
0.51,4,Apr 20 2023 12: +0,1681988400
0.52,5,Apr 20 2023 13: +0,1681992000
0.496,2,Apr 20 2023 14: +0,1681995600
0.469,2,Apr 20 2023 15: +0,1681999200
0.496,2,Apr 20 2023 17: +0,1682006400
0.537,5,Apr 20 2023 18: +0,1682010000
0.496,6,Apr 20 2023 21: +0,1682020800
0.496,4,Apr 20 2023 22: +0,1682024400
0.51,5,Apr 20 2023 23: +0,1682028000
0.52,2,Apr 21 2023 00: +0,1682031600
0.528,3,Apr 21 2023 01: +0,1682035200
0.48,2,Apr 21 2023 02: +0,1682038800
0.543,1,Apr 21 2023 03: +0,1682042400
0.547,3,Apr 21 2023 04: +0,1682046000
0.484,3,Apr 21 2023 07: +0,1682056800
0.5,1,Apr 21 2023 08: +0,1682060400
0.48,2,Apr 21 2023 09: +0,1682064000
0.427,3,Apr 21 2023 11: +0,1682071200
0.548,1,Apr 21 2023 12: +0,1682074800
0.541,2,Apr 21 2023 13: +0,1682078400
0.511,4,Apr 21 2023 14: +0,1682082000
0.551,2,Apr 21 2023 15: +0,1682085600
0.492,2,Apr 21 2023 16: +0,1682089200
0.538,1,Apr 21 2023 18: +0,1682096400
0.5,5,Apr 21 2023 19: +0,1682100000
0.523,4,Apr 21 2023 20: +0,1682103600
0.536,3,Apr 21 2023 21: +0,1682107200
0.516,1,Apr 21 2023 22: +0,1682110800
0.504,4,Apr 21 2023 23: +0,1682114400
0.529,3,Apr 22 2023 00: +0,1682118000
0.528,1,Apr 22 2023 03: +0,1682128800
0.484,1,Apr 22 2023 05: +0,1682136000
0.5,3,Apr 22 2023 08: +0,1682146800
0.493,1,Apr 22 2023 09: +0,1682150400
0.466,3,Apr 22 2023 10: +0,1682154000
0.515,2,Apr 22 2023 12: +0,1682161200
0.493,2,Apr 22 2023 13: +0,1682164800
0.468,5,Apr 22 2023 14: +0,1682168400
0.52,2,Apr 22 2023 15: +0,1682172000
0.458,1,Apr 22 2023 16: +0,1682175600
0.466,3,Apr 22 2023 18: +0,1682182800
0.434,1,Apr 22 2023 19: +0,1682186400
0.466,4,Apr 22 2023 20: +0,1682190000
0.475,1,Apr 22 2023 21: +0,1682193600
0.442,5,Apr 22 2023 22: +0,1682197200
0.458,5,Apr 22 2023 23: +0,1682200800
0.442,4,Apr 23 2023 00: +0,1682204400
0.418,1,Apr 23 2023 01: +0,1682208000
0.458,1,Apr 23 2023 02: +0,1682211600
0.466,1,Apr 23 2023 03: +0,1682215200
0.305,1,Apr 23 2023 04: +0,1682218800
0.466,3,Apr 23 2023 07: +0,1682229600
0.41,1,Apr 23 2023 09: +0,1682236800
0.45,2,Apr 23 2023 10: +0,1682240400
0.442,3,Apr 23 2023 11: +0,1682244000
0.469,4,Apr 23 2023 12: +0,1682247600
0.442,1,Apr 23 2023 13: +0,1682251200
0.45,4,Apr 23 2023 14: +0,1682254800
0.46,2,Apr 23 2023 15: +0,1682258400
0.462,2,Apr 23 2023 16: +0,1682262000
0.466,5,Apr 23 2023 17: +0,1682265600
0.499,4,Apr 23 2023 18: +0,1682269200
0.442,1,Apr 23 2023 19: +0,1682272800
0.458,1,Apr 23 2023 20: +0,1682276400
0.45,4,Apr 23 2023 21: +0,1682280000
0.479,1,Apr 23 2023 22: +0,1682283600
0.486,1,Apr 23 2023 23: +0,1682287200
0.477,5,Apr 24 2023 00: +0,1682290800
0.43,4,Apr 24 2023 03: +0,1682301600
0.458,1,Apr 24 2023 05: +0,1682308800
0.479,1,Apr 24 2023 06: +0,1682312400
0.63,1,Apr 24 2023 08: +0,1682319600
0.581,2,Apr 24 2023 09: +0,1682323200
0.474,2,Apr 24 2023 10: +0,1682326800
0.41,1,Apr 24 2023 11: +0,1682330400
0.41,1,Apr 24 2023 12: +0,1682334000
0.47,6,Apr 24 2023 13: +0,1682337600
0.463,4,Apr 24 2023 14: +0,1682341200
0.458,3,Apr 24 2023 15: +0,1682344800
0.444,2,Apr 24 2023 16: +0,1682348400
0.479,4,Apr 24 2023 17: +0,1682352000
0.41,2,Apr 24 2023 18: +0,1682355600
0.484,2,Apr 24 2023 19: +0,1682359200
0.414,4,Apr 24 2023 20: +0,1682362800
0.458,2,Apr 24 2023 21: +0,1682366400
0.424,2,Apr 24 2023 22: +0,1682370000
0.513,2,Apr 24 2023 23: +0,1682373600
0.497,2,Apr 25 2023 00: +0,1682377200
0.41,1,Apr 25 2023 04: +0,1682391600
0.41,1,Apr 25 2023 05: +0,1682395200
0.468,4,Apr 25 2023 06: +0,1682398800
0.394,1,Apr 25 2023 08: +0,1682406000
0.41,2,Apr 25 2023 09: +0,1682409600
0.404,4,Apr 25 2023 10: +0,1682413200
0.415,3,Apr 25 2023 11: +0,1682416800
0.483,4,Apr 25 2023 12: +0,1682420400
0.415,1,Apr 25 2023 13: +0,1682424000
0.527,2,Apr 25 2023 14: +0,1682427600
0.417,4,Apr 25 2023 15: +0,1682431200
0.457,2,Apr 25 2023 16: +0,1682434800
0.397,1,Apr 25 2023 18: +0,1682442000
0.454,4,Apr 25 2023 19: +0,1682445600
0.448,4,Apr 25 2023 20: +0,1682449200
0.408,4,Apr 25 2023 21: +0,1682452800
0.397,4,Apr 25 2023 22: +0,1682456400
0.415,1,Apr 25 2023 23: +0,1682460000
0.395,2,Apr 26 2023 00: +0,1682463600
0.394,3,Apr 26 2023 01: +0,1682467200
0.408,3,Apr 26 2023 02: +0,1682470800
0.389,2,Apr 26 2023 03: +0,1682474400
0.408,1,Apr 26 2023 04: +0,1682478000
0.408,1,Apr 26 2023 06: +0,1682485200
0.584,1,Apr 26 2023 09: +0,1682496000
0.371,1,Apr 26 2023 10: +0,1682499600
0.415,1,Apr 26 2023 11: +0,1682503200
0.412,12,Apr 26 2023 12: +0,1682506800
0.413,4,Apr 26 2023 13: +0,1682510400
0.411,3,Apr 26 2023 14: +0,1682514000
0.416,4,Apr 26 2023 15: +0,1682517600
0.404,1,Apr 26 2023 18: +0,1682528400
0.376,5,Apr 26 2023 19: +0,1682532000
0.37,2,Apr 26 2023 20: +0,1682535600
0.405,1,Apr 26 2023 21: +0,1682539200
0.354,3,Apr 26 2023 22: +0,1682542800
0.359,3,Apr 27 2023 00: +0,1682550000
0.363,2,Apr 27 2023 01: +0,1682553600
0.4,3,Apr 27 2023 02: +0,1682557200
0.356,1,Apr 27 2023 03: +0,1682560800
0.331,2,Apr 27 2023 04: +0,1682564400
0.348,1,Apr 27 2023 06: +0,1682571600
0.216,2,Apr 27 2023 08: +0,1682578800
0.23,2,Apr 27 2023 09: +0,1682582400
0.408,1,Apr 27 2023 11: +0,1682589600
0.405,2,Apr 27 2023 12: +0,1682593200
0.304,1,Apr 27 2023 13: +0,1682596800
0.416,4,Apr 27 2023 14: +0,1682600400
0.387,2,Apr 27 2023 15: +0,1682604000
0.394,4,Apr 27 2023 16: +0,1682607600
0.39,3,Apr 27 2023 17: +0,1682611200
0.369,4,Apr 27 2023 18: +0,1682614800
0.415,3,Apr 27 2023 19: +0,1682618400
0.379,6,Apr 27 2023 20: +0,1682622000
0.348,5,Apr 27 2023 21: +0,1682625600
0.356,2,Apr 27 2023 22: +0,1682629200
0.344,4,Apr 27 2023 23: +0,1682632800
0.328,1,Apr 28 2023 01: +0,1682640000
0.344,1,Apr 28 2023 03: +0,1682647200
0.279,2,Apr 28 2023 04: +0,1682650800
0.371,1,Apr 28 2023 06: +0,1682658000
0.368,3,Apr 28 2023 08: +0,1682665200
0.385,1,Apr 28 2023 09: +0,1682668800
0.322,2,Apr 28 2023 10: +0,1682672400
0.365,2,Apr 28 2023 11: +0,1682676000
0.378,2,Apr 28 2023 13: +0,1682683200
0.536,2,Apr 28 2023 14: +0,1682686800
0.417,1,Apr 28 2023 15: +0,1682690400
0.384,2,Apr 28 2023 16: +0,1682694000
0.422,1,Apr 28 2023 17: +0,1682697600
0.422,7,Apr 28 2023 18: +0,1682701200
0.422,1,Apr 28 2023 19: +0,1682704800
0.394,4,Apr 28 2023 20: +0,1682708400
0.388,2,Apr 28 2023 21: +0,1682712000
0.405,5,Apr 28 2023 22: +0,1682715600
0.402,3,Apr 28 2023 23: +0,1682719200
0.65,1,Apr 29 2023 00: +0,1682722800
0.416,7,Apr 29 2023 01: +0,1682726400
0.408,1,Apr 29 2023 03: +0,1682733600
0.364,2,Apr 29 2023 04: +0,1682737200
0.272,1,Apr 29 2023 05: +0,1682740800
0.384,4,Apr 29 2023 06: +0,1682744400
0.346,4,Apr 29 2023 07: +0,1682748000
0.414,5,Apr 29 2023 08: +0,1682751600
0.421,2,Apr 29 2023 09: +0,1682755200
0.406,5,Apr 29 2023 10: +0,1682758800
0.383,2,Apr 29 2023 11: +0,1682762400
0.407,2,Apr 29 2023 12: +0,1682766000
0.421,5,Apr 29 2023 13: +0,1682769600
0.421,4,Apr 29 2023 15: +0,1682776800
0.418,2,Apr 29 2023 17: +0,1682784000
0.402,1,Apr 29 2023 18: +0,1682787600
0.344,1,Apr 29 2023 19: +0,1682791200
0.376,3,Apr 29 2023 20: +0,1682794800
0.488,2,Apr 29 2023 21: +0,1682798400
0.398,3,Apr 29 2023 22: +0,1682802000
0.337,2,Apr 29 2023 23: +0,1682805600
0.379,2,Apr 30 2023 00: +0,1682809200
0.405,1,Apr 30 2023 01: +0,1682812800
0.416,1,Apr 30 2023 02: +0,1682816400
0.344,1,Apr 30 2023 03: +0,1682820000
0.372,2,Apr 30 2023 06: +0,1682830800
0.344,2,Apr 30 2023 07: +0,1682834400
0.414,1,Apr 30 2023 08: +0,1682838000
0.364,4,Apr 30 2023 09: +0,1682841600
0.354,3,Apr 30 2023 10: +0,1682845200
0.332,2,Apr 30 2023 11: +0,1682848800
0.353,2,Apr 30 2023 12: +0,1682852400
0.36,2,Apr 30 2023 13: +0,1682856000
0.371,4,Apr 30 2023 14: +0,1682859600
0.413,1,Apr 30 2023 15: +0,1682863200
0.412,2,Apr 30 2023 16: +0,1682866800
0.414,2,Apr 30 2023 17: +0,1682870400
0.359,3,Apr 30 2023 18: +0,1682874000
0.396,4,Apr 30 2023 19: +0,1682877600
0.348,4,Apr 30 2023 20: +0,1682881200
0.38,4,Apr 30 2023 22: +0,1682888400
0.363,4,Apr 30 2023 23: +0,1682892000
0.396,1,May 01 2023 00: +0,1682895600
0.414,1,May 01 2023 01: +0,1682899200
0.334,2,May 01 2023 03: +0,1682906400
0.4,1,May 01 2023 06: +0,1682917200
0.353,2,May 01 2023 07: +0,1682920800
0.353,3,May 01 2023 09: +0,1682928000
0.28,1,May 01 2023 10: +0,1682931600
0.353,3,May 01 2023 12: +0,1682938800
0.367,2,May 01 2023 13: +0,1682942400
0.395,4,May 01 2023 14: +0,1682946000
0.344,3,May 01 2023 16: +0,1682953200
0.414,4,May 01 2023 17: +0,1682956800
0.367,2,May 01 2023 18: +0,1682960400
0.354,1,May 01 2023 19: +0,1682964000
0.353,3,May 01 2023 20: +0,1682967600
0.38,6,May 01 2023 21: +0,1682971200
0.33,1,May 01 2023 22: +0,1682974800
0.404,6,May 01 2023 23: +0,1682978400
0.391,2,May 02 2023 01: +0,1682985600
0.385,1,May 02 2023 03: +0,1682992800
0.393,1,May 02 2023 04: +0,1682996400
0.346,1,May 02 2023 05: +0,1683000000
0.403,1,May 02 2023 06: +0,1683003600
0.396,1,May 02 2023 09: +0,1683014400
0.389,2,May 02 2023 10: +0,1683018000
0.344,4,May 02 2023 12: +0,1683025200
0.404,3,May 02 2023 13: +0,1683028800
0.394,4,May 02 2023 14: +0,1683032400
0.374,4,May 02 2023 15: +0,1683036000
0.371,2,May 02 2023 17: +0,1683043200
0.407,2,May 02 2023 18: +0,1683046800
0.408,6,May 02 2023 19: +0,1683050400
0.365,1,May 02 2023 20: +0,1683054000
0.403,4,May 02 2023 21: +0,1683057600
0.412,4,May 02 2023 22: +0,1683061200
0.347,1,May 03 2023 00: +0,1683068400
0.366,5,May 03 2023 01: +0,1683072000
0.392,1,May 03 2023 03: +0,1683079200
0.383,2,May 03 2023 05: +0,1683086400
0.324,2,May 03 2023 09: +0,1683100800
0.376,1,May 03 2023 10: +0,1683104400
0.408,5,May 03 2023 12: +0,1683111600
0.412,1,May 03 2023 13: +0,1683115200
0.411,4,May 03 2023 14: +0,1683118800
0.392,3,May 03 2023 15: +0,1683122400
0.383,6,May 03 2023 17: +0,1683129600
0.383,2,May 03 2023 18: +0,1683133200
0.395,4,May 03 2023 19: +0,1683136800
0.39,2,May 03 2023 21: +0,1683144000
0.413,5,May 03 2023 22: +0,1683147600
0.368,1,May 03 2023 23: +0,1683151200
0.413,1,May 04 2023 01: +0,1683158400
0.375,1,May 04 2023 05: +0,1683172800
0.381,1,May 04 2023 06: +0,1683176400
0.402,1,May 04 2023 08: +0,1683183600
0.401,2,May 04 2023 09: +0,1683187200
0.203,1,May 04 2023 12: +0,1683198000
0.408,8,May 04 2023 13: +0,1683201600
0.348,2,May 04 2023 15: +0,1683208800
0.353,1,May 04 2023 16: +0,1683212400
0.39,2,May 04 2023 17: +0,1683216000
0.415,1,May 04 2023 18: +0,1683219600
0.366,2,May 04 2023 19: +0,1683223200
0.378,5,May 04 2023 20: +0,1683226800
0.414,2,May 04 2023 21: +0,1683230400
0.389,2,May 04 2023 22: +0,1683234000
0.382,2,May 04 2023 23: +0,1683237600
0.312,2,May 05 2023 01: +0,1683244800
0.351,3,May 05 2023 02: +0,1683248400
0.351,2,May 05 2023 04: +0,1683255600
0.351,3,May 05 2023 05: +0,1683259200
0.345,3,May 05 2023 06: +0,1683262800
0.351,1,May 05 2023 07: +0,1683266400
0.359,2,May 05 2023 08: +0,1683270000
0.342,3,May 05 2023 09: +0,1683273600
0.336,2,May 05 2023 10: +0,1683277200
0.356,2,May 05 2023 11: +0,1683280800
0.359,6,May 05 2023 12: +0,1683284400
0.342,4,May 05 2023 13: +0,1683288000
0.367,4,May 05 2023 14: +0,1683291600
0.369,1,May 05 2023 15: +0,1683295200
0.357,2,May 05 2023 16: +0,1683298800
0.351,4,May 05 2023 17: +0,1683302400
0.38,1,May 05 2023 18: +0,1683306000
0.377,3,May 05 2023 19: +0,1683309600
0.399,3,May 05 2023 20: +0,1683313200
0.402,5,May 05 2023 21: +0,1683316800
0.362,3,May 05 2023 22: +0,1683320400
2.052,1,May 05 2023 23: +0,1683324000
0.402,1,May 06 2023 00: +0,1683327600
0.412,2,May 06 2023 01: +0,1683331200
0.415,2,May 06 2023 02: +0,1683334800
0.361,2,May 06 2023 04: +0,1683342000
0.36,1,May 06 2023 05: +0,1683345600
0.413,5,May 06 2023 06: +0,1683349200
0.413,1,May 06 2023 08: +0,1683356400
0.363,2,May 06 2023 10: +0,1683363600
0.375,6,May 06 2023 11: +0,1683367200
0.41,3,May 06 2023 12: +0,1683370800
0.415,1,May 06 2023 13: +0,1683374400
0.399,2,May 06 2023 14: +0,1683378000
0.4,5,May 06 2023 15: +0,1683381600
0.405,3,May 06 2023 16: +0,1683385200
0.405,1,May 06 2023 17: +0,1683388800
0.398,7,May 06 2023 19: +0,1683396000
0.372,6,May 06 2023 20: +0,1683399600
0.4,2,May 06 2023 21: +0,1683403200
0.395,1,May 06 2023 22: +0,1683406800
0.41,1,May 06 2023 23: +0,1683410400
0.358,1,May 07 2023 01: +0,1683417600
0.359,3,May 07 2023 03: +0,1683424800
0.41,3,May 07 2023 04: +0,1683428400
0.402,1,May 07 2023 05: +0,1683432000
0.368,2,May 07 2023 10: +0,1683450000
0.375,1,May 07 2023 11: +0,1683453600
0.353,2,May 07 2023 13: +0,1683460800
0.403,2,May 07 2023 14: +0,1683464400
0.342,1,May 07 2023 15: +0,1683468000
0.387,4,May 07 2023 16: +0,1683471600
0.354,4,May 07 2023 17: +0,1683475200
0.354,4,May 07 2023 18: +0,1683478800
0.504,2,May 07 2023 19: +0,1683482400
0.35,2,May 07 2023 20: +0,1683486000
0.354,6,May 07 2023 21: +0,1683489600
0.38,5,May 07 2023 22: +0,1683493200
0.39,4,May 07 2023 23: +0,1683496800
0.344,2,May 08 2023 00: +0,1683500400
0.347,1,May 08 2023 01: +0,1683504000
0.366,2,May 08 2023 02: +0,1683507600
0.39,1,May 08 2023 06: +0,1683522000
0.344,1,May 08 2023 09: +0,1683532800
0.277,1,May 08 2023 10: +0,1683536400
0.397,7,May 08 2023 11: +0,1683540000
0.345,1,May 08 2023 12: +0,1683543600
0.388,3,May 08 2023 13: +0,1683547200
0.403,1,May 08 2023 14: +0,1683550800
1.423,1,May 08 2023 15: +0,1683554400
0.397,3,May 08 2023 16: +0,1683558000
0.36,3,May 08 2023 17: +0,1683561600
0.303,2,May 08 2023 18: +0,1683565200
0.381,1,May 08 2023 19: +0,1683568800
0.399,1,May 08 2023 20: +0,1683572400
0.392,4,May 08 2023 21: +0,1683576000
0.4,2,May 08 2023 22: +0,1683579600
0.343,2,May 08 2023 23: +0,1683583200
0.398,2,May 09 2023 00: +0,1683586800
0.406,3,May 09 2023 01: +0,1683590400
0.355,1,May 09 2023 02: +0,1683594000
0.4,1,May 09 2023 05: +0,1683604800
0.353,2,May 09 2023 07: +0,1683612000
0.401,1,May 09 2023 08: +0,1683615600
0.401,1,May 09 2023 10: +0,1683622800
0.364,4,May 09 2023 11: +0,1683626400
0.335,2,May 09 2023 12: +0,1683630000
0.322,2,May 09 2023 13: +0,1683633600
0.401,1,May 09 2023 14: +0,1683637200
0.364,3,May 09 2023 15: +0,1683640800
0.363,1,May 09 2023 16: +0,1683644400
0.375,1,May 09 2023 17: +0,1683648000
0.366,1,May 09 2023 18: +0,1683651600
0.382,2,May 09 2023 19: +0,1683655200
0.366,1,May 09 2023 20: +0,1683658800
0.342,3,May 09 2023 21: +0,1683662400
0.379,4,May 09 2023 22: +0,1683666000
0.383,4,May 10 2023 00: +0,1683673200
0.342,1,May 10 2023 01: +0,1683676800
0.402,1,May 10 2023 02: +0,1683680400
0.397,1,May 10 2023 04: +0,1683687600
0.365,3,May 10 2023 06: +0,1683694800
0.347,2,May 10 2023 08: +0,1683702000
0.382,1,May 10 2023 13: +0,1683720000
0.503,1,May 10 2023 14: +0,1683723600
0.386,4,May 10 2023 15: +0,1683727200
0.309,1,May 10 2023 16: +0,1683730800
0.337,2,May 10 2023 17: +0,1683734400
0.372,6,May 10 2023 18: +0,1683738000
0.37,4,May 10 2023 20: +0,1683745200
0.395,6,May 10 2023 21: +0,1683748800
0.38,1,May 10 2023 22: +0,1683752400
0.4,3,May 10 2023 23: +0,1683756000
0.39,1,May 11 2023 00: +0,1683759600
0.4,1,May 11 2023 01: +0,1683763200
0.163,1,May 11 2023 03: +0,1683770400
0.38,2,May 11 2023 04: +0,1683774000
0.374,4,May 11 2023 05: +0,1683777600
0.363,1,May 11 2023 07: +0,1683784800
0.371,2,May 11 2023 08: +0,1683788400
0.408,11,May 11 2023 09: +0,1683792000
0.385,1,May 11 2023 10: +0,1683795600
0.404,1,May 11 2023 11: +0,1683799200
0.39,4,May 11 2023 12: +0,1683802800
0.404,3,May 11 2023 13: +0,1683806400
0.267,1,May 11 2023 15: +0,1683813600
0.356,4,May 11 2023 17: +0,1683820800
0.387,9,May 11 2023 18: +0,1683824400
0.391,2,May 11 2023 19: +0,1683828000
0.393,2,May 11 2023 20: +0,1683831600
0.359,2,May 11 2023 22: +0,1683838800
0.406,10,May 11 2023 23: +0,1683842400
0.407,2,May 12 2023 00: +0,1683846000
0.412,3,May 12 2023 01: +0,1683849600
0.414,4,May 12 2023 02: +0,1683853200
0.422,1,May 12 2023 03: +0,1683856800
0.423,3,May 12 2023 05: +0,1683864000
0.343,1,May 12 2023 07: +0,1683871200
0.406,1,May 12 2023 12: +0,1683889200
0.423,4,May 12 2023 15: +0,1683900000
0.436,1,May 12 2023 16: +0,1683903600
0.428,1,May 12 2023 17: +0,1683907200
0.426,3,May 12 2023 18: +0,1683910800
0.391,3,May 12 2023 19: +0,1683914400
0.391,3,May 12 2023 20: +0,1683918000
0.385,5,May 12 2023 21: +0,1683921600
0.431,6,May 12 2023 22: +0,1683925200
0.387,1,May 13 2023 00: +0,1683932400
0.396,3,May 13 2023 01: +0,1683936000
0.419,2,May 13 2023 02: +0,1683939600
0.441,1,May 13 2023 03: +0,1683943200
0.41,4,May 13 2023 04: +0,1683946800
0.392,1,May 13 2023 06: +0,1683954000
0.442,1,May 13 2023 07: +0,1683957600
0.377,1,May 13 2023 09: +0,1683964800
0.387,3,May 13 2023 10: +0,1683968400
0.327,2,May 13 2023 11: +0,1683972000
0.451,1,May 13 2023 12: +0,1683975600
0.453,1,May 13 2023 13: +0,1683979200
0.45,1,May 13 2023 14: +0,1683982800
0.444,1,May 13 2023 15: +0,1683986400
0.446,2,May 13 2023 16: +0,1683990000
0.368,4,May 13 2023 17: +0,1683993600
0.442,1,May 13 2023 18: +0,1683997200
0.396,3,May 13 2023 19: +0,1684000800
0.414,4,May 13 2023 20: +0,1684004400
0.393,2,May 13 2023 21: +0,1684008000
0.39,4,May 13 2023 22: +0,1684011600
0.416,7,May 13 2023 23: +0,1684015200
0.388,2,May 14 2023 00: +0,1684018800
0.43,4,May 14 2023 02: +0,1684026000
0.368,1,May 14 2023 05: +0,1684036800
0.419,2,May 14 2023 06: +0,1684040400
0.451,7,May 14 2023 07: +0,1684044000
0.379,1,May 14 2023 08: +0,1684047600
0.431,2,May 14 2023 09: +0,1684051200
0.418,3,May 14 2023 10: +0,1684054800
0.41,1,May 14 2023 13: +0,1684065600
0.41,1,May 14 2023 14: +0,1684069200
0.415,6,May 14 2023 15: +0,1684072800
0.432,3,May 14 2023 16: +0,1684076400
0.43,2,May 14 2023 17: +0,1684080000
0.446,2,May 14 2023 18: +0,1684083600
0.46,3,May 14 2023 19: +0,1684087200
0.379,2,May 14 2023 20: +0,1684090800
0.383,2,May 14 2023 22: +0,1684098000
0.427,1,May 14 2023 23: +0,1684101600
0.415,2,May 15 2023 00: +0,1684105200
0.444,1,May 15 2023 01: +0,1684108800
0.418,1,May 15 2023 03: +0,1684116000
0.397,2,May 15 2023 04: +0,1684119600
0.44,3,May 15 2023 05: +0,1684123200
0.396,2,May 15 2023 07: +0,1684130400
0.442,3,May 15 2023 09: +0,1684137600
0.442,3,May 15 2023 10: +0,1684141200
0.425,1,May 15 2023 11: +0,1684144800
0.303,2,May 15 2023 13: +0,1684152000
0.45,1,May 15 2023 14: +0,1684155600
0.365,2,May 15 2023 15: +0,1684159200
0.423,1,May 15 2023 16: +0,1684162800
0.451,3,May 15 2023 17: +0,1684166400
0.453,5,May 15 2023 18: +0,1684170000
0.451,1,May 15 2023 19: +0,1684173600
0.466,4,May 15 2023 20: +0,1684177200
0.443,3,May 15 2023 21: +0,1684180800
0.376,3,May 15 2023 23: +0,1684188000
0.368,1,May 16 2023 00: +0,1684191600
0.465,2,May 16 2023 01: +0,1684195200
0.344,2,May 16 2023 02: +0,1684198800
0.377,3,May 16 2023 04: +0,1684206000
0.373,5,May 16 2023 07: +0,1684216800
0.381,1,May 16 2023 08: +0,1684220400
0.384,1,May 16 2023 09: +0,1684224000
0.377,1,May 16 2023 10: +0,1684227600
0.422,4,May 16 2023 12: +0,1684234800
0.44,2,May 16 2023 14: +0,1684242000
0.377,1,May 16 2023 15: +0,1684245600
0.435,2,May 16 2023 16: +0,1684249200
0.437,1,May 16 2023 17: +0,1684252800
0.368,1,May 16 2023 18: +0,1684256400
0.231,1,May 16 2023 19: +0,1684260000
0.608,2,May 16 2023 20: +0,1684263600
0.423,6,May 16 2023 21: +0,1684267200
0.417,3,May 17 2023 00: +0,1684278000
0.368,1,May 17 2023 02: +0,1684285200
0.416,2,May 17 2023 06: +0,1684299600
0.225,2,May 17 2023 10: +0,1684314000
0.436,1,May 17 2023 12: +0,1684321200
0.368,1,May 17 2023 13: +0,1684324800
0.384,3,May 17 2023 14: +0,1684328400
0.395,1,May 17 2023 15: +0,1684332000
0.424,4,May 17 2023 16: +0,1684335600
0.369,1,May 17 2023 17: +0,1684339200
0.356,1,May 17 2023 18: +0,1684342800
0.38,3,May 17 2023 19: +0,1684346400
0.354,2,May 17 2023 20: +0,1684350000
0.303,2,May 17 2023 21: +0,1684353600
0.373,3,May 17 2023 22: +0,1684357200
0.389,2,May 17 2023 23: +0,1684360800
0.392,2,May 18 2023 00: +0,1684364400
0.369,1,May 18 2023 01: +0,1684368000
0.421,5,May 18 2023 02: +0,1684371600
0.433,3,May 18 2023 03: +0,1684375200
0.366,2,May 18 2023 05: +0,1684382400
0.433,1,May 18 2023 06: +0,1684386000
0.43,1,May 18 2023 07: +0,1684389600
0.345,1,May 18 2023 10: +0,1684400400
0.433,12,May 18 2023 11: +0,1684404000
0.282,2,May 18 2023 12: +0,1684407600
0.387,3,May 18 2023 13: +0,1684411200
0.345,2,May 18 2023 14: +0,1684414800
0.399,6,May 18 2023 15: +0,1684418400
0.441,5,May 18 2023 16: +0,1684422000
0.431,4,May 18 2023 17: +0,1684425600
0.44,4,May 18 2023 18: +0,1684429200
0.418,5,May 18 2023 19: +0,1684432800
0.417,2,May 18 2023 20: +0,1684436400
0.346,5,May 18 2023 21: +0,1684440000
0.419,1,May 18 2023 22: +0,1684443600
0.417,1,May 18 2023 23: +0,1684447200
0.37,1,May 19 2023 00: +0,1684450800
0.434,1,May 19 2023 01: +0,1684454400
0.441,3,May 19 2023 08: +0,1684479600
0.37,1,May 19 2023 09: +0,1684483200
0.395,2,May 19 2023 10: +0,1684486800
0.359,4,May 19 2023 12: +0,1684494000
0.369,5,May 19 2023 13: +0,1684497600
0.35,3,May 19 2023 14: +0,1684501200
0.373,1,May 19 2023 15: +0,1684504800
0.389,3,May 19 2023 16: +0,1684508400
0.347,1,May 19 2023 17: +0,1684512000
0.334,2,May 19 2023 18: +0,1684515600
0.389,1,May 19 2023 19: +0,1684519200
0.384,6,May 19 2023 20: +0,1684522800
0.38,1,May 19 2023 21: +0,1684526400
0.402,3,May 19 2023 22: +0,1684530000
0.39,1,May 19 2023 23: +0,1684533600
0.347,1,May 20 2023 00: +0,1684537200
0.394,3,May 20 2023 01: +0,1684540800
0.386,4,May 20 2023 05: +0,1684555200
0.375,1,May 20 2023 09: +0,1684569600
0.399,1,May 20 2023 10: +0,1684573200
0.384,5,May 20 2023 11: +0,1684576800
0.421,2,May 20 2023 12: +0,1684580400
0.392,3,May 20 2023 13: +0,1684584000
0.391,4,May 20 2023 15: +0,1684591200
0.395,3,May 20 2023 16: +0,1684594800
0.37,1,May 20 2023 17: +0,1684598400
0.314,1,May 20 2023 18: +0,1684602000
0.538,18,May 20 2023 19: +0,1684605600
0.351,4,May 20 2023 20: +0,1684609200
0.395,1,May 20 2023 21: +0,1684612800
0.359,3,May 20 2023 22: +0,1684616400
0.396,1,May 20 2023 23: +0,1684620000
0.379,3,May 21 2023 00: +0,1684623600
0.396,2,May 21 2023 01: +0,1684627200
0.381,2,May 21 2023 02: +0,1684630800
0.361,1,May 21 2023 05: +0,1684641600
0.388,1,May 21 2023 07: +0,1684648800
0.388,1,May 21 2023 08: +0,1684652400
0.374,3,May 21 2023 09: +0,1684656000
0.381,3,May 21 2023 10: +0,1684659600
0.392,1,May 21 2023 11: +0,1684663200
0.397,2,May 21 2023 12: +0,1684666800
0.386,2,May 21 2023 13: +0,1684670400
0.25,1,May 21 2023 15: +0,1684677600
0.408,2,May 21 2023 16: +0,1684681200
0.364,3,May 21 2023 17: +0,1684684800
0.408,1,May 21 2023 18: +0,1684688400
0.369,4,May 21 2023 19: +0,1684692000
0.394,4,May 21 2023 20: +0,1684695600
0.364,3,May 21 2023 21: +0,1684699200
0.398,4,May 21 2023 22: +0,1684702800
0.36,1,May 21 2023 23: +0,1684706400
0.411,3,May 22 2023 00: +0,1684710000
0.398,2,May 22 2023 02: +0,1684717200
0.391,1,May 22 2023 03: +0,1684720800
0.405,1,May 22 2023 05: +0,1684728000
0.425,1,May 22 2023 06: +0,1684731600
0.419,2,May 22 2023 07: +0,1684735200
0.373,1,May 22 2023 08: +0,1684738800
0.404,4,May 22 2023 10: +0,1684746000
0.4,3,May 22 2023 11: +0,1684749600
0.373,1,May 22 2023 12: +0,1684753200
0.399,2,May 22 2023 13: +0,1684756800
0.411,3,May 22 2023 15: +0,1684764000
0.428,2,May 22 2023 17: +0,1684771200
0.414,2,May 22 2023 18: +0,1684774800
0.399,1,May 22 2023 19: +0,1684778400
0.397,1,May 22 2023 20: +0,1684782000
0.402,8,May 22 2023 21: +0,1684785600
0.418,2,May 22 2023 22: +0,1684789200
0.374,1,May 22 2023 23: +0,1684792800
0.415,1,May 23 2023 00: +0,1684796400
0.772,1,May 23 2023 04: +0,1684810800
0.419,1,May 23 2023 07: +0,1684821600
0.419,1,May 23 2023 08: +0,1684825200
0.426,1,May 23 2023 11: +0,1684836000
0.301,1,May 23 2023 12: +0,1684839600
0.421,1,May 23 2023 13: +0,1684843200
0.421,1,May 23 2023 16: +0,1684854000
0.426,1,May 23 2023 17: +0,1684857600
0.374,1,May 23 2023 18: +0,1684861200
0.405,2,May 23 2023 19: +0,1684864800
0.414,4,May 23 2023 21: +0,1684872000
0.35,4,May 23 2023 22: +0,1684875600
0.426,2,May 23 2023 23: +0,1684879200
0.428,3,May 24 2023 02: +0,1684890000
0.426,1,May 24 2023 03: +0,1684893600
0.362,2,May 24 2023 04: +0,1684897200
0.356,1,May 24 2023 06: +0,1684904400
0.305,1,May 24 2023 07: +0,1684908000
0.362,2,May 24 2023 08: +0,1684911600
0.371,1,May 24 2023 09: +0,1684915200
0.371,3,May 24 2023 10: +0,1684918800
0.27,1,May 24 2023 11: +0,1684922400
0.425,1,May 24 2023 12: +0,1684926000
0.42,3,May 24 2023 13: +0,1684929600
0.389,2,May 24 2023 14: +0,1684933200
0.332,3,May 24 2023 15: +0,1684936800
0.363,2,May 24 2023 16: +0,1684940400
0.372,2,May 24 2023 17: +0,1684944000
0.362,2,May 24 2023 18: +0,1684947600
0.416,2,May 24 2023 19: +0,1684951200
0.411,3,May 24 2023 20: +0,1684954800
0.424,2,May 24 2023 22: +0,1684962000
0.436,1,May 25 2023 05: +0,1684987200
0.382,2,May 25 2023 06: +0,1684990800
0.348,3,May 25 2023 07: +0,1684994400
0.378,2,May 25 2023 08: +0,1684998000
0.38,3,May 25 2023 09: +0,1685001600
0.373,7,May 25 2023 10: +0,1685005200
0.413,2,May 25 2023 11: +0,1685008800
0.42,1,May 25 2023 12: +0,1685012400
0.4,2,May 25 2023 13: +0,1685016000
0.427,3,May 25 2023 14: +0,1685019600
0.371,1,May 25 2023 15: +0,1685023200
0.425,3,May 25 2023 16: +0,1685026800
0.4,2,May 25 2023 17: +0,1685030400
0.38,3,May 25 2023 18: +0,1685034000
0.416,2,May 25 2023 19: +0,1685037600
0.43,3,May 25 2023 20: +0,1685041200
0.382,2,May 25 2023 21: +0,1685044800
0.23,2,May 25 2023 22: +0,1685048400
0.316,5,May 25 2023 23: +0,1685052000
0.354,2,May 26 2023 01: +0,1685059200
0.494,3,May 26 2023 02: +0,1685062800
0.406,1,May 26 2023 03: +0,1685066400
0.352,2,May 26 2023 04: +0,1685070000
0.394,2,May 26 2023 05: +0,1685073600
0.385,4,May 26 2023 08: +0,1685084400
0.39,2,May 26 2023 09: +0,1685088000
0.34,1,May 26 2023 10: +0,1685091600
0.38,6,May 26 2023 11: +0,1685095200
0.416,1,May 26 2023 12: +0,1685098800
0.371,2,May 26 2023 14: +0,1685106000
0.383,2,May 26 2023 15: +0,1685109600
0.357,2,May 26 2023 16: +0,1685113200
0.376,2,May 26 2023 17: +0,1685116800
0.392,3,May 26 2023 18: +0,1685120400
0.392,2,May 26 2023 19: +0,1685124000
0.394,2,May 26 2023 20: +0,1685127600
0.348,3,May 26 2023 21: +0,1685131200
0.393,2,May 26 2023 22: +0,1685134800
0.415,2,May 26 2023 23: +0,1685138400
0.409,3,May 27 2023 00: +0,1685142000
0.431,2,May 27 2023 03: +0,1685152800
0.41,1,May 27 2023 07: +0,1685167200
0.48,2,May 27 2023 08: +0,1685170800
0.437,1,May 27 2023 09: +0,1685174400
0.415,1,May 27 2023 10: +0,1685178000
0.415,1,May 27 2023 11: +0,1685181600
0.411,2,May 27 2023 12: +0,1685185200
0.417,1,May 27 2023 13: +0,1685188800
0.425,3,May 27 2023 14: +0,1685192400
0.372,1,May 27 2023 16: +0,1685199600
0.425,3,May 27 2023 17: +0,1685203200
0.416,2,May 27 2023 18: +0,1685206800
0.348,3,May 27 2023 19: +0,1685210400
0.389,3,May 27 2023 20: +0,1685214000
0.389,2,May 27 2023 21: +0,1685217600
0.287,1,May 27 2023 22: +0,1685221200
0.402,2,May 27 2023 23: +0,1685224800
0.409,1,May 28 2023 00: +0,1685228400
0.414,3,May 28 2023 01: +0,1685232000
0.371,1,May 28 2023 03: +0,1685239200
0.413,1,May 28 2023 04: +0,1685242800
0.402,1,May 28 2023 06: +0,1685250000
0.387,2,May 28 2023 07: +0,1685253600
0.419,3,May 28 2023 08: +0,1685257200
0.375,2,May 28 2023 09: +0,1685260800
0.399,3,May 28 2023 10: +0,1685264400
0.419,1,May 28 2023 11: +0,1685268000
0.421,1,May 28 2023 12: +0,1685271600
0.425,1,May 28 2023 14: +0,1685278800
0.402,2,May 28 2023 15: +0,1685282400
0.316,1,May 28 2023 17: +0,1685289600
0.34,1,May 28 2023 18: +0,1685293200
0.375,2,May 28 2023 19: +0,1685296800
0.346,4,May 28 2023 20: +0,1685300400
0.359,4,May 28 2023 21: +0,1685304000
0.401,3,May 28 2023 22: +0,1685307600
0.417,1,May 28 2023 23: +0,1685311200
0.363,1,May 29 2023 00: +0,1685314800
0.38,1,May 29 2023 01: +0,1685318400
0.309,1,May 29 2023 02: +0,1685322000
0.275,2,May 29 2023 09: +0,1685347200
0.34,1,May 29 2023 11: +0,1685354400
0.379,1,May 29 2023 12: +0,1685358000
0.36,2,May 29 2023 13: +0,1685361600
0.413,3,May 29 2023 14: +0,1685365200
0.373,1,May 29 2023 16: +0,1685372400
0.367,2,May 29 2023 17: +0,1685376000
0.436,2,May 29 2023 18: +0,1685379600
0.363,3,May 29 2023 19: +0,1685383200
0.359,1,May 29 2023 20: +0,1685386800
0.421,1,May 29 2023 22: +0,1685394000
0.357,1,May 29 2023 23: +0,1685397600
0.397,5,May 30 2023 00: +0,1685401200
0.419,1,May 30 2023 04: +0,1685415600
0.359,1,May 30 2023 06: +0,1685422800
0.364,2,May 30 2023 09: +0,1685433600
0.386,1,May 30 2023 10: +0,1685437200
0.359,3,May 30 2023 11: +0,1685440800
0.365,1,May 30 2023 13: +0,1685448000
0.34,1,May 30 2023 14: +0,1685451600
0.378,1,May 30 2023 15: +0,1685455200
0.333,2,May 30 2023 16: +0,1685458800
0.365,3,May 30 2023 17: +0,1685462400
0.376,2,May 30 2023 18: +0,1685466000
0.34,1,May 30 2023 19: +0,1685469600
0.373,4,May 30 2023 20: +0,1685473200
0.371,4,May 30 2023 21: +0,1685476800
0.34,2,May 30 2023 22: +0,1685480400
0.362,1,May 30 2023 23: +0,1685484000
0.348,1,May 31 2023 00: +0,1685487600
0.348,2,May 31 2023 03: +0,1685498400
0.332,1,May 31 2023 06: +0,1685509200
0.381,1,May 31 2023 07: +0,1685512800
0.348,1,May 31 2023 08: +0,1685516400
0.383,1,May 31 2023 09: +0,1685520000
0.328,2,May 31 2023 10: +0,1685523600
0.361,4,May 31 2023 11: +0,1685527200
0.36,2,May 31 2023 12: +0,1685530800
0.352,4,May 31 2023 13: +0,1685534400
0.348,2,May 31 2023 14: +0,1685538000
0.34,4,May 31 2023 15: +0,1685541600
0.383,6,May 31 2023 16: +0,1685545200
0.382,2,May 31 2023 17: +0,1685548800
0.34,1,May 31 2023 18: +0,1685552400
0.287,3,May 31 2023 19: +0,1685556000
0.348,5,May 31 2023 20: +0,1685559600
0.348,6,May 31 2023 21: +0,1685563200
0.354,1,May 31 2023 22: +0,1685566800
0.3,2,May 31 2023 23: +0,1685570400
0.372,1,Jun 01 2023 00: +0,1685574000
0.332,2,Jun 01 2023 01: +0,1685577600
0.362,1,Jun 01 2023 02: +0,1685581200
0.664,2,Jun 01 2023 03: +0,1685584800
0.361,1,Jun 01 2023 04: +0,1685588400
0.362,3,Jun 01 2023 07: +0,1685599200
0.322,2,Jun 01 2023 08: +0,1685602800
0.363,1,Jun 01 2023 09: +0,1685606400
0.327,5,Jun 01 2023 12: +0,1685617200
0.348,2,Jun 01 2023 13: +0,1685620800
0.358,2,Jun 01 2023 14: +0,1685624400
0.344,3,Jun 01 2023 16: +0,1685631600
0.36,1,Jun 01 2023 17: +0,1685635200
0.347,3,Jun 01 2023 18: +0,1685638800
0.414,1,Jun 01 2023 19: +0,1685642400
0.354,5,Jun 01 2023 21: +0,1685649600
0.346,4,Jun 01 2023 22: +0,1685653200
0.331,2,Jun 01 2023 23: +0,1685656800
0.375,4,Jun 02 2023 02: +0,1685667600
0.345,1,Jun 02 2023 03: +0,1685671200
0.328,2,Jun 02 2023 05: +0,1685678400
0.347,1,Jun 02 2023 06: +0,1685682000
0.327,1,Jun 02 2023 07: +0,1685685600
0.375,1,Jun 02 2023 09: +0,1685692800
0.311,1,Jun 02 2023 10: +0,1685696400
0.334,1,Jun 02 2023 11: +0,1685700000
0.319,3,Jun 02 2023 12: +0,1685703600
0.327,1,Jun 02 2023 13: +0,1685707200
0.311,1,Jun 02 2023 14: +0,1685710800
0.327,1,Jun 02 2023 15: +0,1685714400
0.337,2,Jun 02 2023 16: +0,1685718000
0.35,9,Jun 02 2023 17: +0,1685721600
0.334,1,Jun 02 2023 18: +0,1685725200
0.327,5,Jun 02 2023 20: +0,1685732400
0.38,1,Jun 02 2023 22: +0,1685739600
0.37,1,Jun 02 2023 23: +0,1685743200
0.363,2,Jun 03 2023 00: +0,1685746800
0.415,1,Jun 03 2023 03: +0,1685757600
0.379,2,Jun 03 2023 04: +0,1685761200
0.375,1,Jun 03 2023 06: +0,1685768400
0.364,2,Jun 03 2023 07: +0,1685772000
0.361,1,Jun 03 2023 08: +0,1685775600
0.331,2,Jun 03 2023 10: +0,1685782800
0.331,2,Jun 03 2023 12: +0,1685790000
0.36,3,Jun 03 2023 13: +0,1685793600
0.391,1,Jun 03 2023 14: +0,1685797200
0.327,1,Jun 03 2023 15: +0,1685800800
0.327,3,Jun 03 2023 16: +0,1685804400
0.338,2,Jun 03 2023 17: +0,1685808000
0.375,1,Jun 03 2023 18: +0,1685811600
0.343,1,Jun 03 2023 19: +0,1685815200
0.368,3,Jun 03 2023 20: +0,1685818800
0.376,5,Jun 03 2023 21: +0,1685822400
0.337,2,Jun 03 2023 22: +0,1685826000
0.376,1,Jun 03 2023 23: +0,1685829600
0.296,1,Jun 04 2023 01: +0,1685836800
0.376,1,Jun 04 2023 02: +0,1685840400
0.32,1,Jun 04 2023 03: +0,1685844000
0.328,1,Jun 04 2023 04: +0,1685847600
0.33,2,Jun 04 2023 06: +0,1685854800
0.328,2,Jun 04 2023 07: +0,1685858400
0.328,5,Jun 04 2023 08: +0,1685862000
0.342,2,Jun 04 2023 09: +0,1685865600
0.347,2,Jun 04 2023 11: +0,1685872800
0.348,2,Jun 04 2023 12: +0,1685876400
0.341,3,Jun 04 2023 14: +0,1685883600
0.352,2,Jun 04 2023 15: +0,1685887200
0.324,2,Jun 04 2023 16: +0,1685890800
0.33,4,Jun 04 2023 17: +0,1685894400
0.304,2,Jun 04 2023 18: +0,1685898000
0.359,1,Jun 04 2023 20: +0,1685905200
0.359,1,Jun 04 2023 21: +0,1685908800
0.356,1,Jun 04 2023 23: +0,1685916000
0.34,4,Jun 05 2023 02: +0,1685926800
0.328,1,Jun 05 2023 06: +0,1685941200
0.34,1,Jun 05 2023 07: +0,1685944800
0.336,3,Jun 05 2023 08: +0,1685948400
0.37,1,Jun 05 2023 09: +0,1685952000
0.319,2,Jun 05 2023 11: +0,1685959200
0.332,2,Jun 05 2023 12: +0,1685962800
0.336,2,Jun 05 2023 14: +0,1685970000
0.328,1,Jun 05 2023 15: +0,1685973600
0.341,3,Jun 05 2023 16: +0,1685977200
0.348,1,Jun 05 2023 17: +0,1685980800
0.324,2,Jun 05 2023 18: +0,1685984400
0.321,2,Jun 05 2023 19: +0,1685988000
0.32,4,Jun 05 2023 20: +0,1685991600
0.356,1,Jun 05 2023 21: +0,1685995200
0.342,1,Jun 05 2023 22: +0,1685998800
0.328,1,Jun 05 2023 23: +0,1686002400
0.331,2,Jun 06 2023 00: +0,1686006000
0.344,1,Jun 06 2023 01: +0,1686009600
0.32,2,Jun 06 2023 04: +0,1686020400
0.343,2,Jun 06 2023 05: +0,1686024000
0.328,1,Jun 06 2023 06: +0,1686027600
0.325,1,Jun 06 2023 08: +0,1686034800
0.325,1,Jun 06 2023 09: +0,1686038400
0.333,2,Jun 06 2023 11: +0,1686045600
0.329,2,Jun 06 2023 12: +0,1686049200
0.345,2,Jun 06 2023 13: +0,1686052800
0.306,3,Jun 06 2023 14: +0,1686056400
0.333,4,Jun 06 2023 15: +0,1686060000
0.285,2,Jun 06 2023 16: +0,1686063600
0.333,3,Jun 06 2023 17: +0,1686067200
0.279,2,Jun 06 2023 18: +0,1686070800
0.333,3,Jun 06 2023 19: +0,1686074400
0.349,2,Jun 06 2023 20: +0,1686078000
0.344,1,Jun 06 2023 22: +0,1686085200
0.288,5,Jun 06 2023 23: +0,1686088800
0.287,3,Jun 07 2023 00: +0,1686092400
0.344,1,Jun 07 2023 04: +0,1686106800
0.352,1,Jun 07 2023 05: +0,1686110400
0.37,2,Jun 07 2023 06: +0,1686114000
0.341,3,Jun 07 2023 09: +0,1686124800
0.29,2,Jun 07 2023 11: +0,1686132000
0.324,6,Jun 07 2023 13: +0,1686139200
0.323,5,Jun 07 2023 14: +0,1686142800
0.35,1,Jun 07 2023 15: +0,1686146400
0.339,6,Jun 07 2023 16: +0,1686150000
0.358,1,Jun 07 2023 17: +0,1686153600
0.324,1,Jun 07 2023 18: +0,1686157200
0.342,3,Jun 07 2023 19: +0,1686160800
0.339,2,Jun 07 2023 20: +0,1686164400
0.351,3,Jun 07 2023 21: +0,1686168000
0.327,1,Jun 07 2023 23: +0,1686175200
0.328,1,Jun 08 2023 01: +0,1686182400
0.322,1,Jun 08 2023 04: +0,1686193200
0.345,1,Jun 08 2023 05: +0,1686196800
0.295,41,Jun 08 2023 07: +0,1686204000
0.349,1,Jun 08 2023 08: +0,1686207600
0.335,1,Jun 08 2023 09: +0,1686211200
0.336,3,Jun 08 2023 10: +0,1686214800
0.342,3,Jun 08 2023 11: +0,1686218400
0.303,2,Jun 08 2023 12: +0,1686222000
0.329,1,Jun 08 2023 13: +0,1686225600
0.349,3,Jun 08 2023 14: +0,1686229200
0.321,5,Jun 08 2023 16: +0,1686236400
0.343,2,Jun 08 2023 17: +0,1686240000
0.33,2,Jun 08 2023 18: +0,1686243600
0.322,3,Jun 08 2023 20: +0,1686250800
0.377,1,Jun 08 2023 21: +0,1686254400
0.336,1,Jun 08 2023 22: +0,1686258000
0.336,3,Jun 08 2023 23: +0,1686261600
0.39,2,Jun 09 2023 00: +0,1686265200
0.336,1,Jun 09 2023 01: +0,1686268800
0.343,4,Jun 09 2023 02: +0,1686272400
0.288,3,Jun 09 2023 03: +0,1686276000
0.29,1,Jun 09 2023 04: +0,1686279600
0.336,1,Jun 09 2023 05: +0,1686283200
0.32,3,Jun 09 2023 06: +0,1686286800
0.431,1,Jun 09 2023 07: +0,1686290400
0.435,2,Jun 09 2023 08: +0,1686294000
0.324,2,Jun 09 2023 10: +0,1686301200
0.336,1,Jun 09 2023 11: +0,1686304800
0.34,1,Jun 09 2023 13: +0,1686312000
0.308,2,Jun 09 2023 15: +0,1686319200
0.32,2,Jun 09 2023 16: +0,1686322800
0.305,2,Jun 09 2023 17: +0,1686326400
0.324,2,Jun 09 2023 18: +0,1686330000
0.32,4,Jun 09 2023 19: +0,1686333600
0.32,1,Jun 09 2023 20: +0,1686337200
0.31,3,Jun 09 2023 21: +0,1686340800
0.318,4,Jun 09 2023 22: +0,1686344400
0.284,1,Jun 10 2023 01: +0,1686355200
0.286,1,Jun 10 2023 02: +0,1686358800
0.531,1,Jun 10 2023 03: +0,1686362400
0.338,1,Jun 10 2023 04: +0,1686366000
0.326,3,Jun 10 2023 06: +0,1686373200
0.343,2,Jun 10 2023 07: +0,1686376800
0.353,1,Jun 10 2023 09: +0,1686384000
0.336,6,Jun 10 2023 11: +0,1686391200
0.311,2,Jun 10 2023 12: +0,1686394800
0.331,1,Jun 10 2023 13: +0,1686398400
0.34,1,Jun 10 2023 14: +0,1686402000
0.337,2,Jun 10 2023 16: +0,1686409200
0.316,2,Jun 10 2023 17: +0,1686412800
0.308,1,Jun 10 2023 18: +0,1686416400
0.319,2,Jun 10 2023 19: +0,1686420000
0.327,2,Jun 10 2023 23: +0,1686434400
0.331,1,Jun 11 2023 00: +0,1686438000
0.3,2,Jun 11 2023 02: +0,1686445200
0.323,1,Jun 11 2023 05: +0,1686456000
0.325,2,Jun 11 2023 06: +0,1686459600
0.316,1,Jun 11 2023 07: +0,1686463200
0.331,3,Jun 11 2023 09: +0,1686470400
0.323,4,Jun 11 2023 10: +0,1686474000
0.308,1,Jun 11 2023 11: +0,1686477600
0.331,3,Jun 11 2023 12: +0,1686481200
0.339,1,Jun 11 2023 13: +0,1686484800
0.329,2,Jun 11 2023 14: +0,1686488400
0.332,5,Jun 11 2023 15: +0,1686492000
0.342,2,Jun 11 2023 16: +0,1686495600
0.333,4,Jun 11 2023 19: +0,1686506400
0.331,1,Jun 11 2023 21: +0,1686513600
0.308,4,Jun 11 2023 22: +0,1686517200
0.331,1,Jun 11 2023 23: +0,1686520800
0.308,2,Jun 12 2023 00: +0,1686524400
0.331,5,Jun 12 2023 01: +0,1686528000
0.418,1,Jun 12 2023 02: +0,1686531600
0.369,2,Jun 12 2023 05: +0,1686542400
0.344,1,Jun 12 2023 06: +0,1686546000
0.331,2,Jun 12 2023 07: +0,1686549600
0.343,5,Jun 12 2023 08: +0,1686553200
0.343,2,Jun 12 2023 10: +0,1686560400
0.302,2,Jun 12 2023 11: +0,1686564000
0.335,1,Jun 12 2023 12: +0,1686567600
0.338,2,Jun 12 2023 13: +0,1686571200
0.333,2,Jun 12 2023 14: +0,1686574800
0.332,3,Jun 12 2023 15: +0,1686578400
0.329,2,Jun 12 2023 16: +0,1686582000
0.311,2,Jun 12 2023 17: +0,1686585600
0.331,1,Jun 12 2023 18: +0,1686589200
0.266,2,Jun 12 2023 19: +0,1686592800
0.264,1,Jun 12 2023 20: +0,1686596400
0.3,1,Jun 12 2023 21: +0,1686600000
0.3,4,Jun 12 2023 22: +0,1686603600
0.292,5,Jun 13 2023 00: +0,1686610800
0.281,1,Jun 13 2023 02: +0,1686618000
0.237,1,Jun 13 2023 04: +0,1686625200
0.313,1,Jun 13 2023 05: +0,1686628800
0.308,7,Jun 13 2023 06: +0,1686632400
0.341,3,Jun 13 2023 08: +0,1686639600
0.319,4,Jun 13 2023 09: +0,1686643200
0.325,1,Jun 13 2023 11: +0,1686650400
0.344,7,Jun 13 2023 12: +0,1686654000
0.306,2,Jun 13 2023 14: +0,1686661200
0.315,4,Jun 13 2023 15: +0,1686664800
0.311,2,Jun 13 2023 16: +0,1686668400
0.325,2,Jun 13 2023 17: +0,1686672000
0.317,5,Jun 13 2023 18: +0,1686675600
0.322,5,Jun 13 2023 19: +0,1686679200
0.274,2,Jun 13 2023 20: +0,1686682800
0.255,1,Jun 13 2023 21: +0,1686686400
0.332,1,Jun 13 2023 22: +0,1686690000
0.337,4,Jun 13 2023 23: +0,1686693600
0.31,1,Jun 14 2023 00: +0,1686697200
0.253,3,Jun 14 2023 02: +0,1686704400
0.341,1,Jun 14 2023 04: +0,1686711600
0.272,1,Jun 14 2023 08: +0,1686726000
0.324,2,Jun 14 2023 10: +0,1686733200
0.333,1,Jun 14 2023 11: +0,1686736800
0.319,2,Jun 14 2023 12: +0,1686740400
0.221,1,Jun 14 2023 13: +0,1686744000
0.339,3,Jun 14 2023 14: +0,1686747600
0.329,3,Jun 14 2023 17: +0,1686758400
0.284,2,Jun 14 2023 19: +0,1686765600
0.319,3,Jun 14 2023 20: +0,1686769200
0.329,6,Jun 14 2023 21: +0,1686772800
0.313,2,Jun 14 2023 22: +0,1686776400
0.379,2,Jun 14 2023 23: +0,1686780000
0.338,1,Jun 15 2023 01: +0,1686787200
0.322,2,Jun 15 2023 02: +0,1686790800
0.317,2,Jun 15 2023 03: +0,1686794400
0.316,1,Jun 15 2023 04: +0,1686798000
0.337,1,Jun 15 2023 05: +0,1686801600
0.327,3,Jun 15 2023 09: +0,1686816000
0.301,2,Jun 15 2023 10: +0,1686819600
0.333,3,Jun 15 2023 11: +0,1686823200
0.301,3,Jun 15 2023 12: +0,1686826800
0.345,2,Jun 15 2023 13: +0,1686830400
0.321,2,Jun 15 2023 14: +0,1686834000
0.322,2,Jun 15 2023 16: +0,1686841200
0.318,4,Jun 15 2023 17: +0,1686844800
0.283,4,Jun 15 2023 18: +0,1686848400
0.324,3,Jun 15 2023 19: +0,1686852000
0.335,5,Jun 15 2023 20: +0,1686855600
0.337,1,Jun 15 2023 21: +0,1686859200
0.332,2,Jun 15 2023 22: +0,1686862800
0.242,1,Jun 15 2023 23: +0,1686866400
0.324,1,Jun 16 2023 01: +0,1686873600
0.328,1,Jun 16 2023 02: +0,1686877200
0.328,1,Jun 16 2023 03: +0,1686880800
0.317,2,Jun 16 2023 05: +0,1686888000
0.334,1,Jun 16 2023 06: +0,1686891600
0.327,3,Jun 16 2023 09: +0,1686902400
0.317,3,Jun 16 2023 10: +0,1686906000
0.333,3,Jun 16 2023 11: +0,1686909600
0.324,4,Jun 16 2023 12: +0,1686913200
0.328,1,Jun 16 2023 13: +0,1686916800
0.296,4,Jun 16 2023 14: +0,1686920400
0.509,1,Jun 16 2023 15: +0,1686924000
0.326,2,Jun 16 2023 16: +0,1686927600
0.329,4,Jun 16 2023 17: +0,1686931200
0.322,3,Jun 16 2023 18: +0,1686934800
0.329,2,Jun 16 2023 19: +0,1686938400
0.296,3,Jun 16 2023 20: +0,1686942000
0.326,3,Jun 16 2023 21: +0,1686945600
0.271,2,Jun 16 2023 22: +0,1686949200
0.293,2,Jun 16 2023 23: +0,1686952800
0.337,1,Jun 17 2023 00: +0,1686956400
0.333,1,Jun 17 2023 01: +0,1686960000
0.333,1,Jun 17 2023 03: +0,1686967200
0.269,1,Jun 17 2023 04: +0,1686970800
0.296,1,Jun 17 2023 08: +0,1686985200
0.321,2,Jun 17 2023 09: +0,1686988800
0.33,1,Jun 17 2023 10: +0,1686992400
0.285,3,Jun 17 2023 11: +0,1686996000
0.337,3,Jun 17 2023 12: +0,1686999600
0.333,2,Jun 17 2023 13: +0,1687003200
0.333,1,Jun 17 2023 14: +0,1687006800
0.332,4,Jun 17 2023 15: +0,1687010400
0.332,5,Jun 17 2023 16: +0,1687014000
0.339,1,Jun 17 2023 17: +0,1687017600
0.329,2,Jun 17 2023 18: +0,1687021200
0.333,1,Jun 17 2023 19: +0,1687024800
0.362,2,Jun 17 2023 20: +0,1687028400
0.332,3,Jun 17 2023 21: +0,1687032000
0.333,3,Jun 17 2023 22: +0,1687035600
0.29,2,Jun 17 2023 23: +0,1687039200
0.278,1,Jun 18 2023 00: +0,1687042800
0.337,2,Jun 18 2023 02: +0,1687050000
0.333,1,Jun 18 2023 03: +0,1687053600
0.332,3,Jun 18 2023 05: +0,1687060800
0.339,3,Jun 18 2023 08: +0,1687071600
0.328,1,Jun 18 2023 09: +0,1687075200
0.317,1,Jun 18 2023 10: +0,1687078800
0.218,1,Jun 18 2023 11: +0,1687082400
0.32,1,Jun 18 2023 12: +0,1687086000
0.283,2,Jun 18 2023 13: +0,1687089600
0.414,3,Jun 18 2023 14: +0,1687093200
0.337,3,Jun 18 2023 15: +0,1687096800
0.316,3,Jun 18 2023 16: +0,1687100400
0.333,3,Jun 18 2023 17: +0,1687104000
0.305,4,Jun 18 2023 18: +0,1687107600
0.328,3,Jun 18 2023 19: +0,1687111200
0.333,1,Jun 18 2023 20: +0,1687114800
0.268,1,Jun 18 2023 23: +0,1687125600
0.34,1,Jun 19 2023 00: +0,1687129200
0.296,1,Jun 19 2023 03: +0,1687140000
0.316,3,Jun 19 2023 04: +0,1687143600
0.329,3,Jun 19 2023 09: +0,1687161600
0.315,1,Jun 19 2023 10: +0,1687165200
0.316,1,Jun 19 2023 11: +0,1687168800
0.269,1,Jun 19 2023 12: +0,1687172400
0.316,1,Jun 19 2023 13: +0,1687176000
0.25,3,Jun 19 2023 14: +0,1687179600
0.324,3,Jun 19 2023 15: +0,1687183200
0.328,3,Jun 19 2023 16: +0,1687186800
0.252,2,Jun 19 2023 17: +0,1687190400
0.278,1,Jun 19 2023 18: +0,1687194000
0.333,1,Jun 19 2023 19: +0,1687197600
0.318,5,Jun 19 2023 20: +0,1687201200
0.309,2,Jun 19 2023 21: +0,1687204800
0.333,2,Jun 19 2023 22: +0,1687208400
0.421,1,Jun 19 2023 23: +0,1687212000
0.299,2,Jun 20 2023 01: +0,1687219200
0.318,1,Jun 20 2023 03: +0,1687226400
0.345,1,Jun 20 2023 04: +0,1687230000
0.281,2,Jun 20 2023 05: +0,1687233600
0.315,2,Jun 20 2023 07: +0,1687240800
0.312,2,Jun 20 2023 08: +0,1687244400
0.299,1,Jun 20 2023 10: +0,1687251600
0.317,2,Jun 20 2023 11: +0,1687255200
0.329,4,Jun 20 2023 12: +0,1687258800
0.327,2,Jun 20 2023 13: +0,1687262400
0.335,4,Jun 20 2023 14: +0,1687266000
0.272,2,Jun 20 2023 15: +0,1687269600
0.336,3,Jun 20 2023 16: +0,1687273200
0.299,2,Jun 20 2023 17: +0,1687276800
0.289,4,Jun 20 2023 19: +0,1687284000
0.327,1,Jun 20 2023 20: +0,1687287600
0.326,3,Jun 20 2023 21: +0,1687291200
0.323,1,Jun 21 2023 00: +0,1687302000
0.33,1,Jun 21 2023 01: +0,1687305600
0.325,1,Jun 21 2023 02: +0,1687309200
3.946,2,Jun 21 2023 03: +0,1687312800
0.343,1,Jun 21 2023 05: +0,1687320000
0.335,1,Jun 21 2023 08: +0,1687330800
0.343,1,Jun 21 2023 09: +0,1687334400
0.325,3,Jun 21 2023 11: +0,1687341600
0.343,1,Jun 21 2023 12: +0,1687345200
0.315,3,Jun 21 2023 13: +0,1687348800
0.362,1,Jun 21 2023 14: +0,1687352400
0.338,4,Jun 21 2023 16: +0,1687359600
0.341,3,Jun 21 2023 17: +0,1687363200
0.341,3,Jun 21 2023 18: +0,1687366800
0.341,5,Jun 21 2023 19: +0,1687370400
0.341,4,Jun 21 2023 20: +0,1687374000
0.327,3,Jun 21 2023 21: +0,1687377600
0.341,4,Jun 21 2023 22: +0,1687381200
0.345,1,Jun 21 2023 23: +0,1687384800
0.335,1,Jun 22 2023 04: +0,1687402800
0.3,2,Jun 22 2023 06: +0,1687410000
0.336,2,Jun 22 2023 08: +0,1687417200
0.347,1,Jun 22 2023 09: +0,1687420800
0.329,3,Jun 22 2023 10: +0,1687424400
0.328,1,Jun 22 2023 11: +0,1687428000
0.323,1,Jun 22 2023 12: +0,1687431600
0.343,1,Jun 22 2023 13: +0,1687435200
0.353,3,Jun 22 2023 14: +0,1687438800
0.331,3,Jun 22 2023 15: +0,1687442400
0.294,2,Jun 22 2023 17: +0,1687449600
0.33,2,Jun 22 2023 18: +0,1687453200
0.334,2,Jun 22 2023 19: +0,1687456800
0.291,1,Jun 22 2023 21: +0,1687464000
0.334,3,Jun 22 2023 22: +0,1687467600
0.327,2,Jun 22 2023 23: +0,1687471200
0.336,3,Jun 23 2023 03: +0,1687485600
0.324,1,Jun 23 2023 06: +0,1687496400
0.324,3,Jun 23 2023 08: +0,1687503600
0.298,1,Jun 23 2023 09: +0,1687507200
0.291,1,Jun 23 2023 10: +0,1687510800
0.301,4,Jun 23 2023 11: +0,1687514400
0.351,6,Jun 23 2023 12: +0,1687518000
0.291,1,Jun 23 2023 13: +0,1687521600
0.295,2,Jun 23 2023 14: +0,1687525200
0.28,3,Jun 23 2023 15: +0,1687528800
0.293,9,Jun 23 2023 16: +0,1687532400
0.286,2,Jun 23 2023 17: +0,1687536000
0.286,6,Jun 23 2023 18: +0,1687539600
0.31,2,Jun 23 2023 19: +0,1687543200
0.277,4,Jun 23 2023 20: +0,1687546800
0.299,7,Jun 23 2023 21: +0,1687550400
0.313,2,Jun 23 2023 23: +0,1687557600
0.272,1,Jun 24 2023 02: +0,1687568400
0.307,1,Jun 24 2023 04: +0,1687575600
0.22,1,Jun 24 2023 06: +0,1687582800
0.289,2,Jun 24 2023 07: +0,1687586400
0.315,5,Jun 24 2023 08: +0,1687590000
0.325,1,Jun 24 2023 09: +0,1687593600
0.307,2,Jun 24 2023 12: +0,1687604400
0.315,3,Jun 24 2023 13: +0,1687608000
0.306,6,Jun 24 2023 15: +0,1687615200
0.31,2,Jun 24 2023 16: +0,1687618800
0.322,1,Jun 24 2023 17: +0,1687622400
0.322,3,Jun 24 2023 18: +0,1687626000
0.315,1,Jun 24 2023 19: +0,1687629600
0.296,3,Jun 24 2023 20: +0,1687633200
0.291,3,Jun 24 2023 22: +0,1687640400
0.322,1,Jun 25 2023 01: +0,1687651200
0.32,1,Jun 25 2023 03: +0,1687658400
0.307,1,Jun 25 2023 07: +0,1687672800
0.307,1,Jun 25 2023 10: +0,1687683600
0.323,3,Jun 25 2023 13: +0,1687694400
0.323,1,Jun 25 2023 14: +0,1687698000
0.322,2,Jun 25 2023 15: +0,1687701600
0.291,1,Jun 25 2023 16: +0,1687705200
0.328,2,Jun 25 2023 17: +0,1687708800
0.299,2,Jun 25 2023 18: +0,1687712400
0.325,2,Jun 25 2023 19: +0,1687716000
0.344,5,Jun 25 2023 20: +0,1687719600
0.25,2,Jun 26 2023 00: +0,1687734000
0.315,2,Jun 26 2023 02: +0,1687741200
0.315,5,Jun 26 2023 03: +0,1687744800
0.315,1,Jun 26 2023 04: +0,1687748400
0.315,5,Jun 26 2023 05: +0,1687752000
0.329,1,Jun 26 2023 06: +0,1687755600
0.326,1,Jun 26 2023 07: +0,1687759200
0.231,1,Jun 26 2023 08: +0,1687762800
0.326,3,Jun 26 2023 10: +0,1687770000
0.311,2,Jun 26 2023 11: +0,1687773600
0.322,5,Jun 26 2023 12: +0,1687777200
0.315,4,Jun 26 2023 13: +0,1687780800
0.326,2,Jun 26 2023 14: +0,1687784400
0.311,4,Jun 26 2023 15: +0,1687788000
0.326,1,Jun 26 2023 16: +0,1687791600
0.333,1,Jun 26 2023 17: +0,1687795200
0.299,3,Jun 26 2023 18: +0,1687798800
0.299,3,Jun 26 2023 19: +0,1687802400
0.326,2,Jun 26 2023 20: +0,1687806000
0.275,2,Jun 26 2023 22: +0,1687813200
0.438,1,Jun 26 2023 23: +0,1687816800
0.299,1,Jun 27 2023 00: +0,1687820400
0.283,1,Jun 27 2023 01: +0,1687824000
0.314,2,Jun 27 2023 02: +0,1687827600
0.255,2,Jun 27 2023 04: +0,1687834800
0.315,1,Jun 27 2023 05: +0,1687838400
0.266,1,Jun 27 2023 10: +0,1687856400
0.326,1,Jun 27 2023 11: +0,1687860000
0.277,1,Jun 27 2023 16: +0,1687878000
0.297,3,Jun 27 2023 17: +0,1687881600
0.286,3,Jun 27 2023 18: +0,1687885200
0.294,1,Jun 27 2023 19: +0,1687888800
0.303,1,Jun 27 2023 20: +0,1687892400
0.442,2,Jun 27 2023 21: +0,1687896000
0.295,1,Jun 27 2023 23: +0,1687903200
0.331,1,Jun 28 2023 00: +0,1687906800
0.27,1,Jun 28 2023 01: +0,1687910400
0.295,1,Jun 28 2023 05: +0,1687924800
0.301,2,Jun 28 2023 06: +0,1687928400
0.456,2,Jun 28 2023 09: +0,1687939200
0.27,5,Jun 28 2023 10: +0,1687942800
0.273,2,Jun 28 2023 11: +0,1687946400
0.267,3,Jun 28 2023 12: +0,1687950000
0.31,1,Jun 28 2023 13: +0,1687953600
0.314,1,Jun 28 2023 15: +0,1687960800
0.286,1,Jun 28 2023 17: +0,1687968000
0.302,3,Jun 28 2023 19: +0,1687975200
0.295,2,Jun 28 2023 20: +0,1687978800
0.304,1,Jun 28 2023 21: +0,1687982400
0.274,4,Jun 28 2023 22: +0,1687986000
0.278,5,Jun 28 2023 23: +0,1687989600
0.31,1,Jun 29 2023 01: +0,1687996800
0.286,1,Jun 29 2023 02: +0,1688000400
0.298,2,Jun 29 2023 03: +0,1688004000
0.302,5,Jun 29 2023 05: +0,1688011200
0.294,1,Jun 29 2023 06: +0,1688014800
0.31,1,Jun 29 2023 07: +0,1688018400
0.302,1,Jun 29 2023 11: +0,1688032800
0.294,3,Jun 29 2023 12: +0,1688036400
0.267,1,Jun 29 2023 13: +0,1688040000
0.311,4,Jun 29 2023 14: +0,1688043600
0.33,1,Jun 29 2023 15: +0,1688047200
0.294,3,Jun 29 2023 16: +0,1688050800
0.29,4,Jun 29 2023 17: +0,1688054400
0.325,2,Jun 29 2023 18: +0,1688058000
0.278,5,Jun 29 2023 19: +0,1688061600
0.278,3,Jun 29 2023 20: +0,1688065200
0.218,2,Jun 29 2023 21: +0,1688068800
0.328,3,Jun 29 2023 22: +0,1688072400
0.288,2,Jun 29 2023 23: +0,1688076000
0.302,3,Jun 30 2023 02: +0,1688086800
0.302,3,Jun 30 2023 05: +0,1688097600
0.278,2,Jun 30 2023 06: +0,1688101200
0.294,1,Jun 30 2023 10: +0,1688115600
0.283,1,Jun 30 2023 11: +0,1688119200
0.281,3,Jun 30 2023 12: +0,1688122800
0.284,3,Jun 30 2023 14: +0,1688130000
0.3,1,Jun 30 2023 15: +0,1688133600
0.273,2,Jun 30 2023 16: +0,1688137200
0.331,1,Jun 30 2023 18: +0,1688144400
0.3,3,Jun 30 2023 20: +0,1688151600
0.284,5,Jun 30 2023 21: +0,1688155200
0.299,1,Jun 30 2023 23: +0,1688162400
0.291,1,Jul 01 2023 00: +0,1688166000
0.307,1,Jul 01 2023 06: +0,1688187600
0.425,3,Jul 01 2023 09: +0,1688198400
0.264,1,Jul 01 2023 10: +0,1688202000
0.287,1,Jul 01 2023 12: +0,1688209200
0.279,3,Jul 01 2023 13: +0,1688212800
0.264,1,Jul 01 2023 14: +0,1688216400
0.275,6,Jul 01 2023 15: +0,1688220000
0.279,3,Jul 01 2023 16: +0,1688223600
0.253,1,Jul 01 2023 18: +0,1688230800
0.275,2,Jul 01 2023 19: +0,1688234400
0.271,3,Jul 01 2023 21: +0,1688241600
0.28,3,Jul 02 2023 00: +0,1688252400
0.267,1,Jul 02 2023 01: +0,1688256000
0.28,2,Jul 02 2023 03: +0,1688263200
0.271,1,Jul 02 2023 04: +0,1688266800
0.292,1,Jul 02 2023 05: +0,1688270400
0.268,7,Jul 02 2023 06: +0,1688274000
0.279,1,Jul 02 2023 08: +0,1688281200
0.279,4,Jul 02 2023 09: +0,1688284800
0.275,1,Jul 02 2023 10: +0,1688288400
0.28,1,Jul 02 2023 11: +0,1688292000
0.268,3,Jul 02 2023 12: +0,1688295600
0.268,1,Jul 02 2023 13: +0,1688299200
0.267,2,Jul 02 2023 14: +0,1688302800
0.272,1,Jul 02 2023 15: +0,1688306400
0.268,4,Jul 02 2023 16: +0,1688310000
0.263,4,Jul 02 2023 17: +0,1688313600
0.268,5,Jul 02 2023 18: +0,1688317200
0.281,4,Jul 02 2023 19: +0,1688320800
0.251,4,Jul 02 2023 20: +0,1688324400
0.268,3,Jul 02 2023 21: +0,1688328000
0.225,2,Jul 02 2023 22: +0,1688331600
0.267,2,Jul 02 2023 23: +0,1688335200
0.261,2,Jul 03 2023 00: +0,1688338800
0.238,1,Jul 03 2023 01: +0,1688342400
0.276,2,Jul 03 2023 02: +0,1688346000
0.285,2,Jul 03 2023 03: +0,1688349600
0.245,1,Jul 03 2023 06: +0,1688360400
0.256,1,Jul 03 2023 08: +0,1688367600
0.268,1,Jul 03 2023 10: +0,1688374800
0.277,1,Jul 03 2023 15: +0,1688392800
0.268,1,Jul 03 2023 16: +0,1688396400
0.264,2,Jul 03 2023 17: +0,1688400000
0.275,4,Jul 03 2023 19: +0,1688407200
0.268,1,Jul 03 2023 20: +0,1688410800
0.268,3,Jul 03 2023 22: +0,1688418000
0.307,1,Jul 03 2023 23: +0,1688421600
0.309,39,Jul 04 2023 01: +0,1688428800
0.317,1,Jul 04 2023 02: +0,1688432400
0.268,1,Jul 04 2023 05: +0,1688443200
0.268,1,Jul 04 2023 06: +0,1688446800
0.268,2,Jul 04 2023 07: +0,1688450400
0.318,1,Jul 04 2023 11: +0,1688464800
0.281,2,Jul 04 2023 13: +0,1688472000
0.282,2,Jul 04 2023 14: +0,1688475600
0.277,2,Jul 04 2023 15: +0,1688479200
0.307,1,Jul 04 2023 16: +0,1688482800
0.274,1,Jul 04 2023 17: +0,1688486400
0.275,1,Jul 04 2023 19: +0,1688493600
0.22,1,Jul 04 2023 20: +0,1688497200
0.267,1,Jul 04 2023 21: +0,1688500800
0.267,1,Jul 04 2023 23: +0,1688508000
0.291,2,Jul 05 2023 03: +0,1688522400
0.316,1,Jul 05 2023 06: +0,1688533200
0.267,1,Jul 05 2023 08: +0,1688540400
0.216,2,Jul 05 2023 10: +0,1688547600
0.264,2,Jul 05 2023 11: +0,1688551200
0.267,1,Jul 05 2023 13: +0,1688558400
0.263,2,Jul 05 2023 14: +0,1688562000
0.267,3,Jul 05 2023 15: +0,1688565600
0.267,1,Jul 05 2023 16: +0,1688569200
0.317,1,Jul 05 2023 18: +0,1688576400
0.256,1,Jul 05 2023 19: +0,1688580000
0.292,2,Jul 05 2023 21: +0,1688587200
0.316,1,Jul 06 2023 00: +0,1688598000
0.267,1,Jul 06 2023 01: +0,1688601600
0.307,1,Jul 06 2023 02: +0,1688605200
0.267,12,Jul 06 2023 07: +0,1688623200
0.316,1,Jul 06 2023 09: +0,1688630400
0.251,2,Jul 06 2023 10: +0,1688634000
0.188,1,Jul 06 2023 11: +0,1688637600
0.213,2,Jul 06 2023 13: +0,1688644800
0.268,2,Jul 06 2023 14: +0,1688648400
0.267,1,Jul 06 2023 16: +0,1688655600
0.316,1,Jul 06 2023 17: +0,1688659200
0.271,2,Jul 06 2023 20: +0,1688670000
0.295,2,Jul 06 2023 21: +0,1688673600
0.228,2,Jul 06 2023 22: +0,1688677200
0.267,9,Jul 06 2023 23: +0,1688680800
0.339,1,Jul 07 2023 01: +0,1688688000
0.267,1,Jul 07 2023 02: +0,1688691600
0.267,3,Jul 07 2023 03: +0,1688695200
0.255,1,Jul 07 2023 07: +0,1688709600
0.244,1,Jul 07 2023 09: +0,1688716800
0.236,1,Jul 07 2023 10: +0,1688720400
0.267,1,Jul 07 2023 11: +0,1688724000
0.305,2,Jul 07 2023 12: +0,1688727600
0.266,1,Jul 07 2023 13: +0,1688731200
0.24,2,Jul 07 2023 14: +0,1688734800
0.266,3,Jul 07 2023 15: +0,1688738400
0.219,1,Jul 07 2023 16: +0,1688742000
0.266,1,Jul 07 2023 17: +0,1688745600
0.243,3,Jul 07 2023 18: +0,1688749200
0.266,1,Jul 07 2023 19: +0,1688752800
0.314,2,Jul 07 2023 20: +0,1688756400
0.243,1,Jul 07 2023 21: +0,1688760000
0.268,2,Jul 07 2023 22: +0,1688763600
0.266,4,Jul 08 2023 02: +0,1688778000
0.266,1,Jul 08 2023 03: +0,1688781600
0.266,1,Jul 08 2023 04: +0,1688785200
0.266,1,Jul 08 2023 05: +0,1688788800
0.266,1,Jul 08 2023 06: +0,1688792400
0.18,1,Jul 08 2023 07: +0,1688796000
0.27,1,Jul 08 2023 08: +0,1688799600
0.355,1,Jul 08 2023 10: +0,1688806800
0.266,3,Jul 08 2023 11: +0,1688810400
0.254,2,Jul 08 2023 12: +0,1688814000
0.266,1,Jul 08 2023 13: +0,1688817600
0.235,3,Jul 08 2023 14: +0,1688821200
0.266,3,Jul 08 2023 15: +0,1688824800
0.316,2,Jul 08 2023 17: +0,1688832000
0.272,2,Jul 08 2023 20: +0,1688842800
0.272,3,Jul 08 2023 21: +0,1688846400
0.266,1,Jul 09 2023 00: +0,1688857200
0.36,1,Jul 09 2023 01: +0,1688860800
0.312,2,Jul 09 2023 02: +0,1688864400
0.25,2,Jul 09 2023 05: +0,1688875200
0.266,1,Jul 09 2023 06: +0,1688878800
0.36,1,Jul 09 2023 07: +0,1688882400
0.266,1,Jul 09 2023 08: +0,1688886000
0.243,3,Jul 09 2023 09: +0,1688889600
0.266,1,Jul 09 2023 10: +0,1688893200
0.266,3,Jul 09 2023 11: +0,1688896800
0.25,1,Jul 09 2023 13: +0,1688904000
0.239,2,Jul 09 2023 14: +0,1688907600
0.243,2,Jul 09 2023 15: +0,1688911200
0.254,2,Jul 09 2023 17: +0,1688918400
0.266,1,Jul 09 2023 18: +0,1688922000
0.275,3,Jul 09 2023 19: +0,1688925600
0.355,1,Jul 09 2023 20: +0,1688929200
0.262,1,Jul 09 2023 21: +0,1688932800
0.262,1,Jul 10 2023 05: +0,1688961600
0.47,2,Jul 10 2023 08: +0,1688972400
0.271,5,Jul 10 2023 09: +0,1688976000
0.291,2,Jul 10 2023 11: +0,1688983200
0.25,4,Jul 10 2023 14: +0,1688994000
0.239,1,Jul 10 2023 17: +0,1689004800
0.239,5,Jul 10 2023 18: +0,1689008400
0.355,1,Jul 10 2023 19: +0,1689012000
0.368,2,Jul 10 2023 20: +0,1689015600
0.316,2,Jul 10 2023 21: +0,1689019200
0.246,1,Jul 10 2023 22: +0,1689022800
0.239,1,Jul 11 2023 00: +0,1689030000
0.239,1,Jul 11 2023 02: +0,1689037200
0.515,1,Jul 11 2023 03: +0,1689040800
0.25,4,Jul 11 2023 06: +0,1689051600
0.246,3,Jul 11 2023 07: +0,1689055200
0.262,1,Jul 11 2023 08: +0,1689058800
0.262,3,Jul 11 2023 10: +0,1689066000
0.273,10,Jul 11 2023 11: +0,1689069600
0.262,1,Jul 11 2023 12: +0,1689073200
0.298,1,Jul 11 2023 13: +0,1689076800
0.262,5,Jul 11 2023 15: +0,1689084000
0.185,1,Jul 11 2023 17: +0,1689091200
0.252,2,Jul 11 2023 18: +0,1689094800
0.226,3,Jul 11 2023 19: +0,1689098400
0.246,3,Jul 11 2023 20: +0,1689102000
0.268,4,Jul 11 2023 21: +0,1689105600
0.262,1,Jul 11 2023 22: +0,1689109200
0.246,2,Jul 11 2023 23: +0,1689112800
0.25,2,Jul 12 2023 00: +0,1689116400
0.309,1,Jul 12 2023 01: +0,1689120000
0.262,2,Jul 12 2023 02: +0,1689123600
0.239,1,Jul 12 2023 03: +0,1689127200
0.262,1,Jul 12 2023 06: +0,1689138000
0.253,2,Jul 12 2023 07: +0,1689141600
0.268,1,Jul 12 2023 08: +0,1689145200
0.286,2,Jul 12 2023 09: +0,1689148800
0.262,1,Jul 12 2023 10: +0,1689152400
0.268,2,Jul 12 2023 12: +0,1689159600
0.261,4,Jul 12 2023 13: +0,1689163200
0.283,4,Jul 12 2023 14: +0,1689166800
0.291,2,Jul 12 2023 15: +0,1689170400
0.262,7,Jul 12 2023 16: +0,1689174000
0.226,1,Jul 12 2023 18: +0,1689181200
0.253,3,Jul 12 2023 19: +0,1689184800
0.31,1,Jul 12 2023 20: +0,1689188400
0.237,1,Jul 12 2023 21: +0,1689192000
0.237,5,Jul 12 2023 22: +0,1689195600
0.239,2,Jul 12 2023 23: +0,1689199200
0.299,4,Jul 13 2023 00: +0,1689202800
0.247,1,Jul 13 2023 02: +0,1689210000
0.255,3,Jul 13 2023 04: +0,1689217200
0.29,3,Jul 13 2023 08: +0,1689231600
0.285,4,Jul 13 2023 09: +0,1689235200
0.29,1,Jul 13 2023 10: +0,1689238800
0.229,1,Jul 13 2023 11: +0,1689242400
0.244,2,Jul 13 2023 12: +0,1689246000
0.258,2,Jul 13 2023 13: +0,1689249600
0.264,2,Jul 13 2023 14: +0,1689253200
0.206,3,Jul 13 2023 15: +0,1689256800
0.237,4,Jul 13 2023 16: +0,1689260400
0.25,2,Jul 13 2023 17: +0,1689264000
0.254,2,Jul 13 2023 18: +0,1689267600
0.262,3,Jul 13 2023 19: +0,1689271200
0.261,4,Jul 13 2023 20: +0,1689274800
0.269,1,Jul 13 2023 21: +0,1689278400
0.254,1,Jul 13 2023 22: +0,1689282000
0.278,1,Jul 13 2023 23: +0,1689285600
0.26,2,Jul 14 2023 00: +0,1689289200
0.28,1,Jul 14 2023 01: +0,1689292800
0.273,1,Jul 14 2023 02: +0,1689296400
0.298,1,Jul 14 2023 03: +0,1689300000
0.299,12,Jul 14 2023 05: +0,1689307200
0.308,2,Jul 14 2023 06: +0,1689310800
0.248,2,Jul 14 2023 11: +0,1689328800
0.243,2,Jul 14 2023 12: +0,1689332400
0.28,1,Jul 14 2023 14: +0,1689339600
0.29,2,Jul 14 2023 15: +0,1689343200
0.255,1,Jul 14 2023 16: +0,1689346800
0.241,4,Jul 14 2023 17: +0,1689350400
0.244,3,Jul 14 2023 18: +0,1689354000
0.26,2,Jul 14 2023 20: +0,1689361200
0.289,2,Jul 14 2023 21: +0,1689364800
0.244,2,Jul 14 2023 22: +0,1689368400
0.24,2,Jul 14 2023 23: +0,1689372000
0.244,1,Jul 15 2023 01: +0,1689379200
0.234,3,Jul 15 2023 02: +0,1689382800
0.244,3,Jul 15 2023 04: +0,1689390000
0.221,2,Jul 15 2023 08: +0,1689404400
0.281,1,Jul 15 2023 09: +0,1689408000
0.114,1,Jul 15 2023 10: +0,1689411600
0.255,1,Jul 15 2023 14: +0,1689426000
0.281,1,Jul 15 2023 15: +0,1689429600
0.229,2,Jul 15 2023 16: +0,1689433200
0.276,1,Jul 15 2023 19: +0,1689444000
0.244,1,Jul 15 2023 22: +0,1689454800
0.218,2,Jul 15 2023 23: +0,1689458400
0.261,2,Jul 16 2023 00: +0,1689462000
0.176,1,Jul 16 2023 01: +0,1689465600
0.244,1,Jul 16 2023 05: +0,1689480000
0.259,2,Jul 16 2023 09: +0,1689494400
0.221,2,Jul 16 2023 10: +0,1689498000
0.262,3,Jul 16 2023 12: +0,1689505200
0.244,1,Jul 16 2023 13: +0,1689508800
0.26,3,Jul 16 2023 14: +0,1689512400
0.244,1,Jul 16 2023 15: +0,1689516000
0.221,2,Jul 16 2023 16: +0,1689519600
0.21,2,Jul 16 2023 18: +0,1689526800
0.261,1,Jul 16 2023 19: +0,1689530400
0.253,2,Jul 16 2023 20: +0,1689534000
0.274,7,Jul 16 2023 21: +0,1689537600
0.27,4,Jul 16 2023 22: +0,1689541200
0.191,1,Jul 17 2023 03: +0,1689559200
0.203,2,Jul 17 2023 05: +0,1689566400
0.183,3,Jul 17 2023 06: +0,1689570000
0.286,1,Jul 17 2023 07: +0,1689573600
0.252,10,Jul 17 2023 08: +0,1689577200
0.233,2,Jul 17 2023 10: +0,1689584400
0.257,5,Jul 17 2023 11: +0,1689588000
0.227,28,Jul 17 2023 13: +0,1689595200
0.256,1,Jul 17 2023 15: +0,1689602400
0.288,2,Jul 17 2023 16: +0,1689606000
0.288,2,Jul 17 2023 17: +0,1689609600
0.308,5,Jul 17 2023 22: +0,1689627600
0.291,1,Jul 17 2023 23: +0,1689631200
0.258,1,Jul 18 2023 01: +0,1689638400
0.26,2,Jul 18 2023 03: +0,1689645600
0.24,1,Jul 18 2023 04: +0,1689649200
0.24,1,Jul 18 2023 05: +0,1689652800
0.245,1,Jul 18 2023 10: +0,1689670800
0.243,1,Jul 18 2023 14: +0,1689685200
0.26,1,Jul 18 2023 15: +0,1689688800
0.278,1,Jul 18 2023 18: +0,1689699600
0.186,1,Jul 18 2023 22: +0,1689714000
0.214,4,Jul 19 2023 01: +0,1689724800
0.217,1,Jul 19 2023 04: +0,1689735600
0.276,1,Jul 19 2023 05: +0,1689739200
0.285,1,Jul 19 2023 06: +0,1689742800
0.243,1,Jul 19 2023 08: +0,1689750000
0.276,1,Jul 19 2023 10: +0,1689757200
0.278,2,Jul 19 2023 11: +0,1689760800
0.256,1,Jul 19 2023 12: +0,1689764400
0.281,1,Jul 19 2023 13: +0,1689768000
0.276,2,Jul 19 2023 14: +0,1689771600
0.512,2,Jul 19 2023 15: +0,1689775200
0.26,1,Jul 19 2023 16: +0,1689778800
0.27,3,Jul 19 2023 17: +0,1689782400
0.287,1,Jul 19 2023 19: +0,1689789600
0.28,1,Jul 19 2023 22: +0,1689800400
0.277,1,Jul 20 2023 00: +0,1689807600
0.249,2,Jul 20 2023 01: +0,1689811200
0.222,2,Jul 20 2023 04: +0,1689822000
0.244,1,Jul 20 2023 05: +0,1689825600
0.244,1,Jul 20 2023 06: +0,1689829200
0.218,1,Jul 20 2023 10: +0,1689843600
0.232,1,Jul 20 2023 11: +0,1689847200
0.244,3,Jul 20 2023 12: +0,1689850800
0.241,1,Jul 20 2023 13: +0,1689854400
0.272,1,Jul 20 2023 14: +0,1689858000
0.244,2,Jul 20 2023 15: +0,1689861600
0.241,1,Jul 20 2023 17: +0,1689868800
0.28,4,Jul 20 2023 18: +0,1689872400
0.27,1,Jul 20 2023 19: +0,1689876000
0.232,1,Jul 20 2023 20: +0,1689879600
0.148,1,Jul 20 2023 22: +0,1689886800
0.283,2,Jul 21 2023 01: +0,1689897600
0.243,4,Jul 21 2023 04: +0,1689908400
0.291,3,Jul 21 2023 07: +0,1689919200
0.286,7,Jul 21 2023 08: +0,1689922800
0.252,2,Jul 21 2023 12: +0,1689937200
0.296,1,Jul 21 2023 13: +0,1689940800
0.278,1,Jul 21 2023 16: +0,1689951600
0.249,2,Jul 21 2023 18: +0,1689958800
0.286,1,Jul 21 2023 20: +0,1689966000
0.249,1,Jul 21 2023 21: +0,1689969600
0.28,2,Jul 21 2023 22: +0,1689973200
0.242,3,Jul 21 2023 23: +0,1689976800
0.234,1,Jul 22 2023 00: +0,1689980400
0.218,1,Jul 22 2023 03: +0,1689991200
0.249,1,Jul 22 2023 06: +0,1690002000
0.254,1,Jul 22 2023 09: +0,1690012800
0.242,2,Jul 22 2023 11: +0,1690020000
0.276,1,Jul 22 2023 12: +0,1690023600
0.202,1,Jul 22 2023 15: +0,1690034400
0.254,2,Jul 22 2023 17: +0,1690041600
0.276,2,Jul 22 2023 18: +0,1690045200
0.28,1,Jul 22 2023 19: +0,1690048800
0.287,2,Jul 22 2023 22: +0,1690059600
0.263,2,Jul 23 2023 02: +0,1690074000
0.272,2,Jul 23 2023 06: +0,1690088400
0.263,1,Jul 23 2023 09: +0,1690099200
0.215,2,Jul 23 2023 11: +0,1690106400
0.259,3,Jul 23 2023 12: +0,1690110000
0.289,1,Jul 23 2023 13: +0,1690113600
0.211,1,Jul 23 2023 16: +0,1690124400
0.261,1,Jul 23 2023 17: +0,1690128000
0.248,1,Jul 23 2023 19: +0,1690135200
0.203,1,Jul 23 2023 20: +0,1690138800
0.243,1,Jul 23 2023 21: +0,1690142400
0.253,3,Jul 23 2023 22: +0,1690146000
0.262,1,Jul 24 2023 00: +0,1690153200
0.237,1,Jul 24 2023 03: +0,1690164000
0.267,1,Jul 24 2023 05: +0,1690171200
0.242,1,Jul 24 2023 06: +0,1690174800
0.287,1,Jul 24 2023 09: +0,1690185600
0.243,1,Jul 24 2023 11: +0,1690192800
0.281,1,Jul 24 2023 12: +0,1690196400
0.28,2,Jul 24 2023 13: +0,1690200000
0.24,3,Jul 24 2023 15: +0,1690207200
0.249,5,Jul 24 2023 16: +0,1690210800
0.228,2,Jul 24 2023 17: +0,1690214400
0.266,1,Jul 24 2023 19: +0,1690221600
0.234,4,Jul 24 2023 20: +0,1690225200
0.234,3,Jul 24 2023 21: +0,1690228800
0.247,3,Jul 24 2023 22: +0,1690232400
0.27,1,Jul 24 2023 23: +0,1690236000
0.255,2,Jul 25 2023 00: +0,1690239600
0.259,1,Jul 25 2023 02: +0,1690246800
0.274,1,Jul 25 2023 03: +0,1690250400
0.245,1,Jul 25 2023 04: +0,1690254000
0.245,1,Jul 25 2023 05: +0,1690257600
0.245,1,Jul 25 2023 06: +0,1690261200
0.237,2,Jul 25 2023 07: +0,1690264800
0.251,3,Jul 25 2023 08: +0,1690268400
0.258,1,Jul 25 2023 09: +0,1690272000
0.277,1,Jul 25 2023 10: +0,1690275600
0.281,3,Jul 25 2023 14: +0,1690290000
0.286,2,Jul 25 2023 16: +0,1690297200
0.241,1,Jul 25 2023 18: +0,1690304400
0.209,2,Jul 25 2023 19: +0,1690308000
0.22,2,Jul 25 2023 20: +0,1690311600
0.263,1,Jul 25 2023 21: +0,1690315200
0.23,1,Jul 25 2023 22: +0,1690318800
0.31,3,Jul 26 2023 00: +0,1690326000
0.25,3,Jul 26 2023 03: +0,1690336800
0.27,1,Jul 26 2023 05: +0,1690344000
0.246,2,Jul 26 2023 10: +0,1690362000
0.245,1,Jul 26 2023 11: +0,1690365600
0.237,2,Jul 26 2023 12: +0,1690369200
0.274,1,Jul 26 2023 13: +0,1690372800
0.245,2,Jul 26 2023 14: +0,1690376400
0.24,1,Jul 26 2023 15: +0,1690380000
0.247,4,Jul 26 2023 16: +0,1690383600
0.261,1,Jul 26 2023 17: +0,1690387200
0.245,3,Jul 26 2023 18: +0,1690390800
0.259,1,Jul 26 2023 20: +0,1690398000
0.257,1,Jul 26 2023 21: +0,1690401600
0.222,1,Jul 26 2023 22: +0,1690405200
0.266,3,Jul 26 2023 23: +0,1690408800
0.266,1,Jul 27 2023 01: +0,1690416000
0.258,1,Jul 27 2023 03: +0,1690423200
0.287,2,Jul 27 2023 04: +0,1690426800
0.098,1,Jul 27 2023 05: +0,1690430400
0.261,1,Jul 27 2023 07: +0,1690437600
0.244,2,Jul 27 2023 10: +0,1690448400
0.261,1,Jul 27 2023 11: +0,1690452000
0.276,3,Jul 27 2023 12: +0,1690455600
0.267,1,Jul 27 2023 13: +0,1690459200
0.268,1,Jul 27 2023 15: +0,1690466400
0.233,3,Jul 27 2023 17: +0,1690473600
0.21,2,Jul 27 2023 18: +0,1690477200
0.277,1,Jul 27 2023 19: +0,1690480800
0.257,3,Jul 27 2023 20: +0,1690484400
0.265,1,Jul 27 2023 22: +0,1690491600
0.26,2,Jul 27 2023 23: +0,1690495200
0.227,2,Jul 28 2023 00: +0,1690498800
0.261,2,Jul 28 2023 02: +0,1690506000
0.265,1,Jul 28 2023 03: +0,1690509600
0.277,1,Jul 28 2023 06: +0,1690520400
0.264,2,Jul 28 2023 07: +0,1690524000
0.257,1,Jul 28 2023 08: +0,1690527600
0.187,1,Jul 28 2023 09: +0,1690531200
0.209,2,Jul 28 2023 10: +0,1690534800
0.266,5,Jul 28 2023 12: +0,1690542000
0.265,4,Jul 28 2023 13: +0,1690545600
0.241,1,Jul 28 2023 14: +0,1690549200
0.266,1,Jul 28 2023 16: +0,1690556400
0.242,4,Jul 28 2023 17: +0,1690560000
0.278,3,Jul 28 2023 18: +0,1690563600
0.22,1,Jul 28 2023 19: +0,1690567200
0.216,6,Jul 28 2023 20: +0,1690570800
0.244,1,Jul 28 2023 22: +0,1690578000
0.263,1,Jul 28 2023 23: +0,1690581600
0.276,1,Jul 29 2023 00: +0,1690585200
0.279,1,Jul 29 2023 01: +0,1690588800
0.278,1,Jul 29 2023 03: +0,1690596000
0.278,2,Jul 29 2023 04: +0,1690599600
0.263,1,Jul 29 2023 06: +0,1690606800
0.281,1,Jul 29 2023 07: +0,1690610400
0.266,3,Jul 29 2023 09: +0,1690617600
0.278,11,Jul 29 2023 10: +0,1690621200
0.269,1,Jul 29 2023 11: +0,1690624800
0.274,1,Jul 29 2023 12: +0,1690628400
0.273,2,Jul 29 2023 13: +0,1690632000
0.24,2,Jul 29 2023 15: +0,1690639200
0.224,2,Jul 29 2023 17: +0,1690646400
0.244,1,Jul 29 2023 18: +0,1690650000
0.236,1,Jul 29 2023 19: +0,1690653600
0.272,1,Jul 29 2023 22: +0,1690664400
0.101,1,Jul 30 2023 04: +0,1690686000
0.266,1,Jul 30 2023 06: +0,1690693200
0.235,2,Jul 30 2023 09: +0,1690704000
0.281,1,Jul 30 2023 10: +0,1690707600
0.231,3,Jul 30 2023 11: +0,1690711200
0.267,4,Jul 30 2023 12: +0,1690714800
0.236,2,Jul 30 2023 13: +0,1690718400
0.238,3,Jul 30 2023 14: +0,1690722000
0.236,1,Jul 30 2023 15: +0,1690725600
0.252,3,Jul 30 2023 16: +0,1690729200
0.291,1,Jul 30 2023 17: +0,1690732800
0.264,2,Jul 30 2023 19: +0,1690740000
0.242,4,Jul 30 2023 20: +0,1690743600
0.268,1,Jul 30 2023 22: +0,1690750800
0.242,2,Jul 30 2023 23: +0,1690754400
0.252,2,Jul 31 2023 00: +0,1690758000
0.254,2,Jul 31 2023 01: +0,1690761600
0.231,1,Jul 31 2023 02: +0,1690765200
0.265,1,Jul 31 2023 03: +0,1690768800
0.268,1,Jul 31 2023 04: +0,1690772400
0.262,1,Jul 31 2023 06: +0,1690779600
0.233,2,Jul 31 2023 07: +0,1690783200
0.271,1,Jul 31 2023 08: +0,1690786800
0.265,1,Jul 31 2023 09: +0,1690790400
0.278,1,Jul 31 2023 10: +0,1690794000
0.278,1,Jul 31 2023 12: +0,1690801200
0.278,1,Jul 31 2023 13: +0,1690804800
0.197,1,Jul 31 2023 14: +0,1690808400
0.268,3,Jul 31 2023 16: +0,1690815600
0.244,1,Jul 31 2023 17: +0,1690819200
0.278,1,Jul 31 2023 18: +0,1690822800
0.248,2,Jul 31 2023 20: +0,1690830000
0.27,4,Jul 31 2023 22: +0,1690837200
0.236,1,Aug 01 2023 00: +0,1690844400
0.244,2,Aug 01 2023 01: +0,1690848000
0.232,1,Aug 01 2023 04: +0,1690858800
0.252,1,Aug 01 2023 05: +0,1690862400
0.252,1,Aug 01 2023 06: +0,1690866000
0.27,1,Aug 01 2023 09: +0,1690876800
0.275,2,Aug 01 2023 10: +0,1690880400
0.252,2,Aug 01 2023 11: +0,1690884000
0.205,2,Aug 01 2023 14: +0,1690894800
0.256,4,Aug 01 2023 16: +0,1690902000
0.252,1,Aug 01 2023 18: +0,1690909200
0.252,1,Aug 01 2023 19: +0,1690912800
0.264,2,Aug 01 2023 21: +0,1690920000
0.205,2,Aug 01 2023 22: +0,1690923600
0.255,2,Aug 01 2023 23: +0,1690927200
0.252,1,Aug 02 2023 00: +0,1690930800
0.276,1,Aug 02 2023 01: +0,1690934400
0.275,2,Aug 02 2023 03: +0,1690941600
0.278,2,Aug 02 2023 05: +0,1690948800
0.275,1,Aug 02 2023 06: +0,1690952400
0.268,1,Aug 02 2023 07: +0,1690956000
0.276,1,Aug 02 2023 08: +0,1690959600
0.244,1,Aug 02 2023 12: +0,1690974000
0.268,1,Aug 02 2023 13: +0,1690977600
0.268,2,Aug 02 2023 16: +0,1690988400
0.259,1,Aug 02 2023 17: +0,1690992000
0.252,3,Aug 02 2023 18: +0,1690995600
0.261,2,Aug 02 2023 19: +0,1690999200
0.233,2,Aug 02 2023 20: +0,1691002800
0.263,2,Aug 02 2023 21: +0,1691006400
0.252,3,Aug 02 2023 22: +0,1691010000
0.252,1,Aug 03 2023 00: +0,1691017200
0.272,1,Aug 03 2023 01: +0,1691020800
0.275,3,Aug 03 2023 03: +0,1691028000
0.269,2,Aug 03 2023 06: +0,1691038800
0.274,1,Aug 03 2023 10: +0,1691053200
0.276,1,Aug 03 2023 11: +0,1691056800
0.26,4,Aug 03 2023 12: +0,1691060400
0.233,3,Aug 03 2023 13: +0,1691064000
0.281,1,Aug 03 2023 15: +0,1691071200
0.275,3,Aug 03 2023 16: +0,1691074800
0.276,3,Aug 03 2023 18: +0,1691082000
0.275,1,Aug 03 2023 19: +0,1691085600
0.264,5,Aug 03 2023 20: +0,1691089200
0.252,2,Aug 03 2023 21: +0,1691092800
0.266,1,Aug 03 2023 22: +0,1691096400
0.272,1,Aug 03 2023 23: +0,1691100000
0.342,1,Aug 04 2023 01: +0,1691107200
0.252,1,Aug 04 2023 03: +0,1691114400
0.233,1,Aug 04 2023 05: +0,1691121600
0.272,1,Aug 04 2023 09: +0,1691136000
0.239,3,Aug 04 2023 12: +0,1691146800
0.248,2,Aug 04 2023 13: +0,1691150400
0.249,2,Aug 04 2023 14: +0,1691154000
0.265,2,Aug 04 2023 16: +0,1691161200
0.269,2,Aug 04 2023 17: +0,1691164800
0.25,2,Aug 04 2023 20: +0,1691175600
0.269,3,Aug 04 2023 21: +0,1691179200
0.165,3,Aug 04 2023 22: +0,1691182800
0.236,1,Aug 05 2023 01: +0,1691193600
0.22,2,Aug 05 2023 02: +0,1691197200
0.244,1,Aug 05 2023 05: +0,1691208000
0.268,1,Aug 05 2023 06: +0,1691211600
0.252,1,Aug 05 2023 07: +0,1691215200
0.22,1,Aug 05 2023 08: +0,1691218800
0.244,1,Aug 05 2023 09: +0,1691222400
0.252,1,Aug 05 2023 10: +0,1691226000
0.268,4,Aug 05 2023 11: +0,1691229600
0.236,1,Aug 05 2023 12: +0,1691233200
0.267,3,Aug 05 2023 13: +0,1691236800
0.227,2,Aug 05 2023 14: +0,1691240400
0.244,3,Aug 05 2023 15: +0,1691244000
0.23,2,Aug 05 2023 16: +0,1691247600
0.236,4,Aug 05 2023 17: +0,1691251200
0.253,2,Aug 05 2023 18: +0,1691254800
0.271,1,Aug 05 2023 19: +0,1691258400
0.26,1,Aug 05 2023 20: +0,1691262000
0.244,3,Aug 05 2023 21: +0,1691265600
0.255,1,Aug 05 2023 22: +0,1691269200
0.251,2,Aug 06 2023 00: +0,1691276400
0.256,1,Aug 06 2023 02: +0,1691283600
0.252,3,Aug 06 2023 03: +0,1691287200
0.244,2,Aug 06 2023 04: +0,1691290800
0.252,1,Aug 06 2023 05: +0,1691294400
0.271,1,Aug 06 2023 07: +0,1691301600
0.244,1,Aug 06 2023 09: +0,1691308800
0.244,2,Aug 06 2023 11: +0,1691316000
0.269,1,Aug 06 2023 12: +0,1691319600
0.228,1,Aug 06 2023 13: +0,1691323200
0.269,1,Aug 06 2023 15: +0,1691330400
0.22,1,Aug 06 2023 16: +0,1691334000
0.27,3,Aug 06 2023 17: +0,1691337600
0.252,1,Aug 06 2023 18: +0,1691341200
0.268,2,Aug 06 2023 19: +0,1691344800
0.252,1,Aug 06 2023 20: +0,1691348400
0.27,1,Aug 06 2023 21: +0,1691352000
0.212,1,Aug 06 2023 22: +0,1691355600
0.252,1,Aug 06 2023 23: +0,1691359200
0.27,3,Aug 07 2023 00: +0,1691362800
0.257,2,Aug 07 2023 02: +0,1691370000
0.238,2,Aug 07 2023 03: +0,1691373600
0.271,1,Aug 07 2023 04: +0,1691377200
0.252,1,Aug 07 2023 05: +0,1691380800
0.252,1,Aug 07 2023 06: +0,1691384400
0.271,1,Aug 07 2023 07: +0,1691388000
0.252,3,Aug 07 2023 08: +0,1691391600
0.272,2,Aug 07 2023 09: +0,1691395200
0.263,1,Aug 07 2023 10: +0,1691398800
0.252,3,Aug 07 2023 11: +0,1691402400
0.252,1,Aug 07 2023 12: +0,1691406000
0.232,2,Aug 07 2023 13: +0,1691409600
0.252,3,Aug 07 2023 16: +0,1691420400
0.261,2,Aug 07 2023 17: +0,1691424000
0.265,2,Aug 07 2023 18: +0,1691427600
0.252,3,Aug 07 2023 19: +0,1691431200
0.268,2,Aug 07 2023 20: +0,1691434800
0.252,4,Aug 07 2023 22: +0,1691442000
0.236,1,Aug 08 2023 01: +0,1691452800
0.268,1,Aug 08 2023 02: +0,1691456400
0.275,1,Aug 08 2023 03: +0,1691460000
0.236,1,Aug 08 2023 04: +0,1691463600
0.268,2,Aug 08 2023 07: +0,1691474400
0.252,2,Aug 08 2023 09: +0,1691481600
0.252,3,Aug 08 2023 10: +0,1691485200
0.268,13,Aug 08 2023 13: +0,1691496000
0.281,3,Aug 08 2023 14: +0,1691499600
0.283,2,Aug 08 2023 15: +0,1691503200
0.252,3,Aug 08 2023 16: +0,1691506800
0.22,1,Aug 08 2023 17: +0,1691510400
0.244,2,Aug 08 2023 18: +0,1691514000
0.252,3,Aug 08 2023 19: +0,1691517600
0.273,3,Aug 08 2023 20: +0,1691521200
0.267,2,Aug 08 2023 21: +0,1691524800
0.256,2,Aug 08 2023 23: +0,1691532000
0.26,1,Aug 09 2023 02: +0,1691542800
0.228,1,Aug 09 2023 03: +0,1691546400
0.236,1,Aug 09 2023 04: +0,1691550000
0.252,5,Aug 09 2023 06: +0,1691557200
0.274,1,Aug 09 2023 11: +0,1691575200
0.275,3,Aug 09 2023 12: +0,1691578800
0.252,3,Aug 09 2023 13: +0,1691582400
0.267,2,Aug 09 2023 14: +0,1691586000
0.257,2,Aug 09 2023 15: +0,1691589600
0.252,2,Aug 09 2023 16: +0,1691593200
0.244,1,Aug 09 2023 17: +0,1691596800
0.244,1,Aug 09 2023 18: +0,1691600400
0.277,1,Aug 09 2023 21: +0,1691611200
0.257,2,Aug 09 2023 23: +0,1691618400
0.268,1,Aug 10 2023 02: +0,1691629200
0.258,1,Aug 10 2023 06: +0,1691643600
0.244,3,Aug 10 2023 09: +0,1691654400
0.261,2,Aug 10 2023 11: +0,1691661600
0.254,1,Aug 10 2023 12: +0,1691665200
0.253,4,Aug 10 2023 13: +0,1691668800
0.255,1,Aug 10 2023 14: +0,1691672400
0.24,2,Aug 10 2023 16: +0,1691679600
0.268,2,Aug 10 2023 17: +0,1691683200
0.281,7,Aug 10 2023 18: +0,1691686800
0.244,1,Aug 10 2023 19: +0,1691690400
0.253,2,Aug 10 2023 20: +0,1691694000
0.268,1,Aug 10 2023 21: +0,1691697600
0.256,1,Aug 10 2023 22: +0,1691701200
0.263,2,Aug 11 2023 00: +0,1691708400
0.256,2,Aug 11 2023 02: +0,1691715600
0.268,1,Aug 11 2023 03: +0,1691719200
0.275,3,Aug 11 2023 07: +0,1691733600
0.244,1,Aug 11 2023 10: +0,1691744400
0.252,2,Aug 11 2023 12: +0,1691751600
0.235,2,Aug 11 2023 13: +0,1691755200
0.258,2,Aug 11 2023 14: +0,1691758800
0.271,2,Aug 11 2023 15: +0,1691762400
0.244,1,Aug 11 2023 16: +0,1691766000
0.268,1,Aug 11 2023 18: +0,1691773200
0.244,1,Aug 11 2023 19: +0,1691776800
0.28,12,Aug 11 2023 22: +0,1691787600
0.26,2,Aug 11 2023 23: +0,1691791200
0.258,2,Aug 12 2023 00: +0,1691794800
0.259,1,Aug 12 2023 02: +0,1691802000
0.267,1,Aug 12 2023 04: +0,1691809200
0.244,1,Aug 12 2023 09: +0,1691827200
0.237,1,Aug 12 2023 10: +0,1691830800
0.272,3,Aug 12 2023 12: +0,1691838000
0.229,2,Aug 12 2023 13: +0,1691841600
0.267,1,Aug 12 2023 14: +0,1691845200
0.229,2,Aug 12 2023 16: +0,1691852400
0.237,1,Aug 12 2023 17: +0,1691856000
0.242,1,Aug 12 2023 18: +0,1691859600
0.28,7,Aug 12 2023 19: +0,1691863200
0.277,2,Aug 13 2023 00: +0,1691881200
0.228,1,Aug 13 2023 01: +0,1691884800
0.212,3,Aug 13 2023 02: +0,1691888400
0.299,3,Aug 13 2023 03: +0,1691892000
0.238,1,Aug 13 2023 04: +0,1691895600
0.236,1,Aug 13 2023 07: +0,1691906400
0.307,3,Aug 13 2023 08: +0,1691910000
0.237,1,Aug 13 2023 09: +0,1691913600
0.248,1,Aug 13 2023 10: +0,1691917200
0.236,1,Aug 13 2023 12: +0,1691924400
0.241,2,Aug 13 2023 13: +0,1691928000
0.24,2,Aug 13 2023 16: +0,1691938800
0.245,2,Aug 13 2023 17: +0,1691942400
0.244,2,Aug 13 2023 18: +0,1691946000
0.252,1,Aug 13 2023 22: +0,1691960400
0.275,1,Aug 13 2023 23: +0,1691964000
0.226,2,Aug 14 2023 00: +0,1691967600
0.247,1,Aug 14 2023 02: +0,1691974800
0.264,2,Aug 14 2023 04: +0,1691982000
0.236,1,Aug 14 2023 05: +0,1691985600
0.267,1,Aug 14 2023 06: +0,1691989200
0.278,1,Aug 14 2023 07: +0,1691992800
0.267,1,Aug 14 2023 08: +0,1691996400
0.247,1,Aug 14 2023 09: +0,1692000000
0.189,1,Aug 14 2023 10: +0,1692003600
0.261,1,Aug 14 2023 11: +0,1692007200
0.236,1,Aug 14 2023 13: +0,1692014400
0.228,1,Aug 14 2023 15: +0,1692021600
0.233,2,Aug 14 2023 17: +0,1692028800
0.257,1,Aug 14 2023 18: +0,1692032400
0.261,2,Aug 14 2023 19: +0,1692036000
0.264,3,Aug 14 2023 20: +0,1692039600
0.267,1,Aug 14 2023 21: +0,1692043200
0.269,1,Aug 14 2023 23: +0,1692050400
0.267,1,Aug 15 2023 04: +0,1692068400
0.222,1,Aug 15 2023 06: +0,1692075600
0.267,1,Aug 15 2023 07: +0,1692079200
0.251,1,Aug 15 2023 10: +0,1692090000
0.23,2,Aug 15 2023 11: +0,1692093600
0.262,2,Aug 15 2023 12: +0,1692097200
0.281,1,Aug 15 2023 13: +0,1692100800
0.274,3,Aug 15 2023 14: +0,1692104400
0.236,4,Aug 15 2023 15: +0,1692108000
0.265,3,Aug 15 2023 16: +0,1692111600
0.22,1,Aug 15 2023 17: +0,1692115200
0.262,2,Aug 15 2023 18: +0,1692118800
0.22,1,Aug 15 2023 19: +0,1692122400
0.245,2,Aug 15 2023 20: +0,1692126000
0.228,1,Aug 15 2023 21: +0,1692129600
0.258,3,Aug 15 2023 22: +0,1692133200
0.269,2,Aug 15 2023 23: +0,1692136800
0.204,1,Aug 16 2023 00: +0,1692140400
0.235,2,Aug 16 2023 01: +0,1692144000
0.268,1,Aug 16 2023 04: +0,1692154800
0.258,2,Aug 16 2023 07: +0,1692165600
0.277,2,Aug 16 2023 09: +0,1692172800
0.258,1,Aug 16 2023 11: +0,1692180000
0.28,1,Aug 16 2023 12: +0,1692183600
0.233,2,Aug 16 2023 13: +0,1692187200
0.271,2,Aug 16 2023 14: +0,1692190800
0.275,1,Aug 16 2023 15: +0,1692194400
0.3,1,Aug 16 2023 19: +0,1692208800
0.228,3,Aug 16 2023 20: +0,1692212400
0.244,2,Aug 16 2023 21: +0,1692216000
1.028,1,Aug 16 2023 22: +0,1692219600
0.271,3,Aug 16 2023 23: +0,1692223200
0.269,1,Aug 17 2023 00: +0,1692226800
0.236,1,Aug 17 2023 05: +0,1692244800
0.236,1,Aug 17 2023 06: +0,1692248400
0.316,1,Aug 17 2023 07: +0,1692252000
0.274,1,Aug 17 2023 10: +0,1692262800
0.263,2,Aug 17 2023 11: +0,1692266400
0.269,2,Aug 17 2023 13: +0,1692273600
0.212,1,Aug 17 2023 15: +0,1692280800
0.196,1,Aug 17 2023 16: +0,1692284400
0.266,1,Aug 17 2023 17: +0,1692288000
0.277,5,Aug 17 2023 18: +0,1692291600
0.276,1,Aug 17 2023 19: +0,1692295200
0.25,1,Aug 17 2023 23: +0,1692309600
0.262,1,Aug 18 2023 04: +0,1692327600
0.265,2,Aug 18 2023 05: +0,1692331200
0.255,3,Aug 18 2023 09: +0,1692345600
0.265,3,Aug 18 2023 10: +0,1692349200
0.247,2,Aug 18 2023 11: +0,1692352800
0.246,2,Aug 18 2023 12: +0,1692356400
0.264,1,Aug 18 2023 13: +0,1692360000
0.269,1,Aug 18 2023 14: +0,1692363600
0.264,1,Aug 18 2023 16: +0,1692370800
0.276,14,Aug 18 2023 17: +0,1692374400
0.235,2,Aug 18 2023 18: +0,1692378000
0.249,3,Aug 18 2023 19: +0,1692381600
0.281,9,Aug 18 2023 20: +0,1692385200
0.271,1,Aug 19 2023 00: +0,1692399600
0.251,1,Aug 19 2023 02: +0,1692406800
0.181,1,Aug 19 2023 04: +0,1692414000
0.224,2,Aug 19 2023 08: +0,1692428400
0.27,2,Aug 19 2023 09: +0,1692432000
0.273,1,Aug 19 2023 11: +0,1692439200
0.251,3,Aug 19 2023 12: +0,1692442800
0.264,1,Aug 19 2023 13: +0,1692446400
0.269,1,Aug 19 2023 14: +0,1692450000
0.264,3,Aug 19 2023 16: +0,1692457200
0.251,1,Aug 19 2023 18: +0,1692464400
0.251,2,Aug 19 2023 19: +0,1692468000
0.251,3,Aug 19 2023 20: +0,1692471600
0.264,1,Aug 19 2023 21: +0,1692475200
0.234,2,Aug 19 2023 22: +0,1692478800
0.243,1,Aug 20 2023 00: +0,1692486000
0.251,1,Aug 20 2023 01: +0,1692489600
0.267,1,Aug 20 2023 02: +0,1692493200
0.22,1,Aug 20 2023 04: +0,1692500400
0.22,1,Aug 20 2023 08: +0,1692514800
0.264,1,Aug 20 2023 09: +0,1692518400
0.262,1,Aug 20 2023 10: +0,1692522000
0.271,1,Aug 20 2023 11: +0,1692525600
0.257,4,Aug 20 2023 12: +0,1692529200
0.264,1,Aug 20 2023 15: +0,1692540000
0.251,1,Aug 20 2023 16: +0,1692543600
0.243,1,Aug 20 2023 17: +0,1692547200
0.204,2,Aug 20 2023 19: +0,1692554400
0.255,3,Aug 20 2023 20: +0,1692558000
0.243,3,Aug 20 2023 21: +0,1692561600
0.264,3,Aug 20 2023 22: +0,1692565200
0.181,1,Aug 20 2023 23: +0,1692568800
0.264,1,Aug 21 2023 00: +0,1692572400
0.267,1,Aug 21 2023 01: +0,1692576000
0.264,1,Aug 21 2023 02: +0,1692579600
0.267,1,Aug 21 2023 03: +0,1692583200
0.267,1,Aug 21 2023 06: +0,1692594000
0.204,1,Aug 21 2023 09: +0,1692604800
0.234,2,Aug 21 2023 11: +0,1692612000
0.241,2,Aug 21 2023 12: +0,1692615600
0.251,1,Aug 21 2023 15: +0,1692626400
0.263,1,Aug 21 2023 16: +0,1692630000
0.257,2,Aug 21 2023 17: +0,1692633600
0.221,2,Aug 21 2023 19: +0,1692640800
0.262,1,Aug 21 2023 20: +0,1692644400
0.259,1,Aug 21 2023 21: +0,1692648000
0.249,2,Aug 21 2023 22: +0,1692651600
0.245,2,Aug 21 2023 23: +0,1692655200
0.223,2,Aug 22 2023 00: +0,1692658800
0.245,2,Aug 22 2023 01: +0,1692662400
0.26,1,Aug 22 2023 02: +0,1692666000
0.271,1,Aug 22 2023 03: +0,1692669600
0.21,2,Aug 22 2023 04: +0,1692673200
0.247,1,Aug 22 2023 05: +0,1692676800
0.259,3,Aug 22 2023 06: +0,1692680400
0.26,1,Aug 22 2023 08: +0,1692687600
0.271,2,Aug 22 2023 09: +0,1692691200
0.271,3,Aug 22 2023 10: +0,1692694800
0.265,2,Aug 22 2023 11: +0,1692698400
0.274,3,Aug 22 2023 12: +0,1692702000
0.273,1,Aug 22 2023 13: +0,1692705600
0.274,3,Aug 22 2023 14: +0,1692709200
0.268,1,Aug 22 2023 15: +0,1692712800
0.274,3,Aug 22 2023 16: +0,1692716400
0.266,1,Aug 22 2023 17: +0,1692720000
0.264,2,Aug 22 2023 19: +0,1692727200
0.252,2,Aug 22 2023 20: +0,1692730800
0.268,1,Aug 22 2023 21: +0,1692734400
0.274,1,Aug 22 2023 22: +0,1692738000
0.266,1,Aug 22 2023 23: +0,1692741600
0.273,1,Aug 23 2023 00: +0,1692745200
0.274,1,Aug 23 2023 02: +0,1692752400
0.274,3,Aug 23 2023 03: +0,1692756000
0.274,1,Aug 23 2023 04: +0,1692759600
0.274,9,Aug 23 2023 05: +0,1692763200
0.19,1,Aug 23 2023 06: +0,1692766800
0.27,1,Aug 23 2023 07: +0,1692770400
0.257,2,Aug 23 2023 08: +0,1692774000
0.242,2,Aug 23 2023 10: +0,1692781200
0.239,2,Aug 23 2023 12: +0,1692788400
0.258,3,Aug 23 2023 13: +0,1692792000
0.244,2,Aug 23 2023 14: +0,1692795600
0.249,3,Aug 23 2023 15: +0,1692799200
0.249,3,Aug 23 2023 16: +0,1692802800
0.259,1,Aug 23 2023 17: +0,1692806400
0.261,1,Aug 23 2023 18: +0,1692810000
0.268,2,Aug 23 2023 19: +0,1692813600
0.255,1,Aug 23 2023 22: +0,1692824400
0.258,2,Aug 24 2023 01: +0,1692835200
0.275,1,Aug 24 2023 02: +0,1692838800
0.228,1,Aug 24 2023 03: +0,1692842400
0.275,1,Aug 24 2023 06: +0,1692853200
0.274,1,Aug 24 2023 07: +0,1692856800
0.249,1,Aug 24 2023 09: +0,1692864000
0.258,4,Aug 24 2023 10: +0,1692867600
0.248,2,Aug 24 2023 11: +0,1692871200
0.264,1,Aug 24 2023 12: +0,1692874800
0.257,3,Aug 24 2023 14: +0,1692882000
0.267,1,Aug 24 2023 16: +0,1692889200
0.258,3,Aug 24 2023 18: +0,1692896400
0.266,3,Aug 24 2023 19: +0,1692900000
0.257,3,Aug 24 2023 20: +0,1692903600
0.246,1,Aug 24 2023 21: +0,1692907200
0.248,2,Aug 24 2023 22: +0,1692910800
0.319,1,Aug 24 2023 23: +0,1692914400
0.268,2,Aug 25 2023 00: +0,1692918000
0.257,1,Aug 25 2023 01: +0,1692921600
0.274,1,Aug 25 2023 04: +0,1692932400
0.266,2,Aug 25 2023 05: +0,1692936000
0.27,4,Aug 25 2023 08: +0,1692946800
0.201,2,Aug 25 2023 09: +0,1692950400
0.202,2,Aug 25 2023 11: +0,1692957600
0.217,1,Aug 25 2023 13: +0,1692964800
0.264,1,Aug 25 2023 15: +0,1692972000
0.246,1,Aug 25 2023 16: +0,1692975600
0.267,1,Aug 25 2023 17: +0,1692979200
0.273,4,Aug 25 2023 20: +0,1692990000
0.257,3,Aug 25 2023 21: +0,1692993600
0.265,1,Aug 25 2023 22: +0,1692997200
0.249,2,Aug 25 2023 23: +0,1693000800
0.272,1,Aug 26 2023 00: +0,1693004400
0.256,1,Aug 26 2023 01: +0,1693008000
0.274,1,Aug 26 2023 02: +0,1693011600
0.254,1,Aug 26 2023 04: +0,1693018800
0.265,1,Aug 26 2023 07: +0,1693029600
0.28,1,Aug 26 2023 08: +0,1693033200
0.272,2,Aug 26 2023 09: +0,1693036800
0.266,11,Aug 26 2023 10: +0,1693040400
0.265,1,Aug 26 2023 12: +0,1693047600
0.273,7,Aug 26 2023 13: +0,1693051200
0.274,11,Aug 26 2023 14: +0,1693054800
0.273,3,Aug 26 2023 15: +0,1693058400
0.265,2,Aug 26 2023 16: +0,1693062000
0.254,1,Aug 26 2023 17: +0,1693065600
0.268,2,Aug 26 2023 18: +0,1693069200
0.228,2,Aug 26 2023 19: +0,1693072800
0.228,2,Aug 26 2023 20: +0,1693076400
0.265,5,Aug 26 2023 22: +0,1693083600
0.265,1,Aug 26 2023 23: +0,1693087200
0.252,2,Aug 27 2023 01: +0,1693094400
0.266,1,Aug 27 2023 02: +0,1693098000
0.246,1,Aug 27 2023 03: +0,1693101600
0.266,1,Aug 27 2023 10: +0,1693126800
0.273,2,Aug 27 2023 11: +0,1693130400
0.296,2,Aug 27 2023 12: +0,1693134000
0.272,4,Aug 27 2023 13: +0,1693137600
0.266,2,Aug 27 2023 14: +0,1693141200
0.254,1,Aug 27 2023 15: +0,1693144800
0.254,1,Aug 27 2023 16: +0,1693148400
0.266,4,Aug 27 2023 17: +0,1693152000
0.266,1,Aug 27 2023 18: +0,1693155600
0.266,12,Aug 27 2023 19: +0,1693159200
0.254,4,Aug 27 2023 21: +0,1693166400
0.265,2,Aug 27 2023 23: +0,1693173600
0.269,1,Aug 28 2023 00: +0,1693177200
0.269,2,Aug 28 2023 01: +0,1693180800
0.238,1,Aug 28 2023 02: +0,1693184400
0.264,2,Aug 28 2023 05: +0,1693195200
0.272,1,Aug 28 2023 07: +0,1693202400
0.246,1,Aug 28 2023 08: +0,1693206000
0.257,3,Aug 28 2023 10: +0,1693213200
0.264,1,Aug 28 2023 12: +0,1693220400
0.244,1,Aug 28 2023 13: +0,1693224000
0.229,1,Aug 28 2023 15: +0,1693231200
0.252,4,Aug 28 2023 17: +0,1693238400
0.215,3,Aug 28 2023 18: +0,1693242000
0.244,2,Aug 28 2023 19: +0,1693245600
0.268,2,Aug 28 2023 20: +0,1693249200
0.252,1,Aug 28 2023 21: +0,1693252800
0.252,7,Aug 28 2023 22: +0,1693256400
0.262,2,Aug 29 2023 00: +0,1693263600
0.269,1,Aug 29 2023 05: +0,1693281600
0.237,1,Aug 29 2023 09: +0,1693296000
0.264,1,Aug 29 2023 10: +0,1693299600
0.244,1,Aug 29 2023 13: +0,1693310400
0.26,2,Aug 29 2023 16: +0,1693321200
0.271,2,Aug 29 2023 19: +0,1693332000
0.267,1,Aug 29 2023 20: +0,1693335600
0.26,2,Aug 29 2023 21: +0,1693339200
0.237,1,Aug 29 2023 22: +0,1693342800
0.218,1,Aug 30 2023 00: +0,1693350000
0.252,1,Aug 30 2023 02: +0,1693357200
0.252,1,Aug 30 2023 04: +0,1693364400
0.244,1,Aug 30 2023 06: +0,1693371600
0.264,1,Aug 30 2023 09: +0,1693382400
0.264,1,Aug 30 2023 10: +0,1693386000
0.205,1,Aug 30 2023 11: +0,1693389600
0.268,2,Aug 30 2023 12: +0,1693393200
0.268,3,Aug 30 2023 13: +0,1693396800
0.219,1,Aug 30 2023 14: +0,1693400400
0.252,3,Aug 30 2023 15: +0,1693404000
0.237,1,Aug 30 2023 17: +0,1693411200
0.252,2,Aug 30 2023 19: +0,1693418400
0.264,3,Aug 30 2023 20: +0,1693422000
0.236,2,Aug 30 2023 21: +0,1693425600
0.221,2,Aug 30 2023 22: +0,1693429200
0.252,1,Aug 30 2023 23: +0,1693432800
0.265,1,Aug 31 2023 01: +0,1693440000
0.166,1,Aug 31 2023 02: +0,1693443600
0.244,3,Aug 31 2023 03: +0,1693447200
0.244,1,Aug 31 2023 04: +0,1693450800
0.244,1,Aug 31 2023 05: +0,1693454400
0.272,1,Aug 31 2023 07: +0,1693461600
0.27,1,Aug 31 2023 08: +0,1693465200
0.225,2,Aug 31 2023 10: +0,1693472400
0.216,1,Aug 31 2023 11: +0,1693476000
0.245,2,Aug 31 2023 14: +0,1693486800
0.253,2,Aug 31 2023 15: +0,1693490400
0.226,3,Aug 31 2023 16: +0,1693494000
0.22,2,Aug 31 2023 17: +0,1693497600
0.244,1,Aug 31 2023 18: +0,1693501200
0.27,1,Aug 31 2023 20: +0,1693508400
0.268,2,Aug 31 2023 21: +0,1693512000
0.197,1,Aug 31 2023 23: +0,1693519200
0.269,1,Sep 01 2023 00: +0,1693522800
0.274,2,Sep 01 2023 02: +0,1693530000
0.268,1,Sep 01 2023 03: +0,1693533600
0.276,1,Sep 01 2023 05: +0,1693540800
0.27,1,Sep 01 2023 06: +0,1693544400
0.265,1,Sep 01 2023 07: +0,1693548000
0.244,1,Sep 01 2023 08: +0,1693551600
0.26,2,Sep 01 2023 10: +0,1693558800
0.265,1,Sep 01 2023 12: +0,1693566000
0.268,1,Sep 01 2023 14: +0,1693573200
0.223,1,Sep 01 2023 16: +0,1693580400
0.859,1,Sep 01 2023 17: +0,1693584000
0.267,1,Sep 01 2023 18: +0,1693587600
0.264,3,Sep 01 2023 20: +0,1693594800
0.23,1,Sep 01 2023 21: +0,1693598400
0.268,3,Sep 01 2023 22: +0,1693602000
0.269,3,Sep 01 2023 23: +0,1693605600
0.237,1,Sep 02 2023 00: +0,1693609200
0.272,2,Sep 02 2023 01: +0,1693612800
0.251,2,Sep 02 2023 02: +0,1693616400
0.257,2,Sep 02 2023 03: +0,1693620000
0.244,2,Sep 02 2023 04: +0,1693623600
0.264,1,Sep 02 2023 05: +0,1693627200
0.232,2,Sep 02 2023 07: +0,1693634400
0.247,2,Sep 02 2023 09: +0,1693641600
0.244,1,Sep 02 2023 11: +0,1693648800
0.267,1,Sep 02 2023 12: +0,1693652400
0.271,1,Sep 02 2023 13: +0,1693656000
0.255,4,Sep 02 2023 18: +0,1693674000
0.252,2,Sep 02 2023 19: +0,1693677600
0.252,1,Sep 02 2023 20: +0,1693681200
0.252,4,Sep 02 2023 21: +0,1693684800
0.267,2,Sep 02 2023 22: +0,1693688400
0.267,2,Sep 02 2023 23: +0,1693692000
0.252,3,Sep 03 2023 00: +0,1693695600
0.267,4,Sep 03 2023 02: +0,1693702800
0.244,4,Sep 03 2023 03: +0,1693706400
0.158,1,Sep 03 2023 04: +0,1693710000
0.324,1,Sep 03 2023 06: +0,1693717200
0.269,1,Sep 03 2023 07: +0,1693720800
0.266,3,Sep 03 2023 08: +0,1693724400
0.268,1,Sep 03 2023 09: +0,1693728000
0.252,3,Sep 03 2023 10: +0,1693731600
0.271,4,Sep 03 2023 12: +0,1693738800
0.237,1,Sep 03 2023 17: +0,1693756800
0.266,3,Sep 03 2023 18: +0,1693760400
0.266,1,Sep 03 2023 19: +0,1693764000
0.269,4,Sep 03 2023 20: +0,1693767600
0.246,5,Sep 03 2023 21: +0,1693771200
0.261,2,Sep 03 2023 22: +0,1693774800
0.262,2,Sep 04 2023 00: +0,1693782000
0.236,1,Sep 04 2023 02: +0,1693789200
0.272,1,Sep 04 2023 03: +0,1693792800
0.268,5,Sep 04 2023 04: +0,1693796400
0.271,1,Sep 04 2023 08: +0,1693810800
0.282,1,Sep 04 2023 09: +0,1693814400
0.274,3,Sep 04 2023 10: +0,1693818000
0.274,1,Sep 04 2023 11: +0,1693821600
0.274,2,Sep 04 2023 12: +0,1693825200
0.276,2,Sep 04 2023 13: +0,1693828800
0.273,4,Sep 04 2023 14: +0,1693832400
0.258,1,Sep 04 2023 15: +0,1693836000
0.275,2,Sep 04 2023 17: +0,1693843200
0.276,3,Sep 04 2023 18: +0,1693846800
0.279,1,Sep 04 2023 19: +0,1693850400
0.25,4,Sep 04 2023 20: +0,1693854000
0.27,2,Sep 04 2023 21: +0,1693857600
0.264,2,Sep 04 2023 22: +0,1693861200
0.258,1,Sep 04 2023 23: +0,1693864800
0.228,1,Sep 05 2023 00: +0,1693868400
0.258,1,Sep 05 2023 01: +0,1693872000
0.278,1,Sep 05 2023 03: +0,1693879200
0.252,1,Sep 05 2023 04: +0,1693882800
0.231,1,Sep 05 2023 07: +0,1693893600
0.277,1,Sep 05 2023 08: +0,1693897200
0.271,3,Sep 05 2023 10: +0,1693904400
0.264,2,Sep 05 2023 12: +0,1693911600
0.276,2,Sep 05 2023 13: +0,1693915200
0.277,2,Sep 05 2023 14: +0,1693918800
0.249,1,Sep 05 2023 16: +0,1693926000
0.276,4,Sep 05 2023 17: +0,1693929600
0.251,1,Sep 05 2023 18: +0,1693933200
0.264,2,Sep 05 2023 19: +0,1693936800
0.271,4,Sep 05 2023 20: +0,1693940400
0.278,2,Sep 05 2023 21: +0,1693944000
0.28,1,Sep 05 2023 23: +0,1693951200
0.258,3,Sep 06 2023 04: +0,1693969200
0.268,1,Sep 06 2023 09: +0,1693987200
0.255,2,Sep 06 2023 11: +0,1693994400
0.258,1,Sep 06 2023 12: +0,1693998000
0.492,1,Sep 06 2023 13: +0,1694001600
0.258,3,Sep 06 2023 14: +0,1694005200
0.273,6,Sep 06 2023 15: +0,1694008800
0.268,3,Sep 06 2023 17: +0,1694016000
0.264,4,Sep 06 2023 18: +0,1694019600
0.282,2,Sep 06 2023 19: +0,1694023200
0.258,3,Sep 06 2023 20: +0,1694026800
0.311,8,Sep 06 2023 21: +0,1694030400
0.276,10,Sep 06 2023 22: +0,1694034000
0.283,3,Sep 06 2023 23: +0,1694037600
0.308,2,Sep 07 2023 01: +0,1694044800
0.249,1,Sep 07 2023 03: +0,1694052000
0.356,2,Sep 07 2023 06: +0,1694062800
0.258,1,Sep 07 2023 10: +0,1694077200
0.242,3,Sep 07 2023 11: +0,1694080800
0.282,3,Sep 07 2023 13: +0,1694088000
0.276,5,Sep 07 2023 14: +0,1694091600
0.319,3,Sep 07 2023 15: +0,1694095200
0.272,2,Sep 07 2023 16: +0,1694098800
0.27,2,Sep 07 2023 17: +0,1694102400
0.28,2,Sep 07 2023 18: +0,1694106000
0.286,1,Sep 07 2023 19: +0,1694109600
0.294,2,Sep 07 2023 20: +0,1694113200
0.218,1,Sep 07 2023 21: +0,1694116800
0.275,1,Sep 07 2023 23: +0,1694124000
0.25,1,Sep 08 2023 00: +0,1694127600
0.269,2,Sep 08 2023 02: +0,1694134800
0.218,1,Sep 08 2023 03: +0,1694138400
0.282,2,Sep 08 2023 04: +0,1694142000
0.282,1,Sep 08 2023 07: +0,1694152800
0.259,2,Sep 08 2023 08: +0,1694156400
0.286,1,Sep 08 2023 10: +0,1694163600
0.292,3,Sep 08 2023 11: +0,1694167200
0.287,1,Sep 08 2023 12: +0,1694170800
0.287,1,Sep 08 2023 13: +0,1694174400
0.287,18,Sep 08 2023 14: +0,1694178000
0.233,3,Sep 08 2023 15: +0,1694181600
0.29,2,Sep 08 2023 16: +0,1694185200
0.243,1,Sep 08 2023 17: +0,1694188800
0.252,6,Sep 08 2023 18: +0,1694192400
0.286,1,Sep 08 2023 19: +0,1694196000
0.29,5,Sep 08 2023 21: +0,1694203200
0.319,1,Sep 08 2023 23: +0,1694210400
0.285,3,Sep 09 2023 00: +0,1694214000
0.29,1,Sep 09 2023 02: +0,1694221200
0.298,1,Sep 09 2023 03: +0,1694224800
0.29,1,Sep 09 2023 05: +0,1694232000
0.259,2,Sep 09 2023 09: +0,1694246400
0.302,2,Sep 09 2023 11: +0,1694253600
0.249,3,Sep 09 2023 12: +0,1694257200
0.293,1,Sep 09 2023 13: +0,1694260800
0.302,4,Sep 09 2023 16: +0,1694271600
0.301,6,Sep 09 2023 17: +0,1694275200
0.258,1,Sep 09 2023 18: +0,1694278800
0.297,1,Sep 09 2023 19: +0,1694282400
0.209,1,Sep 09 2023 20: +0,1694286000
0.298,3,Sep 09 2023 21: +0,1694289600
0.305,1,Sep 09 2023 22: +0,1694293200
0.258,3,Sep 09 2023 23: +0,1694296800
0.298,1,Sep 10 2023 00: +0,1694300400
0.302,1,Sep 10 2023 01: +0,1694304000
0.442,2,Sep 10 2023 03: +0,1694311200
0.233,1,Sep 10 2023 06: +0,1694322000
0.302,4,Sep 10 2023 10: +0,1694336400
0.305,1,Sep 10 2023 12: +0,1694343600
0.306,1,Sep 10 2023 13: +0,1694347200
0.307,3,Sep 10 2023 14: +0,1694350800
0.276,1,Sep 10 2023 15: +0,1694354400
0.282,1,Sep 10 2023 17: +0,1694361600
0.29,1,Sep 11 2023 00: +0,1694386800
0.302,1,Sep 11 2023 02: +0,1694394000
0.309,1,Sep 11 2023 07: +0,1694412000
0.29,1,Sep 11 2023 08: +0,1694415600
0.314,32,Sep 11 2023 10: +0,1694422800
0.306,4,Sep 11 2023 11: +0,1694426400
0.274,1,Sep 11 2023 12: +0,1694430000
0.322,11,Sep 11 2023 13: +0,1694433600
0.338,3,Sep 11 2023 14: +0,1694437200
0.287,1,Sep 11 2023 15: +0,1694440800
0.322,4,Sep 11 2023 16: +0,1694444400
0.325,2,Sep 11 2023 17: +0,1694448000
0.322,5,Sep 11 2023 18: +0,1694451600
0.331,2,Sep 11 2023 19: +0,1694455200
0.336,3,Sep 11 2023 20: +0,1694458800
0.345,1,Sep 11 2023 21: +0,1694462400
0.35,1,Sep 11 2023 22: +0,1694466000
0.345,1,Sep 11 2023 23: +0,1694469600
0.296,1,Sep 12 2023 00: +0,1694473200
0.249,1,Sep 12 2023 03: +0,1694484000
0.347,1,Sep 12 2023 04: +0,1694487600
0.249,1,Sep 12 2023 05: +0,1694491200
0.298,1,Sep 12 2023 06: +0,1694494800
0.406,1,Sep 12 2023 09: +0,1694505600
0.325,2,Sep 12 2023 12: +0,1694516400
0.25,2,Sep 12 2023 13: +0,1694520000
0.291,2,Sep 12 2023 14: +0,1694523600
0.33,1,Sep 12 2023 15: +0,1694527200
0.345,1,Sep 12 2023 16: +0,1694530800
0.341,2,Sep 12 2023 17: +0,1694534400
0.326,4,Sep 12 2023 18: +0,1694538000
0.338,1,Sep 12 2023 20: +0,1694545200
0.343,1,Sep 12 2023 21: +0,1694548800
0.313,2,Sep 12 2023 22: +0,1694552400
0.345,3,Sep 12 2023 23: +0,1694556000
0.347,1,Sep 13 2023 01: +0,1694563200
0.386,1,Sep 13 2023 04: +0,1694574000
0.336,3,Sep 13 2023 05: +0,1694577600
0.346,1,Sep 13 2023 06: +0,1694581200
0.314,1,Sep 13 2023 09: +0,1694592000
0.33,1,Sep 13 2023 10: +0,1694595600
0.33,1,Sep 13 2023 11: +0,1694599200
0.31,2,Sep 13 2023 12: +0,1694602800
0.321,2,Sep 13 2023 13: +0,1694606400
0.314,2,Sep 13 2023 14: +0,1694610000
0.318,2,Sep 13 2023 15: +0,1694613600
0.322,8,Sep 13 2023 16: +0,1694617200
0.298,1,Sep 13 2023 17: +0,1694620800
0.322,5,Sep 13 2023 18: +0,1694624400
0.306,3,Sep 13 2023 19: +0,1694628000
0.341,2,Sep 13 2023 20: +0,1694631600
0.33,5,Sep 13 2023 21: +0,1694635200
0.334,2,Sep 13 2023 22: +0,1694638800
0.337,2,Sep 14 2023 00: +0,1694646000
0.562,2,Sep 14 2023 02: +0,1694653200
0.33,1,Sep 14 2023 05: +0,1694664000
0.33,1,Sep 14 2023 08: +0,1694674800
0.298,1,Sep 14 2023 09: +0,1694678400
0.33,1,Sep 14 2023 10: +0,1694682000
0.33,4,Sep 14 2023 13: +0,1694692800
0.941,2,Sep 14 2023 14: +0,1694696400
0.337,3,Sep 14 2023 15: +0,1694700000
0.35,1,Sep 14 2023 16: +0,1694703600
0.33,5,Sep 14 2023 17: +0,1694707200
0.338,4,Sep 14 2023 18: +0,1694710800
0.274,1,Sep 14 2023 19: +0,1694714400
0.356,1,Sep 14 2023 20: +0,1694718000
0.343,1,Sep 14 2023 21: +0,1694721600
0.33,2,Sep 14 2023 22: +0,1694725200
0.333,2,Sep 14 2023 23: +0,1694728800
0.352,1,Sep 15 2023 01: +0,1694736000
0.33,1,Sep 15 2023 04: +0,1694746800
0.346,2,Sep 15 2023 08: +0,1694761200
0.33,3,Sep 15 2023 09: +0,1694764800
0.36,1,Sep 15 2023 11: +0,1694772000
0.389,3,Sep 15 2023 12: +0,1694775600
0.375,5,Sep 15 2023 13: +0,1694779200
0.368,2,Sep 15 2023 14: +0,1694782800
0.393,5,Sep 15 2023 16: +0,1694790000
0.372,1,Sep 15 2023 19: +0,1694800800
0.396,3,Sep 15 2023 21: +0,1694808000
0.37,2,Sep 15 2023 22: +0,1694811600
0.396,2,Sep 16 2023 00: +0,1694818800
0.339,2,Sep 16 2023 03: +0,1694829600
0.339,1,Sep 16 2023 04: +0,1694833200
0.331,2,Sep 16 2023 05: +0,1694836800
0.315,1,Sep 16 2023 06: +0,1694840400
0.323,3,Sep 16 2023 07: +0,1694844000
0.339,3,Sep 16 2023 08: +0,1694847600
0.355,2,Sep 16 2023 09: +0,1694851200
0.331,4,Sep 16 2023 10: +0,1694854800
0.356,1,Sep 16 2023 11: +0,1694858400
0.339,3,Sep 16 2023 12: +0,1694862000
0.315,3,Sep 16 2023 13: +0,1694865600
0.389,1,Sep 16 2023 14: +0,1694869200
0.396,1,Sep 16 2023 15: +0,1694872800
0.323,1,Sep 16 2023 16: +0,1694876400
0.38,3,Sep 16 2023 17: +0,1694880000
0.368,2,Sep 16 2023 19: +0,1694887200
0.347,3,Sep 16 2023 20: +0,1694890800
0.372,5,Sep 16 2023 21: +0,1694894400
0.377,1,Sep 16 2023 22: +0,1694898000
0.356,4,Sep 16 2023 23: +0,1694901600
0.362,1,Sep 17 2023 02: +0,1694912400
0.234,1,Sep 17 2023 10: +0,1694941200
0.331,1,Sep 17 2023 11: +0,1694944800
0.323,3,Sep 17 2023 12: +0,1694948400
0.323,4,Sep 17 2023 13: +0,1694952000
0.347,5,Sep 17 2023 15: +0,1694959200
0.339,3,Sep 17 2023 16: +0,1694962800
0.339,1,Sep 17 2023 17: +0,1694966400
0.323,2,Sep 17 2023 19: +0,1694973600
0.331,4,Sep 17 2023 21: +0,1694980800
0.344,3,Sep 17 2023 22: +0,1694984400
0.393,1,Sep 17 2023 23: +0,1694988000
0.388,1,Sep 18 2023 00: +0,1694991600
0.339,1,Sep 18 2023 03: +0,1695002400
0.388,1,Sep 18 2023 04: +0,1695006000
0.339,1,Sep 18 2023 07: +0,1695016800
0.379,1,Sep 18 2023 09: +0,1695024000
0.279,1,Sep 18 2023 10: +0,1695027600
0.291,1,Sep 18 2023 11: +0,1695031200
0.315,1,Sep 18 2023 15: +0,1695045600
0.372,1,Sep 18 2023 17: +0,1695052800
0.26,1,Sep 18 2023 18: +0,1695056400
0.379,3,Sep 18 2023 19: +0,1695060000
0.44,2,Sep 18 2023 20: +0,1695063600
0.377,2,Sep 18 2023 21: +0,1695067200
0.32,2,Sep 18 2023 23: +0,1695074400
0.357,2,Sep 19 2023 00: +0,1695078000
0.271,1,Sep 19 2023 01: +0,1695081600
0.336,1,Sep 19 2023 03: +0,1695088800
0.375,1,Sep 19 2023 04: +0,1695092400
0.376,1,Sep 19 2023 06: +0,1695099600
0.347,2,Sep 19 2023 07: +0,1695103200
0.352,1,Sep 19 2023 10: +0,1695114000
0.336,1,Sep 19 2023 11: +0,1695117600
0.352,1,Sep 19 2023 14: +0,1695128400
0.287,3,Sep 19 2023 15: +0,1695132000
0.344,1,Sep 19 2023 16: +0,1695135600
0.336,5,Sep 19 2023 17: +0,1695139200
0.371,1,Sep 19 2023 19: +0,1695146400
0.367,2,Sep 19 2023 21: +0,1695153600
0.383,1,Sep 19 2023 22: +0,1695157200
0.403,1,Sep 20 2023 03: +0,1695175200
0.394,2,Sep 20 2023 04: +0,1695178800
0.377,1,Sep 20 2023 14: +0,1695214800
0.387,1,Sep 20 2023 16: +0,1695222000
0.377,3,Sep 20 2023 17: +0,1695225600
0.503,2,Sep 20 2023 18: +0,1695229200
0.291,2,Sep 20 2023 19: +0,1695232800
0.352,1,Sep 20 2023 20: +0,1695236400
0.377,1,Sep 20 2023 21: +0,1695240000
0.381,1,Sep 20 2023 22: +0,1695243600
0.34,2,Sep 21 2023 00: +0,1695250800
0.287,1,Sep 21 2023 02: +0,1695258000
0.34,2,Sep 21 2023 04: +0,1695265200
0.373,2,Sep 21 2023 05: +0,1695268800
0.385,1,Sep 21 2023 06: +0,1695272400
0.251,1,Sep 21 2023 10: +0,1695286800
0.352,1,Sep 21 2023 11: +0,1695290400
0.384,2,Sep 21 2023 13: +0,1695297600
0.352,1,Sep 21 2023 14: +0,1695301200
0.367,2,Sep 21 2023 15: +0,1695304800
0.377,1,Sep 21 2023 16: +0,1695308400
0.385,2,Sep 21 2023 17: +0,1695312000
0.386,1,Sep 21 2023 18: +0,1695315600
0.368,2,Sep 21 2023 20: +0,1695322800
0.352,1,Sep 21 2023 21: +0,1695326400
0.386,1,Sep 21 2023 23: +0,1695333600
0.393,1,Sep 22 2023 01: +0,1695340800
0.372,1,Sep 22 2023 03: +0,1695348000
0.374,1,Sep 22 2023 08: +0,1695366000
0.352,1,Sep 22 2023 09: +0,1695369600
0.385,1,Sep 22 2023 11: +0,1695376800
0.38,1,Sep 22 2023 13: +0,1695384000
0.352,3,Sep 22 2023 14: +0,1695387600
0.364,2,Sep 22 2023 15: +0,1695391200
0.179,1,Sep 22 2023 16: +0,1695394800
0.328,1,Sep 22 2023 17: +0,1695398400
0.357,2,Sep 22 2023 18: +0,1695402000
0.375,1,Sep 22 2023 19: +0,1695405600
0.352,1,Sep 22 2023 20: +0,1695409200
0.344,2,Sep 22 2023 21: +0,1695412800
0.354,2,Sep 22 2023 22: +0,1695416400
0.366,1,Sep 22 2023 23: +0,1695420000
0.361,2,Sep 23 2023 00: +0,1695423600
0.344,1,Sep 23 2023 01: +0,1695427200
0.386,2,Sep 23 2023 03: +0,1695434400
0.382,2,Sep 23 2023 04: +0,1695438000
0.352,3,Sep 23 2023 11: +0,1695463200
0.38,1,Sep 23 2023 13: +0,1695470400
0.379,1,Sep 23 2023 14: +0,1695474000
0.414,1,Sep 23 2023 16: +0,1695481200
0.378,1,Sep 23 2023 18: +0,1695488400
0.377,3,Sep 23 2023 19: +0,1695492000
0.367,1,Sep 23 2023 20: +0,1695495600
0.362,2,Sep 23 2023 21: +0,1695499200
0.352,3,Sep 23 2023 22: +0,1695502800
0.358,2,Sep 24 2023 00: +0,1695510000
0.378,2,Sep 24 2023 01: +0,1695513600
0.391,3,Sep 24 2023 02: +0,1695517200
0.386,1,Sep 24 2023 05: +0,1695528000
0.375,1,Sep 24 2023 07: +0,1695535200
0.352,5,Sep 24 2023 10: +0,1695546000
0.336,1,Sep 24 2023 11: +0,1695549600
0.339,2,Sep 24 2023 12: +0,1695553200
0.352,3,Sep 24 2023 13: +0,1695556800
0.352,1,Sep 24 2023 18: +0,1695574800
0.344,5,Sep 24 2023 19: +0,1695578400
0.385,1,Sep 24 2023 21: +0,1695585600
0.381,1,Sep 25 2023 00: +0,1695596400
0.375,1,Sep 25 2023 01: +0,1695600000
0.393,1,Sep 25 2023 04: +0,1695610800
0.312,1,Sep 25 2023 06: +0,1695618000
0.386,1,Sep 25 2023 07: +0,1695621600
0.352,1,Sep 25 2023 10: +0,1695632400
0.307,2,Sep 25 2023 11: +0,1695636000
0.375,1,Sep 25 2023 13: +0,1695643200
0.359,2,Sep 25 2023 14: +0,1695646800
0.381,2,Sep 25 2023 16: +0,1695654000
0.377,2,Sep 25 2023 20: +0,1695668400
0.363,2,Sep 25 2023 21: +0,1695672000
0.385,1,Sep 26 2023 01: +0,1695686400
0.385,1,Sep 26 2023 03: +0,1695693600
0.361,2,Sep 26 2023 05: +0,1695700800
0.385,1,Sep 26 2023 06: +0,1695704400
0.385,1,Sep 26 2023 07: +0,1695708000
0.385,5,Sep 26 2023 09: +0,1695715200
0.392,6,Sep 26 2023 10: +0,1695718800
0.415,1,Sep 26 2023 11: +0,1695722400
0.258,1,Sep 26 2023 12: +0,1695726000
0.421,2,Sep 26 2023 13: +0,1695729600
0.406,4,Sep 26 2023 16: +0,1695740400
0.352,1,Sep 26 2023 17: +0,1695744000
0.393,3,Sep 26 2023 18: +0,1695747600
0.151,1,Sep 26 2023 19: +0,1695751200
0.295,1,Sep 26 2023 21: +0,1695758400
0.413,4,Sep 26 2023 22: +0,1695762000
0.425,10,Sep 27 2023 00: +0,1695769200
0.431,1,Sep 27 2023 01: +0,1695772800
0.419,1,Sep 27 2023 02: +0,1695776400
0.448,4,Sep 27 2023 03: +0,1695780000
0.43,4,Sep 27 2023 04: +0,1695783600
0.409,1,Sep 27 2023 08: +0,1695798000
0.417,1,Sep 27 2023 11: +0,1695808800
0.477,3,Sep 27 2023 13: +0,1695816000
0.479,1,Sep 27 2023 14: +0,1695819600
0.469,2,Sep 27 2023 16: +0,1695826800
0.483,1,Sep 27 2023 17: +0,1695830400
0.455,3,Sep 27 2023 18: +0,1695834000
0.467,2,Sep 27 2023 19: +0,1695837600
0.43,2,Sep 27 2023 22: +0,1695848400
0.426,5,Sep 27 2023 23: +0,1695852000
0.456,2,Sep 28 2023 01: +0,1695859200
0.48,3,Sep 28 2023 02: +0,1695862800
0.367,2,Sep 28 2023 03: +0,1695866400
0.426,1,Sep 28 2023 07: +0,1695880800
0.429,2,Sep 28 2023 08: +0,1695884400
0.417,5,Sep 28 2023 10: +0,1695891600
0.385,3,Sep 28 2023 12: +0,1695898800
0.393,11,Sep 28 2023 13: +0,1695902400
0.442,1,Sep 28 2023 14: +0,1695906000
0.442,1,Sep 28 2023 15: +0,1695909600
0.442,1,Sep 28 2023 16: +0,1695913200
0.433,1,Sep 28 2023 17: +0,1695916800
0.442,1,Sep 28 2023 18: +0,1695920400
0.401,3,Sep 28 2023 19: +0,1695924000
0.436,5,Sep 28 2023 20: +0,1695927600
0.432,1,Sep 28 2023 21: +0,1695931200
0.422,2,Sep 28 2023 23: +0,1695938400
0.405,1,Sep 29 2023 04: +0,1695956400
0.319,1,Sep 29 2023 05: +0,1695960000
0.352,2,Sep 29 2023 06: +0,1695963600
0.405,2,Sep 29 2023 07: +0,1695967200
0.336,2,Sep 29 2023 09: +0,1695974400
0.348,2,Sep 29 2023 11: +0,1695981600
0.344,3,Sep 29 2023 12: +0,1695985200
0.357,6,Sep 29 2023 14: +0,1695992400
0.408,3,Sep 29 2023 16: +0,1695999600
0.423,3,Sep 29 2023 17: +0,1696003200
0.423,1,Sep 29 2023 18: +0,1696006800
0.425,1,Sep 29 2023 19: +0,1696010400
0.414,1,Sep 29 2023 20: +0,1696014000
0.393,2,Sep 29 2023 21: +0,1696017600
0.43,1,Sep 29 2023 22: +0,1696021200
0.373,1,Sep 29 2023 23: +0,1696024800
0.352,1,Sep 30 2023 00: +0,1696028400
0.295,1,Sep 30 2023 01: +0,1696032000
0.352,1,Sep 30 2023 03: +0,1696039200
0.327,1,Sep 30 2023 05: +0,1696046400
0.385,5,Sep 30 2023 06: +0,1696050000
0.403,2,Sep 30 2023 08: +0,1696057200
0.437,1,Sep 30 2023 09: +0,1696060800
0.424,1,Sep 30 2023 10: +0,1696064400
0.393,2,Sep 30 2023 11: +0,1696068000
0.523,2,Sep 30 2023 12: +0,1696071600
0.372,2,Sep 30 2023 13: +0,1696075200
0.368,1,Sep 30 2023 14: +0,1696078800
0.337,2,Sep 30 2023 15: +0,1696082400
0.376,5,Sep 30 2023 17: +0,1696089600
0.373,4,Sep 30 2023 18: +0,1696093200
0.383,3,Sep 30 2023 19: +0,1696096800
0.377,8,Sep 30 2023 22: +0,1696107600
0.358,2,Sep 30 2023 23: +0,1696111200
0.433,2,Oct 01 2023 00: +0,1696114800
0.327,1,Oct 01 2023 04: +0,1696129200
0.376,1,Oct 01 2023 09: +0,1696147200
0.368,2,Oct 01 2023 11: +0,1696154400
0.295,1,Oct 01 2023 12: +0,1696158000
0.359,2,Oct 01 2023 13: +0,1696161600
1.706,1,Oct 01 2023 14: +0,1696165200
0.364,2,Oct 01 2023 15: +0,1696168800
0.367,5,Oct 01 2023 16: +0,1696172400
0.376,5,Oct 01 2023 17: +0,1696176000
0.376,3,Oct 01 2023 18: +0,1696179600
0.359,1,Oct 01 2023 19: +0,1696183200
0.338,2,Oct 01 2023 20: +0,1696186800
0.342,4,Oct 01 2023 22: +0,1696194000
0.358,1,Oct 02 2023 00: +0,1696201200
0.398,3,Oct 02 2023 02: +0,1696208400
1.593,2,Oct 02 2023 04: +0,1696215600
0.407,2,Oct 02 2023 05: +0,1696219200
0.416,3,Oct 02 2023 11: +0,1696240800
0.414,2,Oct 02 2023 12: +0,1696244400
0.278,1,Oct 02 2023 15: +0,1696255200
0.385,1,Oct 02 2023 16: +0,1696258800
0.336,1,Oct 02 2023 18: +0,1696266000
0.372,4,Oct 02 2023 19: +0,1696269600
0.405,2,Oct 02 2023 20: +0,1696273200
0.406,1,Oct 02 2023 21: +0,1696276800
0.264,1,Oct 03 2023 01: +0,1696291200
0.426,2,Oct 03 2023 02: +0,1696294800
0.411,1,Oct 03 2023 03: +0,1696298400
0.365,1,Oct 03 2023 06: +0,1696309200
0.365,3,Oct 03 2023 07: +0,1696312800
0.406,2,Oct 03 2023 08: +0,1696316400
0.216,1,Oct 03 2023 10: +0,1696323600
0.407,3,Oct 03 2023 12: +0,1696330800
0.344,2,Oct 03 2023 13: +0,1696334400
0.868,2,Oct 03 2023 14: +0,1696338000
0.346,2,Oct 03 2023 15: +0,1696341600
0.371,1,Oct 03 2023 16: +0,1696345200
0.374,1,Oct 03 2023 18: +0,1696352400
0.369,2,Oct 03 2023 19: +0,1696356000
0.358,1,Oct 03 2023 21: +0,1696363200
0.414,1,Oct 03 2023 22: +0,1696366800
0.379,3,Oct 03 2023 23: +0,1696370400
0.431,1,Oct 04 2023 02: +0,1696381200
0.368,2,Oct 04 2023 04: +0,1696388400
0.35,2,Oct 04 2023 08: +0,1696402800
0.387,4,Oct 04 2023 09: +0,1696406400
0.359,1,Oct 04 2023 10: +0,1696410000
0.381,2,Oct 04 2023 11: +0,1696413600
0.404,1,Oct 04 2023 12: +0,1696417200
0.385,2,Oct 04 2023 13: +0,1696420800
0.362,4,Oct 04 2023 14: +0,1696424400
0.377,1,Oct 04 2023 15: +0,1696428000
0.397,5,Oct 04 2023 18: +0,1696438800
0.423,3,Oct 04 2023 19: +0,1696442400
0.353,2,Oct 04 2023 20: +0,1696446000
0.404,1,Oct 04 2023 21: +0,1696449600
0.408,1,Oct 04 2023 22: +0,1696453200
0.386,1,Oct 04 2023 23: +0,1696456800
0.397,2,Oct 05 2023 00: +0,1696460400
0.37,1,Oct 05 2023 03: +0,1696471200
0.354,3,Oct 05 2023 06: +0,1696482000
0.354,1,Oct 05 2023 09: +0,1696492800
0.363,4,Oct 05 2023 10: +0,1696496400
0.35,1,Oct 05 2023 11: +0,1696500000
0.365,4,Oct 05 2023 13: +0,1696507200
0.346,1,Oct 05 2023 14: +0,1696510800
0.345,3,Oct 05 2023 15: +0,1696514400
0.367,2,Oct 05 2023 16: +0,1696518000
0.38,2,Oct 05 2023 17: +0,1696521600
0.366,5,Oct 05 2023 19: +0,1696528800
0.407,5,Oct 05 2023 20: +0,1696532400
0.404,1,Oct 05 2023 21: +0,1696536000
0.401,4,Oct 05 2023 22: +0,1696539600
0.334,2,Oct 06 2023 00: +0,1696546800
0.381,6,Oct 06 2023 02: +0,1696554000
0.417,2,Oct 06 2023 04: +0,1696561200
0.425,1,Oct 06 2023 05: +0,1696564800
0.379,1,Oct 06 2023 07: +0,1696572000
0.379,2,Oct 06 2023 10: +0,1696582800
0.369,2,Oct 06 2023 12: +0,1696590000
0.415,3,Oct 06 2023 13: +0,1696593600
0.389,2,Oct 06 2023 14: +0,1696597200
0.425,1,Oct 06 2023 15: +0,1696600800
0.425,1,Oct 06 2023 16: +0,1696604400
0.373,2,Oct 06 2023 17: +0,1696608000
0.337,1,Oct 06 2023 18: +0,1696611600
0.385,9,Oct 06 2023 19: +0,1696615200
0.354,3,Oct 06 2023 20: +0,1696618800
0.354,1,Oct 06 2023 21: +0,1696622400
0.405,2,Oct 06 2023 23: +0,1696629600
0.415,2,Oct 07 2023 00: +0,1696633200
2.447,1,Oct 07 2023 01: +0,1696636800
0.428,1,Oct 07 2023 02: +0,1696640400
0.341,2,Oct 07 2023 04: +0,1696647600
0.414,1,Oct 07 2023 08: +0,1696662000
0.521,2,Oct 07 2023 10: +0,1696669200
0.424,10,Oct 07 2023 11: +0,1696672800
0.4,7,Oct 07 2023 13: +0,1696680000
0.351,1,Oct 07 2023 14: +0,1696683600
0.418,2,Oct 07 2023 15: +0,1696687200
0.417,1,Oct 07 2023 16: +0,1696690800
0.42,5,Oct 07 2023 17: +0,1696694400
0.371,4,Oct 07 2023 18: +0,1696698000
0.429,1,Oct 07 2023 19: +0,1696701600
0.424,2,Oct 07 2023 20: +0,1696705200
0.343,1,Oct 07 2023 21: +0,1696708800
0.42,3,Oct 07 2023 22: +0,1696712400
0.412,1,Oct 07 2023 23: +0,1696716000
0.429,2,Oct 08 2023 01: +0,1696723200
0.425,3,Oct 08 2023 02: +0,1696726800
0.429,1,Oct 08 2023 03: +0,1696730400
0.426,1,Oct 08 2023 04: +0,1696734000
0.424,1,Oct 08 2023 05: +0,1696737600
0.424,1,Oct 08 2023 06: +0,1696741200
0.437,1,Oct 08 2023 08: +0,1696748400
0.429,1,Oct 08 2023 10: +0,1696755600
0.427,4,Oct 08 2023 11: +0,1696759200
0.412,1,Oct 08 2023 14: +0,1696770000
0.419,2,Oct 08 2023 15: +0,1696773600
0.351,1,Oct 08 2023 16: +0,1696777200
0.347,4,Oct 08 2023 18: +0,1696784400
0.351,1,Oct 08 2023 20: +0,1696791600
0.4,2,Oct 08 2023 21: +0,1696795200
0.408,2,Oct 08 2023 22: +0,1696798800
0.412,3,Oct 08 2023 23: +0,1696802400
0.414,1,Oct 09 2023 01: +0,1696809600
0.408,2,Oct 09 2023 02: +0,1696813200
0.433,1,Oct 09 2023 03: +0,1696816800
0.351,1,Oct 09 2023 04: +0,1696820400
0.351,1,Oct 09 2023 06: +0,1696827600
0.393,1,Oct 09 2023 07: +0,1696831200
0.351,1,Oct 09 2023 13: +0,1696852800
0.369,3,Oct 09 2023 14: +0,1696856400
0.378,2,Oct 09 2023 15: +0,1696860000
0.395,3,Oct 09 2023 16: +0,1696863600
0.36,1,Oct 09 2023 17: +0,1696867200
0.383,2,Oct 09 2023 18: +0,1696870800
0.394,3,Oct 09 2023 19: +0,1696874400
0.409,2,Oct 09 2023 20: +0,1696878000
0.36,1,Oct 09 2023 22: +0,1696885200
0.416,1,Oct 09 2023 23: +0,1696888800
0.424,1,Oct 10 2023 01: +0,1696896000
0.42,2,Oct 10 2023 02: +0,1696899600
0.407,1,Oct 10 2023 04: +0,1696906800
0.294,1,Oct 10 2023 06: +0,1696914000
0.395,1,Oct 10 2023 12: +0,1696935600
0.31,1,Oct 10 2023 13: +0,1696939200
0.4,1,Oct 10 2023 14: +0,1696942800
0.38,2,Oct 10 2023 15: +0,1696946400
0.426,2,Oct 10 2023 16: +0,1696950000
0.343,1,Oct 10 2023 18: +0,1696957200
0.398,2,Oct 10 2023 19: +0,1696960800
0.4,1,Oct 10 2023 21: +0,1696968000
0.311,3,Oct 10 2023 22: +0,1696971600
0.399,2,Oct 10 2023 23: +0,1696975200
0.402,1,Oct 11 2023 00: +0,1696978800
0.394,2,Oct 11 2023 02: +0,1696986000
0.368,1,Oct 11 2023 03: +0,1696989600
0.416,1,Oct 11 2023 04: +0,1696993200
0.346,1,Oct 11 2023 08: +0,1697007600
0.375,1,Oct 11 2023 10: +0,1697014800
0.421,2,Oct 11 2023 12: +0,1697022000
0.363,4,Oct 11 2023 13: +0,1697025600
0.335,1,Oct 11 2023 14: +0,1697029200
0.392,1,Oct 11 2023 15: +0,1697032800
0.409,1,Oct 11 2023 16: +0,1697036400
0.426,1,Oct 11 2023 17: +0,1697040000
0.427,2,Oct 11 2023 18: +0,1697043600
0.425,4,Oct 11 2023 19: +0,1697047200
0.403,6,Oct 11 2023 20: +0,1697050800
0.381,2,Oct 11 2023 21: +0,1697054400
0.428,3,Oct 11 2023 22: +0,1697058000
0.386,1,Oct 11 2023 23: +0,1697061600
0.425,1,Oct 12 2023 01: +0,1697068800
0.435,1,Oct 12 2023 02: +0,1697072400
0.337,1,Oct 12 2023 05: +0,1697083200
0.337,1,Oct 12 2023 06: +0,1697086800
0.386,1,Oct 12 2023 07: +0,1697090400
0.425,2,Oct 12 2023 12: +0,1697108400
0.372,2,Oct 12 2023 13: +0,1697112000
0.419,1,Oct 12 2023 14: +0,1697115600
0.411,2,Oct 12 2023 15: +0,1697119200
0.403,3,Oct 12 2023 16: +0,1697122800
0.403,1,Oct 12 2023 17: +0,1697126400
0.423,1,Oct 12 2023 21: +0,1697140800
0.425,1,Oct 12 2023 22: +0,1697144400
0.419,3,Oct 12 2023 23: +0,1697148000
0.312,1,Oct 13 2023 00: +0,1697151600
0.377,2,Oct 13 2023 02: +0,1697158800
0.423,2,Oct 13 2023 03: +0,1697162400
0.423,1,Oct 13 2023 06: +0,1697173200
0.419,1,Oct 13 2023 07: +0,1697176800
0.632,2,Oct 13 2023 10: +0,1697187600
0.417,1,Oct 13 2023 11: +0,1697191200
0.403,2,Oct 13 2023 13: +0,1697198400
0.403,1,Oct 13 2023 14: +0,1697202000
0.403,2,Oct 13 2023 15: +0,1697205600
0.406,1,Oct 13 2023 16: +0,1697209200
0.42,1,Oct 13 2023 17: +0,1697212800
0.407,2,Oct 13 2023 18: +0,1697216400
0.357,2,Oct 13 2023 19: +0,1697220000
0.424,4,Oct 13 2023 23: +0,1697234400
0.421,3,Oct 14 2023 01: +0,1697241600
0.403,1,Oct 14 2023 02: +0,1697245200
0.419,1,Oct 14 2023 03: +0,1697248800
0.37,4,Oct 14 2023 05: +0,1697256000
0.417,3,Oct 14 2023 08: +0,1697266800
0.378,1,Oct 14 2023 09: +0,1697270400
0.409,2,Oct 14 2023 12: +0,1697281200
0.423,2,Oct 14 2023 13: +0,1697284800
0.425,3,Oct 14 2023 14: +0,1697288400
0.421,2,Oct 14 2023 15: +0,1697292000
0.398,2,Oct 14 2023 17: +0,1697299200
0.379,2,Oct 14 2023 18: +0,1697302800
0.435,3,Oct 14 2023 19: +0,1697306400
0.414,1,Oct 14 2023 21: +0,1697313600
0.417,2,Oct 14 2023 22: +0,1697317200
0.408,2,Oct 14 2023 23: +0,1697320800
0.337,1,Oct 15 2023 01: +0,1697328000
0.405,2,Oct 15 2023 02: +0,1697331600
0.386,1,Oct 15 2023 03: +0,1697335200
0.412,2,Oct 15 2023 05: +0,1697342400
0.385,2,Oct 15 2023 06: +0,1697346000
0.405,2,Oct 15 2023 08: +0,1697353200
0.419,6,Oct 15 2023 09: +0,1697356800
0.424,1,Oct 15 2023 10: +0,1697360400
0.41,1,Oct 15 2023 11: +0,1697364000
0.424,3,Oct 15 2023 12: +0,1697367600
0.395,1,Oct 15 2023 13: +0,1697371200
0.308,2,Oct 15 2023 14: +0,1697374800
0.411,2,Oct 15 2023 15: +0,1697378400
0.417,1,Oct 15 2023 16: +0,1697382000
0.401,2,Oct 15 2023 19: +0,1697392800
0.41,4,Oct 15 2023 20: +0,1697396400
0.395,3,Oct 15 2023 22: +0,1697403600
0.403,2,Oct 15 2023 23: +0,1697407200
0.415,1,Oct 16 2023 00: +0,1697410800
0.419,2,Oct 16 2023 01: +0,1697414400
0.419,1,Oct 16 2023 04: +0,1697425200
0.37,2,Oct 16 2023 08: +0,1697439600
0.417,1,Oct 16 2023 09: +0,1697443200
0.403,2,Oct 16 2023 10: +0,1697446800
0.409,2,Oct 16 2023 11: +0,1697450400
0.386,1,Oct 16 2023 13: +0,1697457600
0.418,1,Oct 16 2023 14: +0,1697461200
0.415,2,Oct 16 2023 16: +0,1697468400
0.476,1,Oct 16 2023 17: +0,1697472000
0.424,3,Oct 16 2023 19: +0,1697479200
0.409,2,Oct 16 2023 20: +0,1697482800
0.428,4,Oct 16 2023 21: +0,1697486400
0.395,1,Oct 16 2023 23: +0,1697493600
1.004,1,Oct 17 2023 02: +0,1697504400
0.395,1,Oct 17 2023 05: +0,1697515200
0.428,1,Oct 17 2023 08: +0,1697526000
0.338,2,Oct 17 2023 09: +0,1697529600
0.413,1,Oct 17 2023 10: +0,1697533200
0.445,1,Oct 17 2023 12: +0,1697540400
0.334,1,Oct 17 2023 13: +0,1697544000
0.421,1,Oct 17 2023 14: +0,1697547600
0.403,1,Oct 17 2023 15: +0,1697551200
0.391,2,Oct 17 2023 19: +0,1697565600
0.415,4,Oct 17 2023 20: +0,1697569200
0.41,1,Oct 17 2023 22: +0,1697576400
0.403,1,Oct 18 2023 00: +0,1697583600
0.403,3,Oct 18 2023 02: +0,1697590800
0.374,2,Oct 18 2023 04: +0,1697598000
0.401,2,Oct 18 2023 06: +0,1697605200
0.387,1,Oct 18 2023 09: +0,1697616000
0.387,1,Oct 18 2023 10: +0,1697619600
0.39,1,Oct 18 2023 11: +0,1697623200
0.384,3,Oct 18 2023 12: +0,1697626800
0.433,4,Oct 18 2023 13: +0,1697630400
0.422,1,Oct 18 2023 14: +0,1697634000
0.416,3,Oct 18 2023 16: +0,1697641200
0.419,3,Oct 18 2023 17: +0,1697644800
0.433,1,Oct 18 2023 18: +0,1697648400
0.423,2,Oct 18 2023 19: +0,1697652000
0.451,1,Oct 18 2023 21: +0,1697659200
0.428,1,Oct 18 2023 22: +0,1697662800
0.344,2,Oct 18 2023 23: +0,1697666400
0.392,2,Oct 19 2023 00: +0,1697670000
0.387,1,Oct 19 2023 01: +0,1697673600
0.428,3,Oct 19 2023 03: +0,1697680800
0.428,1,Oct 19 2023 04: +0,1697684400
0.428,1,Oct 19 2023 06: +0,1697691600
0.425,1,Oct 19 2023 09: +0,1697702400
0.343,1,Oct 19 2023 11: +0,1697709600
0.434,1,Oct 19 2023 12: +0,1697713200
0.456,2,Oct 19 2023 13: +0,1697716800
0.415,2,Oct 19 2023 14: +0,1697720400
0.432,3,Oct 19 2023 15: +0,1697724000
0.347,2,Oct 19 2023 16: +0,1697727600
0.428,1,Oct 19 2023 17: +0,1697731200
0.436,2,Oct 19 2023 18: +0,1697734800
0.426,2,Oct 19 2023 19: +0,1697738400
0.392,2,Oct 19 2023 20: +0,1697742000
0.419,1,Oct 19 2023 21: +0,1697745600
0.395,1,Oct 19 2023 22: +0,1697749200
0.407,2,Oct 20 2023 00: +0,1697756400
0.413,2,Oct 20 2023 01: +0,1697760000
0.423,2,Oct 20 2023 02: +0,1697763600
0.54,1,Oct 20 2023 05: +0,1697774400
0.426,1,Oct 20 2023 07: +0,1697781600
0.437,5,Oct 20 2023 08: +0,1697785200
0.394,1,Oct 20 2023 09: +0,1697788800
0.412,2,Oct 20 2023 10: +0,1697792400
0.437,2,Oct 20 2023 12: +0,1697799600
0.432,2,Oct 20 2023 14: +0,1697806800
0.435,1,Oct 20 2023 15: +0,1697810400
0.383,1,Oct 20 2023 16: +0,1697814000
0.402,1,Oct 20 2023 17: +0,1697817600
0.398,4,Oct 20 2023 18: +0,1697821200
0.381,1,Oct 20 2023 19: +0,1697824800
0.402,4,Oct 20 2023 20: +0,1697828400
0.404,1,Oct 20 2023 21: +0,1697832000
0.414,1,Oct 20 2023 22: +0,1697835600
0.422,4,Oct 20 2023 23: +0,1697839200
0.446,1,Oct 21 2023 00: +0,1697842800
0.417,2,Oct 21 2023 01: +0,1697846400
0.442,1,Oct 21 2023 02: +0,1697850000
0.445,1,Oct 21 2023 05: +0,1697860800
0.397,1,Oct 21 2023 07: +0,1697868000
0.442,1,Oct 21 2023 08: +0,1697871600
0.394,2,Oct 21 2023 09: +0,1697875200
0.364,2,Oct 21 2023 10: +0,1697878800
0.39,2,Oct 21 2023 13: +0,1697889600
0.435,2,Oct 21 2023 14: +0,1697893200
0.338,1,Oct 21 2023 15: +0,1697896800
0.445,3,Oct 21 2023 17: +0,1697904000
0.401,1,Oct 21 2023 20: +0,1697914800
0.42,2,Oct 21 2023 21: +0,1697918400
0.436,2,Oct 21 2023 23: +0,1697925600
0.445,2,Oct 22 2023 00: +0,1697929200
0.437,1,Oct 22 2023 01: +0,1697932800
0.495,2,Oct 22 2023 02: +0,1697936400
0.431,3,Oct 22 2023 03: +0,1697940000
0.431,3,Oct 22 2023 04: +0,1697943600
0.435,1,Oct 22 2023 05: +0,1697947200
0.443,1,Oct 22 2023 07: +0,1697954400
0.433,2,Oct 22 2023 08: +0,1697958000
0.406,4,Oct 22 2023 10: +0,1697965200
0.355,3,Oct 22 2023 11: +0,1697968800
0.388,5,Oct 22 2023 12: +0,1697972400
0.411,1,Oct 22 2023 13: +0,1697976000
0.438,4,Oct 22 2023 15: +0,1697983200
0.445,1,Oct 22 2023 16: +0,1697986800
0.445,1,Oct 22 2023 17: +0,1697990400
0.445,1,Oct 22 2023 18: +0,1697994000
0.541,1,Oct 22 2023 19: +0,1697997600
0.346,1,Oct 22 2023 21: +0,1698004800
0.417,2,Oct 22 2023 22: +0,1698008400
0.437,3,Oct 22 2023 23: +0,1698012000
0.348,2,Oct 23 2023 00: +0,1698015600
0.437,1,Oct 23 2023 01: +0,1698019200
0.476,2,Oct 23 2023 04: +0,1698030000
0.415,2,Oct 23 2023 06: +0,1698037200
0.391,2,Oct 23 2023 07: +0,1698040800
0.436,1,Oct 23 2023 08: +0,1698044400
0.422,1,Oct 23 2023 11: +0,1698055200
0.557,2,Oct 23 2023 13: +0,1698062400
0.432,2,Oct 23 2023 15: +0,1698069600
0.548,1,Oct 23 2023 16: +0,1698073200
0.435,2,Oct 23 2023 17: +0,1698076800
0.412,1,Oct 23 2023 18: +0,1698080400
0.414,2,Oct 23 2023 20: +0,1698087600
0.421,4,Oct 23 2023 21: +0,1698091200
0.433,2,Oct 23 2023 23: +0,1698098400
0.429,2,Oct 24 2023 03: +0,1698112800
0.445,1,Oct 24 2023 05: +0,1698120000
0.448,1,Oct 24 2023 07: +0,1698127200
0.692,2,Oct 24 2023 12: +0,1698145200
0.437,1,Oct 24 2023 14: +0,1698152400
0.448,5,Oct 24 2023 15: +0,1698156000
0.412,1,Oct 24 2023 16: +0,1698159600
0.445,3,Oct 24 2023 17: +0,1698163200
0.4,1,Oct 24 2023 19: +0,1698170400
0.452,1,Oct 24 2023 20: +0,1698174000
0.391,1,Oct 24 2023 21: +0,1698177600
1.452,1,Oct 24 2023 23: +0,1698184800
0.442,1,Oct 25 2023 00: +0,1698188400
0.427,2,Oct 25 2023 03: +0,1698199200
0.441,2,Oct 25 2023 04: +0,1698202800
0.443,3,Oct 25 2023 05: +0,1698206400
0.564,1,Oct 25 2023 06: +0,1698210000
0.417,1,Oct 25 2023 07: +0,1698213600
0.446,1,Oct 25 2023 10: +0,1698224400
0.448,2,Oct 25 2023 12: +0,1698231600
0.442,2,Oct 25 2023 14: +0,1698238800
0.443,3,Oct 25 2023 15: +0,1698242400
0.439,5,Oct 25 2023 16: +0,1698246000
0.437,1,Oct 25 2023 17: +0,1698249600
0.443,1,Oct 25 2023 18: +0,1698253200
0.441,2,Oct 25 2023 19: +0,1698256800
0.42,6,Oct 25 2023 20: +0,1698260400
0.425,2,Oct 25 2023 21: +0,1698264000
0.381,2,Oct 25 2023 22: +0,1698267600
0.404,2,Oct 25 2023 23: +0,1698271200
0.417,1,Oct 26 2023 00: +0,1698274800
0.445,1,Oct 26 2023 01: +0,1698278400
0.429,1,Oct 26 2023 04: +0,1698289200
0.445,1,Oct 26 2023 05: +0,1698292800
0.433,4,Oct 26 2023 07: +0,1698300000
0.445,7,Oct 26 2023 08: +0,1698303600
0.451,2,Oct 26 2023 13: +0,1698321600
0.451,3,Oct 26 2023 14: +0,1698325200
0.456,1,Oct 26 2023 15: +0,1698328800
0.463,1,Oct 26 2023 18: +0,1698339600
0.452,2,Oct 26 2023 20: +0,1698346800
0.488,1,Oct 26 2023 21: +0,1698350400
0.388,1,Oct 26 2023 23: +0,1698357600
0.408,4,Oct 27 2023 00: +0,1698361200
0.462,1,Oct 27 2023 01: +0,1698364800
0.438,2,Oct 27 2023 07: +0,1698386400
0.545,2,Oct 27 2023 09: +0,1698393600
0.607,2,Oct 27 2023 13: +0,1698408000
0.427,4,Oct 27 2023 14: +0,1698411600
0.438,3,Oct 27 2023 15: +0,1698415200
0.46,1,Oct 27 2023 16: +0,1698418800
0.453,1,Oct 27 2023 18: +0,1698426000
0.442,2,Oct 27 2023 19: +0,1698429600
0.43,3,Oct 27 2023 20: +0,1698433200
0.454,1,Oct 27 2023 21: +0,1698436800
0.434,3,Oct 27 2023 23: +0,1698444000
0.446,1,Oct 28 2023 00: +0,1698447600
0.361,1,Oct 28 2023 02: +0,1698454800
0.302,1,Oct 28 2023 06: +0,1698469200
0.446,5,Oct 28 2023 08: +0,1698476400
0.446,2,Oct 28 2023 09: +0,1698480000
0.453,2,Oct 28 2023 10: +0,1698483600
2.834,1,Oct 28 2023 13: +0,1698494400
0.439,4,Oct 28 2023 16: +0,1698505200
0.438,1,Oct 28 2023 18: +0,1698512400
0.435,4,Oct 28 2023 19: +0,1698516000
0.429,1,Oct 28 2023 20: +0,1698519600
0.455,3,Oct 28 2023 22: +0,1698526800
0.405,1,Oct 28 2023 23: +0,1698530400
0.455,3,Oct 29 2023 00: +0,1698534000
0.405,1,Oct 29 2023 01: +0,1698537600
0.473,3,Oct 29 2023 02: +0,1698544800
0.487,5,Oct 29 2023 03: +0,1698548400
0.429,1,Oct 29 2023 04: +0,1698552000
0.425,2,Oct 29 2023 05: +0,1698555600
0.446,3,Oct 29 2023 08: +0,1698566400
0.446,3,Oct 29 2023 09: +0,1698570000
0.446,12,Oct 29 2023 10: +0,1698573600
0.441,1,Oct 29 2023 11: +0,1698577200
0.821,1,Oct 29 2023 12: +0,1698580800
0.38,1,Oct 29 2023 13: +0,1698584400
0.341,2,Oct 29 2023 15: +0,1698591600
0.369,3,Oct 29 2023 16: +0,1698595200
0.39,1,Oct 29 2023 17: +0,1698598800
0.438,1,Oct 29 2023 18: +0,1698602400
0.39,1,Oct 29 2023 19: +0,1698606000
0.438,1,Oct 29 2023 20: +0,1698609600
0.421,1,Oct 29 2023 21: +0,1698613200
0.414,2,Oct 29 2023 22: +0,1698616800
0.392,2,Oct 29 2023 23: +0,1698620400
0.369,4,Oct 30 2023 00: +0,1698624000
0.369,1,Oct 30 2023 01: +0,1698627600
0.398,2,Oct 30 2023 03: +0,1698634800
0.404,3,Oct 30 2023 04: +0,1698638400
0.516,1,Oct 30 2023 07: +0,1698649200
0.438,1,Oct 30 2023 09: +0,1698656400
0.445,1,Oct 30 2023 11: +0,1698663600
0.447,1,Oct 30 2023 12: +0,1698667200
0.447,1,Oct 30 2023 13: +0,1698670800
0.422,1,Oct 30 2023 14: +0,1698674400
0.447,1,Oct 30 2023 15: +0,1698678000
0.396,2,Oct 30 2023 17: +0,1698685200
0.422,1,Oct 30 2023 19: +0,1698692400
0.41,2,Oct 30 2023 20: +0,1698696000
0.429,3,Oct 30 2023 22: +0,1698703200
0.443,2,Oct 31 2023 00: +0,1698710400
0.46,2,Oct 31 2023 01: +0,1698714000
6.485,1,Oct 31 2023 03: +0,1698721200
0.406,1,Oct 31 2023 06: +0,1698732000
0.42,1,Oct 31 2023 07: +0,1698735600
0.439,1,Oct 31 2023 09: +0,1698742800
0.434,1,Oct 31 2023 10: +0,1698746400
0.442,1,Oct 31 2023 11: +0,1698750000
0.422,1,Oct 31 2023 12: +0,1698753600
0.431,2,Oct 31 2023 13: +0,1698757200
0.406,1,Oct 31 2023 16: +0,1698768000
0.418,2,Oct 31 2023 17: +0,1698771600
0.438,1,Oct 31 2023 18: +0,1698775200
0.422,1,Oct 31 2023 19: +0,1698778800
0.422,1,Oct 31 2023 20: +0,1698782400
0.414,1,Oct 31 2023 22: +0,1698789600
0.39,1,Oct 31 2023 23: +0,1698793200
0.306,2,Nov 01 2023 01: +0,1698800400
0.391,1,Nov 01 2023 02: +0,1698804000
0.433,2,Nov 01 2023 03: +0,1698807600
0.38,2,Nov 01 2023 04: +0,1698811200
0.362,2,Nov 01 2023 05: +0,1698814800
0.389,1,Nov 01 2023 09: +0,1698829200
0.448,1,Nov 01 2023 10: +0,1698832800
0.406,2,Nov 01 2023 11: +0,1698836400
0.325,1,Nov 01 2023 12: +0,1698840000
0.427,2,Nov 01 2023 13: +0,1698843600
0.406,4,Nov 01 2023 14: +0,1698847200
0.391,3,Nov 01 2023 15: +0,1698850800
0.448,4,Nov 01 2023 17: +0,1698858000
0.46,1,Nov 01 2023 18: +0,1698861600
0.415,3,Nov 01 2023 19: +0,1698865200
0.421,1,Nov 01 2023 20: +0,1698868800
0.308,1,Nov 01 2023 21: +0,1698872400
0.425,4,Nov 01 2023 22: +0,1698876000
0.41,1,Nov 01 2023 23: +0,1698879600
1.25,3,Nov 02 2023 00: +0,1698883200
0.413,1,Nov 02 2023 01: +0,1698886800
0.427,12,Nov 02 2023 02: +0,1698890400
0.349,1,Nov 02 2023 03: +0,1698894000
0.438,3,Nov 02 2023 07: +0,1698908400
0.429,1,Nov 02 2023 08: +0,1698912000
0.333,1,Nov 02 2023 09: +0,1698915600
0.406,1,Nov 02 2023 10: +0,1698919200
0.398,1,Nov 02 2023 13: +0,1698930000
0.406,3,Nov 02 2023 16: +0,1698940800
0.417,2,Nov 02 2023 17: +0,1698944400
0.426,3,Nov 02 2023 19: +0,1698951600
0.413,3,Nov 02 2023 20: +0,1698955200
0.403,2,Nov 02 2023 21: +0,1698958800
0.708,1,Nov 03 2023 01: +0,1698973200
0.387,1,Nov 03 2023 04: +0,1698984000
0.398,7,Nov 03 2023 08: +0,1698998400
0.365,2,Nov 03 2023 09: +0,1699002000
0.391,2,Nov 03 2023 12: +0,1699012800
0.429,1,Nov 03 2023 13: +0,1699016400
0.371,2,Nov 03 2023 17: +0,1699030800
0.392,1,Nov 03 2023 18: +0,1699034400
0.387,4,Nov 03 2023 19: +0,1699038000
0.397,1,Nov 03 2023 20: +0,1699041600
0.398,11,Nov 03 2023 22: +0,1699048800
0.381,1,Nov 03 2023 23: +0,1699052400
0.39,1,Nov 04 2023 00: +0,1699056000
0.444,1,Nov 04 2023 04: +0,1699070400
0.357,2,Nov 04 2023 08: +0,1699084800
0.373,3,Nov 04 2023 09: +0,1699088400
0.373,1,Nov 04 2023 10: +0,1699092000
0.349,1,Nov 04 2023 12: +0,1699099200
0.39,1,Nov 04 2023 13: +0,1699102800
0.377,2,Nov 04 2023 15: +0,1699110000
0.381,1,Nov 04 2023 17: +0,1699117200
0.382,4,Nov 04 2023 18: +0,1699120800
0.388,1,Nov 04 2023 20: +0,1699128000
0.374,3,Nov 04 2023 21: +0,1699131600
0.39,1,Nov 04 2023 22: +0,1699135200
0.416,2,Nov 04 2023 23: +0,1699138800
0.388,1,Nov 05 2023 00: +0,1699142400
0.349,1,Nov 05 2023 01: +0,1699146000
0.3,1,Nov 05 2023 04: +0,1699156800
0.39,1,Nov 05 2023 05: +0,1699160400
0.39,1,Nov 05 2023 06: +0,1699164000
0.427,1,Nov 05 2023 07: +0,1699167600
0.39,1,Nov 05 2023 08: +0,1699171200
0.356,1,Nov 05 2023 10: +0,1699178400
0.349,1,Nov 05 2023 13: +0,1699189200
0.349,1,Nov 05 2023 14: +0,1699192800
0.373,1,Nov 05 2023 15: +0,1699196400
0.341,1,Nov 05 2023 16: +0,1699200000
0.333,3,Nov 05 2023 17: +0,1699203600
0.356,2,Nov 05 2023 18: +0,1699207200
0.388,1,Nov 05 2023 19: +0,1699210800
0.39,2,Nov 05 2023 20: +0,1699214400
0.39,1,Nov 05 2023 21: +0,1699218000
0.4,1,Nov 05 2023 22: +0,1699221600
0.365,2,Nov 06 2023 01: +0,1699232400
0.349,1,Nov 06 2023 04: +0,1699243200
0.374,3,Nov 06 2023 09: +0,1699261200
0.333,2,Nov 06 2023 11: +0,1699268400
0.353,2,Nov 06 2023 12: +0,1699272000
0.382,1,Nov 06 2023 13: +0,1699275600
0.382,1,Nov 06 2023 15: +0,1699282800
0.382,1,Nov 06 2023 16: +0,1699286400
0.382,3,Nov 06 2023 17: +0,1699290000
0.382,1,Nov 06 2023 18: +0,1699293600
0.349,4,Nov 06 2023 19: +0,1699297200
0.376,1,Nov 06 2023 20: +0,1699300800
0.716,2,Nov 06 2023 22: +0,1699308000
0.345,1,Nov 06 2023 23: +0,1699311600
0.368,3,Nov 07 2023 00: +0,1699315200
0.345,1,Nov 07 2023 07: +0,1699340400
0.321,1,Nov 07 2023 09: +0,1699347600
0.345,7,Nov 07 2023 10: +0,1699351200
0.367,1,Nov 07 2023 15: +0,1699369200
0.345,1,Nov 07 2023 16: +0,1699372800
0.349,2,Nov 07 2023 18: +0,1699380000
0.345,3,Nov 07 2023 19: +0,1699383600
0.369,2,Nov 07 2023 21: +0,1699390800
0.337,1,Nov 07 2023 22: +0,1699394400
0.348,2,Nov 07 2023 23: +0,1699398000
0.321,1,Nov 08 2023 01: +0,1699405200
0.369,1,Nov 08 2023 02: +0,1699408800
0.369,1,Nov 08 2023 04: +0,1699416000
0.345,1,Nov 08 2023 06: +0,1699423200
0.345,1,Nov 08 2023 07: +0,1699426800
0.345,3,Nov 08 2023 08: +0,1699430400
0.329,3,Nov 08 2023 09: +0,1699434000
0.345,1,Nov 08 2023 10: +0,1699437600
0.352,2,Nov 08 2023 11: +0,1699441200
0.345,4,Nov 08 2023 12: +0,1699444800
0.345,6,Nov 08 2023 13: +0,1699448400
0.348,4,Nov 08 2023 14: +0,1699452000
0.366,2,Nov 08 2023 16: +0,1699459200
0.303,1,Nov 08 2023 17: +0,1699462800
0.352,2,Nov 08 2023 18: +0,1699466400
0.351,1,Nov 08 2023 19: +0,1699470000
0.345,1,Nov 08 2023 20: +0,1699473600
0.329,1,Nov 08 2023 21: +0,1699477200
0.366,3,Nov 08 2023 22: +0,1699480800
0.385,1,Nov 09 2023 00: +0,1699488000
0.369,1,Nov 09 2023 01: +0,1699491600
0.37,1,Nov 09 2023 03: +0,1699498800
0.371,1,Nov 09 2023 04: +0,1699502400
0.373,1,Nov 09 2023 05: +0,1699506000
0.375,1,Nov 09 2023 06: +0,1699509600
0.387,1,Nov 09 2023 08: +0,1699516800
0.355,2,Nov 09 2023 09: +0,1699520400
0.366,3,Nov 09 2023 12: +0,1699531200
0.337,1,Nov 09 2023 13: +0,1699534800
0.374,1,Nov 09 2023 14: +0,1699538400
0.382,2,Nov 09 2023 16: +0,1699545600
0.385,1,Nov 09 2023 18: +0,1699552800
0.369,1,Nov 09 2023 20: +0,1699560000
0.345,1,Nov 09 2023 21: +0,1699563600
0.361,1,Nov 10 2023 01: +0,1699578000
0.369,1,Nov 10 2023 05: +0,1699592400
0.321,1,Nov 10 2023 06: +0,1699596000
0.352,1,Nov 10 2023 09: +0,1699606800
0.345,1,Nov 10 2023 14: +0,1699624800
0.361,1,Nov 10 2023 15: +0,1699628400
0.345,1,Nov 10 2023 16: +0,1699632000
0.329,1,Nov 10 2023 18: +0,1699639200
0.635,2,Nov 10 2023 20: +0,1699646400
0.369,2,Nov 10 2023 21: +0,1699650000
0.313,1,Nov 10 2023 22: +0,1699653600
0.368,1,Nov 11 2023 00: +0,1699660800
0.369,1,Nov 11 2023 01: +0,1699664400
0.364,4,Nov 11 2023 02: +0,1699668000
0.345,2,Nov 11 2023 06: +0,1699682400
0.371,1,Nov 11 2023 07: +0,1699686000
0.305,1,Nov 11 2023 10: +0,1699696800
0.325,2,Nov 11 2023 13: +0,1699707600
0.369,1,Nov 11 2023 14: +0,1699711200
0.36,3,Nov 11 2023 15: +0,1699714800
0.345,3,Nov 11 2023 18: +0,1699725600
0.377,1,Nov 11 2023 19: +0,1699729200
0.321,1,Nov 11 2023 20: +0,1699732800
0.368,2,Nov 11 2023 21: +0,1699736400
0.378,1,Nov 11 2023 22: +0,1699740000
0.325,2,Nov 11 2023 23: +0,1699743600
0.345,1,Nov 12 2023 00: +0,1699747200
0.394,1,Nov 12 2023 01: +0,1699750800
0.345,1,Nov 12 2023 07: +0,1699772400
0.337,1,Nov 12 2023 08: +0,1699776000
0.565,1,Nov 12 2023 12: +0,1699790400
0.345,1,Nov 12 2023 13: +0,1699794000
0.341,2,Nov 12 2023 14: +0,1699797600
0.345,3,Nov 12 2023 16: +0,1699804800
0.337,1,Nov 12 2023 17: +0,1699808400
0.36,1,Nov 12 2023 18: +0,1699812000
0.36,3,Nov 12 2023 19: +0,1699815600
0.345,1,Nov 12 2023 20: +0,1699819200
0.337,1,Nov 12 2023 21: +0,1699822800
0.345,1,Nov 12 2023 23: +0,1699830000
0.403,1,Nov 13 2023 03: +0,1699844400
0.329,1,Nov 13 2023 04: +0,1699848000
0.328,2,Nov 13 2023 06: +0,1699855200
0.313,1,Nov 13 2023 07: +0,1699858800
0.344,2,Nov 13 2023 13: +0,1699880400
0.345,3,Nov 13 2023 14: +0,1699884000
0.348,2,Nov 13 2023 16: +0,1699891200
0.345,3,Nov 13 2023 17: +0,1699894800
0.369,7,Nov 13 2023 18: +0,1699898400
0.36,1,Nov 13 2023 19: +0,1699902000
0.361,2,Nov 13 2023 21: +0,1699909200
0.471,2,Nov 13 2023 22: +0,1699912800
0.36,1,Nov 14 2023 00: +0,1699920000
0.377,1,Nov 14 2023 01: +0,1699923600
0.36,3,Nov 14 2023 04: +0,1699934400
0.345,1,Nov 14 2023 05: +0,1699938000
0.295,1,Nov 14 2023 07: +0,1699945200
0.36,2,Nov 14 2023 10: +0,1699956000
0.565,1,Nov 14 2023 12: +0,1699963200
0.36,2,Nov 14 2023 13: +0,1699966800
0.363,1,Nov 14 2023 14: +0,1699970400
0.345,1,Nov 14 2023 15: +0,1699974000
0.345,2,Nov 14 2023 17: +0,1699981200
0.359,1,Nov 14 2023 20: +0,1699992000
0.363,1,Nov 14 2023 21: +0,1699995600
0.369,5,Nov 15 2023 00: +0,1700006400
0.368,1,Nov 15 2023 03: +0,1700017200
0.377,2,Nov 15 2023 05: +0,1700024400
0.345,1,Nov 15 2023 06: +0,1700028000
0.345,2,Nov 15 2023 07: +0,1700031600
0.369,1,Nov 15 2023 09: +0,1700038800
0.369,2,Nov 15 2023 10: +0,1700042400
0.369,1,Nov 15 2023 12: +0,1700049600
0.306,1,Nov 15 2023 15: +0,1700060400
0.357,2,Nov 15 2023 16: +0,1700064000
0.377,1,Nov 15 2023 18: +0,1700071200
0.309,1,Nov 15 2023 21: +0,1700082000
0.368,2,Nov 16 2023 02: +0,1700100000
0.337,2,Nov 16 2023 03: +0,1700103600
0.377,1,Nov 16 2023 04: +0,1700107200
0.345,1,Nov 16 2023 07: +0,1700118000
0.348,1,Nov 16 2023 08: +0,1700121600
0.329,2,Nov 16 2023 12: +0,1700136000
0.345,1,Nov 16 2023 14: +0,1700143200
0.345,2,Nov 16 2023 16: +0,1700150400
0.36,2,Nov 16 2023 17: +0,1700154000
0.345,3,Nov 16 2023 18: +0,1700157600
0.345,2,Nov 16 2023 19: +0,1700161200
0.337,6,Nov 16 2023 20: +0,1700164800
0.358,3,Nov 16 2023 21: +0,1700168400
0.367,1,Nov 16 2023 22: +0,1700172000
0.357,1,Nov 16 2023 23: +0,1700175600
0.329,1,Nov 17 2023 01: +0,1700182800
0.345,1,Nov 17 2023 04: +0,1700193600
0.305,1,Nov 17 2023 05: +0,1700197200
0.352,2,Nov 17 2023 09: +0,1700211600
0.359,1,Nov 17 2023 11: +0,1700218800
0.308,2,Nov 17 2023 12: +0,1700222400
0.345,1,Nov 17 2023 13: +0,1700226000
0.337,1,Nov 17 2023 14: +0,1700229600
0.345,1,Nov 17 2023 17: +0,1700240400
0.329,1,Nov 17 2023 20: +0,1700251200
0.345,5,Nov 17 2023 23: +0,1700262000
0.354,1,Nov 18 2023 02: +0,1700272800
0.349,1,Nov 18 2023 06: +0,1700287200
0.347,4,Nov 18 2023 07: +0,1700290800
0.336,2,Nov 18 2023 08: +0,1700294400
0.346,5,Nov 18 2023 13: +0,1700312400
0.346,3,Nov 18 2023 14: +0,1700316000
0.329,3,Nov 18 2023 15: +0,1700319600
0.351,1,Nov 18 2023 16: +0,1700323200
0.351,1,Nov 18 2023 18: +0,1700330400
0.35,1,Nov 18 2023 19: +0,1700334000
0.351,1,Nov 18 2023 20: +0,1700337600
0.289,1,Nov 19 2023 00: +0,1700352000
0.322,2,Nov 19 2023 01: +0,1700355600
0.351,1,Nov 19 2023 02: +0,1700359200
0.345,1,Nov 19 2023 04: +0,1700366400
0.35,1,Nov 19 2023 05: +0,1700370000
0.848,2,Nov 19 2023 11: +0,1700391600
0.341,2,Nov 19 2023 12: +0,1700395200
0.326,2,Nov 19 2023 16: +0,1700409600
0.339,2,Nov 19 2023 17: +0,1700413200
0.334,2,Nov 19 2023 21: +0,1700427600
0.344,2,Nov 19 2023 23: +0,1700434800
0.321,1,Nov 20 2023 00: +0,1700438400
0.354,1,Nov 20 2023 04: +0,1700452800
0.331,2,Nov 20 2023 06: +0,1700460000
0.369,1,Nov 20 2023 09: +0,1700470800
0.361,1,Nov 20 2023 11: +0,1700478000
0.359,1,Nov 20 2023 14: +0,1700488800
0.337,1,Nov 20 2023 17: +0,1700499600
0.301,1,Nov 20 2023 20: +0,1700510400
0.34,1,Nov 20 2023 21: +0,1700514000
0.335,2,Nov 20 2023 22: +0,1700517600
0.298,1,Nov 20 2023 23: +0,1700521200
0.324,1,Nov 21 2023 01: +0,1700528400
0.337,1,Nov 21 2023 02: +0,1700532000
0.307,1,Nov 21 2023 05: +0,1700542800
0.221,2,Nov 21 2023 13: +0,1700571600
0.308,2,Nov 21 2023 14: +0,1700575200
0.242,1,Nov 21 2023 15: +0,1700578800
0.297,2,Nov 21 2023 18: +0,1700589600
0.309,5,Nov 21 2023 19: +0,1700593200
0.304,2,Nov 21 2023 20: +0,1700596800
0.311,4,Nov 21 2023 21: +0,1700600400
0.305,1,Nov 21 2023 22: +0,1700604000
0.306,1,Nov 22 2023 00: +0,1700611200
0.288,1,Nov 22 2023 02: +0,1700618400
0.312,1,Nov 22 2023 03: +0,1700622000
0.304,1,Nov 22 2023 04: +0,1700625600
0.3,2,Nov 22 2023 05: +0,1700629200
0.308,1,Nov 22 2023 07: +0,1700636400
0.302,2,Nov 22 2023 10: +0,1700647200
0.312,1,Nov 22 2023 11: +0,1700650800
0.299,1,Nov 22 2023 12: +0,1700654400
0.24,1,Nov 22 2023 13: +0,1700658000
0.315,1,Nov 22 2023 14: +0,1700661600
0.304,1,Nov 22 2023 15: +0,1700665200
0.302,2,Nov 22 2023 16: +0,1700668800
0.299,2,Nov 22 2023 18: +0,1700676000
0.292,2,Nov 22 2023 20: +0,1700683200
0.3,4,Nov 22 2023 21: +0,1700686800
0.304,2,Nov 22 2023 22: +0,1700690400
0.304,4,Nov 22 2023 23: +0,1700694000
0.28,1,Nov 23 2023 03: +0,1700708400
0.313,1,Nov 23 2023 04: +0,1700712000
0.321,1,Nov 23 2023 05: +0,1700715600
0.28,2,Nov 23 2023 06: +0,1700719200
0.313,2,Nov 23 2023 09: +0,1700730000
0.272,1,Nov 23 2023 10: +0,1700733600
0.314,1,Nov 23 2023 12: +0,1700740800
0.288,1,Nov 23 2023 13: +0,1700744400
0.288,3,Nov 23 2023 14: +0,1700748000
0.309,2,Nov 23 2023 15: +0,1700751600
0.304,3,Nov 23 2023 16: +0,1700755200
0.306,2,Nov 23 2023 17: +0,1700758800
0.296,1,Nov 23 2023 19: +0,1700766000
0.304,1,Nov 23 2023 20: +0,1700769600
0.312,2,Nov 23 2023 21: +0,1700773200
0.341,1,Nov 23 2023 22: +0,1700776800
0.296,1,Nov 24 2023 01: +0,1700787600
0.296,1,Nov 24 2023 02: +0,1700791200
0.304,1,Nov 24 2023 03: +0,1700794800
0.304,1,Nov 24 2023 07: +0,1700809200
0.304,1,Nov 24 2023 09: +0,1700816400
0.321,2,Nov 24 2023 11: +0,1700823600
0.272,1,Nov 24 2023 12: +0,1700827200
0.341,1,Nov 24 2023 13: +0,1700830800
0.296,1,Nov 24 2023 14: +0,1700834400
0.304,5,Nov 24 2023 15: +0,1700838000
0.272,2,Nov 24 2023 16: +0,1700841600
0.304,1,Nov 24 2023 17: +0,1700845200
0.318,2,Nov 24 2023 18: +0,1700848800
0.307,2,Nov 24 2023 19: +0,1700852400
0.28,3,Nov 24 2023 20: +0,1700856000
0.292,2,Nov 24 2023 21: +0,1700859600
0.318,2,Nov 24 2023 22: +0,1700863200
0.314,3,Nov 24 2023 23: +0,1700866800
0.314,1,Nov 25 2023 01: +0,1700874000
0.292,2,Nov 25 2023 05: +0,1700888400
0.319,1,Nov 25 2023 07: +0,1700895600
0.276,2,Nov 25 2023 08: +0,1700899200
0.371,1,Nov 25 2023 09: +0,1700902800
0.327,2,Nov 25 2023 10: +0,1700906400
0.292,2,Nov 25 2023 12: +0,1700913600
0.323,1,Nov 25 2023 13: +0,1700917200
0.324,2,Nov 25 2023 14: +0,1700920800
0.325,1,Nov 25 2023 15: +0,1700924400
0.32,5,Nov 25 2023 16: +0,1700928000
0.288,3,Nov 25 2023 17: +0,1700931600
0.323,1,Nov 25 2023 18: +0,1700935200
0.31,2,Nov 25 2023 19: +0,1700938800
0.323,1,Nov 25 2023 20: +0,1700942400
0.295,2,Nov 25 2023 21: +0,1700946000
0.318,2,Nov 25 2023 22: +0,1700949600
0.324,1,Nov 25 2023 23: +0,1700953200
0.324,2,Nov 26 2023 00: +0,1700956800
0.349,1,Nov 26 2023 02: +0,1700964000
0.32,1,Nov 26 2023 03: +0,1700967600
0.32,1,Nov 26 2023 04: +0,1700971200
0.32,1,Nov 26 2023 09: +0,1700989200
0.325,2,Nov 26 2023 11: +0,1700996400
0.32,1,Nov 26 2023 13: +0,1701003600
0.296,1,Nov 26 2023 15: +0,1701010800
0.331,3,Nov 26 2023 16: +0,1701014400
0.296,1,Nov 26 2023 18: +0,1701021600
0.312,2,Nov 26 2023 20: +0,1701028800
0.288,1,Nov 26 2023 22: +0,1701036000
0.309,2,Nov 26 2023 23: +0,1701039600
0.288,1,Nov 27 2023 00: +0,1701043200
0.296,1,Nov 27 2023 01: +0,1701046800
0.345,1,Nov 27 2023 05: +0,1701061200
0.302,2,Nov 27 2023 08: +0,1701072000
0.318,2,Nov 27 2023 10: +0,1701079200
0.323,2,Nov 27 2023 12: +0,1701086400
0.248,1,Nov 27 2023 13: +0,1701090000
0.285,2,Nov 27 2023 14: +0,1701093600
0.305,4,Nov 27 2023 15: +0,1701097200
0.301,1,Nov 27 2023 18: +0,1701108000
0.288,1,Nov 27 2023 19: +0,1701111600
0.314,1,Nov 27 2023 20: +0,1701115200
0.296,5,Nov 27 2023 21: +0,1701118800
0.36,1,Nov 27 2023 22: +0,1701122400
0.28,2,Nov 27 2023 23: +0,1701126000
0.272,1,Nov 28 2023 00: +0,1701129600
0.325,4,Nov 28 2023 01: +0,1701133200
0.288,1,Nov 28 2023 02: +0,1701136800
0.323,4,Nov 28 2023 03: +0,1701140400
0.32,3,Nov 28 2023 06: +0,1701151200
0.377,1,Nov 28 2023 12: +0,1701172800
0.342,1,Nov 28 2023 13: +0,1701176400
0.292,2,Nov 28 2023 14: +0,1701180000
0.32,1,Nov 28 2023 17: +0,1701190800
0.256,1,Nov 28 2023 19: +0,1701198000
0.314,1,Nov 28 2023 21: +0,1701205200
0.296,1,Nov 28 2023 23: +0,1701212400
0.296,1,Nov 29 2023 03: +0,1701226800
0.3,2,Nov 29 2023 04: +0,1701230400
0.272,1,Nov 29 2023 06: +0,1701237600
0.248,1,Nov 29 2023 07: +0,1701241200
0.304,1,Nov 29 2023 11: +0,1701255600
0.322,1,Nov 29 2023 12: +0,1701259200
0.32,4,Nov 29 2023 13: +0,1701262800
0.33,1,Nov 29 2023 14: +0,1701266400
0.323,3,Nov 29 2023 16: +0,1701273600
0.284,2,Nov 29 2023 17: +0,1701277200
0.311,2,Nov 29 2023 18: +0,1701280800
0.324,1,Nov 29 2023 19: +0,1701284400
0.324,1,Nov 29 2023 20: +0,1701288000
0.31,2,Nov 29 2023 21: +0,1701291600
0.369,1,Nov 29 2023 22: +0,1701295200
0.329,2,Nov 29 2023 23: +0,1701298800
0.288,1,Nov 30 2023 00: +0,1701302400
0.296,1,Nov 30 2023 04: +0,1701316800
0.31,2,Nov 30 2023 05: +0,1701320400
0.334,2,Nov 30 2023 06: +0,1701324000
0.272,1,Nov 30 2023 08: +0,1701331200
0.272,1,Nov 30 2023 09: +0,1701334800
0.323,1,Nov 30 2023 11: +0,1701342000
0.323,1,Nov 30 2023 13: +0,1701349200
0.329,2,Nov 30 2023 14: +0,1701352800
0.349,1,Nov 30 2023 15: +0,1701356400
0.272,1,Nov 30 2023 16: +0,1701360000
0.337,2,Nov 30 2023 17: +0,1701363600
0.325,1,Nov 30 2023 18: +0,1701367200
0.328,1,Nov 30 2023 19: +0,1701370800
0.287,2,Nov 30 2023 20: +0,1701374400
0.349,5,Nov 30 2023 21: +0,1701378000
0.309,2,Nov 30 2023 22: +0,1701381600
0.288,1,Nov 30 2023 23: +0,1701385200
0.288,1,Dec 01 2023 01: +0,1701392400
0.312,1,Dec 01 2023 06: +0,1701410400
0.288,1,Dec 01 2023 07: +0,1701414000
0.445,1,Dec 01 2023 08: +0,1701417600
0.314,1,Dec 01 2023 11: +0,1701428400
0.264,2,Dec 01 2023 12: +0,1701432000
0.296,1,Dec 01 2023 13: +0,1701435600
0.3,2,Dec 01 2023 14: +0,1701439200
0.308,2,Dec 01 2023 18: +0,1701453600
0.304,3,Dec 01 2023 19: +0,1701457200
0.331,3,Dec 01 2023 20: +0,1701460800
0.321,1,Dec 01 2023 22: +0,1701468000
0.322,1,Dec 02 2023 03: +0,1701486000
0.312,1,Dec 02 2023 10: +0,1701511200
0.304,1,Dec 02 2023 11: +0,1701514800
0.288,1,Dec 02 2023 14: +0,1701525600
0.304,1,Dec 02 2023 15: +0,1701529200
0.304,3,Dec 02 2023 16: +0,1701532800
0.317,4,Dec 02 2023 17: +0,1701536400
0.288,1,Dec 02 2023 18: +0,1701540000
0.28,1,Dec 02 2023 20: +0,1701547200
0.33,1,Dec 02 2023 22: +0,1701554400
0.308,2,Dec 02 2023 23: +0,1701558000
0.24,1,Dec 03 2023 00: +0,1701561600
0.304,1,Dec 03 2023 06: +0,1701583200
0.286,2,Dec 03 2023 07: +0,1701586800
0.28,2,Dec 03 2023 10: +0,1701597600
0.296,2,Dec 03 2023 12: +0,1701604800
0.304,1,Dec 03 2023 13: +0,1701608400
0.309,2,Dec 03 2023 14: +0,1701612000
0.321,1,Dec 03 2023 15: +0,1701615600
0.296,1,Dec 03 2023 16: +0,1701619200
0.335,5,Dec 03 2023 17: +0,1701622800
0.304,3,Dec 03 2023 18: +0,1701626400
0.326,2,Dec 03 2023 21: +0,1701637200
0.321,2,Dec 03 2023 22: +0,1701640800
0.304,3,Dec 04 2023 01: +0,1701651600
0.321,1,Dec 04 2023 03: +0,1701658800
0.325,1,Dec 04 2023 05: +0,1701666000
0.292,2,Dec 04 2023 08: +0,1701676800
0.309,2,Dec 04 2023 09: +0,1701680400
0.315,2,Dec 04 2023 12: +0,1701691200
0.349,1,Dec 04 2023 13: +0,1701694800
0.28,1,Dec 04 2023 14: +0,1701698400
0.304,1,Dec 04 2023 16: +0,1701705600
0.33,1,Dec 04 2023 17: +0,1701709200
0.33,3,Dec 04 2023 18: +0,1701712800
0.248,1,Dec 04 2023 20: +0,1701720000
0.329,1,Dec 04 2023 21: +0,1701723600
0.323,1,Dec 05 2023 00: +0,1701734400
0.328,1,Dec 05 2023 03: +0,1701745200
0.33,1,Dec 05 2023 07: +0,1701759600
0.313,2,Dec 05 2023 09: +0,1701766800
0.331,1,Dec 05 2023 10: +0,1701770400
0.312,8,Dec 05 2023 11: +0,1701774000
0.323,1,Dec 05 2023 14: +0,1701784800
0.338,2,Dec 05 2023 15: +0,1701788400
0.324,2,Dec 05 2023 19: +0,1701802800
0.288,1,Dec 05 2023 20: +0,1701806400
0.323,1,Dec 05 2023 21: +0,1701810000
0.324,1,Dec 06 2023 01: +0,1701824400
0.296,1,Dec 06 2023 11: +0,1701860400
0.304,1,Dec 06 2023 13: +0,1701867600
0.312,1,Dec 06 2023 15: +0,1701874800
0.272,2,Dec 06 2023 16: +0,1701878400
0.346,1,Dec 06 2023 18: +0,1701885600
0.31,2,Dec 06 2023 19: +0,1701889200
0.325,3,Dec 06 2023 21: +0,1701896400
0.336,1,Dec 07 2023 02: +0,1701914400
0.326,1,Dec 07 2023 03: +0,1701918000
0.312,1,Dec 07 2023 04: +0,1701921600
0.316,2,Dec 07 2023 11: +0,1701946800
0.331,1,Dec 07 2023 13: +0,1701954000
0.296,1,Dec 07 2023 14: +0,1701957600
0.215,1,Dec 07 2023 15: +0,1701961200
0.312,1,Dec 07 2023 16: +0,1701964800
0.24,1,Dec 07 2023 17: +0,1701968400
0.328,3,Dec 07 2023 20: +0,1701979200
0.336,1,Dec 07 2023 21: +0,1701982800
0.328,1,Dec 07 2023 22: +0,1701986400
0.312,1,Dec 07 2023 23: +0,1701990000
0.34,1,Dec 08 2023 02: +0,1702000800
0.486,1,Dec 08 2023 03: +0,1702004400
0.327,2,Dec 08 2023 04: +0,1702008000
0.327,1,Dec 08 2023 05: +0,1702011600
0.34,1,Dec 08 2023 07: +0,1702018800
0.28,1,Dec 08 2023 08: +0,1702022400
0.296,1,Dec 08 2023 11: +0,1702033200
0.304,1,Dec 08 2023 12: +0,1702036800
0.338,1,Dec 08 2023 14: +0,1702044000
0.28,1,Dec 08 2023 16: +0,1702051200
0.312,2,Dec 08 2023 17: +0,1702054800
0.327,3,Dec 08 2023 18: +0,1702058400
0.338,1,Dec 08 2023 19: +0,1702062000
0.248,1,Dec 08 2023 20: +0,1702065600
0.338,1,Dec 08 2023 21: +0,1702069200
0.335,2,Dec 08 2023 22: +0,1702072800
0.304,3,Dec 08 2023 23: +0,1702076400
0.304,3,Dec 09 2023 00: +0,1702080000
0.296,2,Dec 09 2023 01: +0,1702083600
0.34,2,Dec 09 2023 02: +0,1702087200
0.304,1,Dec 09 2023 04: +0,1702094400
0.296,1,Dec 09 2023 10: +0,1702116000
0.345,1,Dec 09 2023 14: +0,1702130400
0.343,1,Dec 09 2023 15: +0,1702134000
0.332,1,Dec 10 2023 00: +0,1702166400
0.369,2,Dec 10 2023 01: +0,1702170000
0.32,1,Dec 10 2023 04: +0,1702180800
0.336,1,Dec 10 2023 07: +0,1702191600
0.312,1,Dec 10 2023 08: +0,1702195200
0.326,3,Dec 10 2023 10: +0,1702202400
0.483,1,Dec 10 2023 12: +0,1702209600
0.319,2,Dec 10 2023 13: +0,1702213200
0.323,3,Dec 10 2023 14: +0,1702216800
0.298,1,Dec 10 2023 15: +0,1702220400
0.328,1,Dec 10 2023 18: +0,1702231200
0.337,8,Dec 10 2023 19: +0,1702234800
0.324,1,Dec 10 2023 23: +0,1702249200
0.29,1,Dec 11 2023 00: +0,1702252800
0.33,1,Dec 11 2023 02: +0,1702260000
0.306,2,Dec 11 2023 10: +0,1702288800
0.282,1,Dec 11 2023 11: +0,1702292400
0.32,1,Dec 11 2023 14: +0,1702303200
0.267,1,Dec 11 2023 15: +0,1702306800
0.314,2,Dec 11 2023 16: +0,1702310400
0.329,1,Dec 11 2023 17: +0,1702314000
0.275,1,Dec 11 2023 18: +0,1702317600
0.314,1,Dec 11 2023 19: +0,1702321200
0.313,2,Dec 11 2023 21: +0,1702328400
0.298,1,Dec 12 2023 02: +0,1702346400
0.343,1,Dec 12 2023 03: +0,1702350000
0.471,2,Dec 12 2023 05: +0,1702357200
0.275,1,Dec 12 2023 09: +0,1702371600
0.319,2,Dec 12 2023 11: +0,1702378800
0.314,3,Dec 12 2023 12: +0,1702382400
0.32,1,Dec 12 2023 13: +0,1702386000
0.334,1,Dec 12 2023 14: +0,1702389600
0.298,1,Dec 12 2023 16: +0,1702396800
0.325,1,Dec 12 2023 17: +0,1702400400
0.287,1,Dec 12 2023 20: +0,1702411200
0.317,2,Dec 12 2023 21: +0,1702414800
0.332,2,Dec 12 2023 23: +0,1702422000
0.314,1,Dec 13 2023 00: +0,1702425600
0.328,1,Dec 13 2023 01: +0,1702429200
0.314,1,Dec 13 2023 04: +0,1702440000
0.58,1,Dec 13 2023 10: +0,1702461600
0.333,1,Dec 13 2023 11: +0,1702465200
0.282,1,Dec 13 2023 12: +0,1702468800
0.329,1,Dec 13 2023 16: +0,1702483200
0.314,1,Dec 13 2023 17: +0,1702486800
0.322,1,Dec 13 2023 18: +0,1702490400
0.328,2,Dec 13 2023 19: +0,1702494000
0.331,2,Dec 13 2023 20: +0,1702497600
0.361,1,Dec 13 2023 23: +0,1702508400
0.355,2,Dec 14 2023 00: +0,1702512000
0.302,2,Dec 14 2023 01: +0,1702515600
0.33,2,Dec 14 2023 06: +0,1702533600
0.33,1,Dec 14 2023 13: +0,1702558800
0.282,3,Dec 14 2023 15: +0,1702566000
0.282,1,Dec 14 2023 16: +0,1702569600
0.282,1,Dec 14 2023 18: +0,1702576800
0.292,1,Dec 14 2023 19: +0,1702580400
0.275,3,Dec 14 2023 21: +0,1702587600
0.31,2,Dec 14 2023 22: +0,1702591200
0.221,1,Dec 15 2023 01: +0,1702602000
0.329,1,Dec 15 2023 08: +0,1702627200
0.292,2,Dec 15 2023 09: +0,1702630800
0.296,2,Dec 15 2023 17: +0,1702659600
0.293,3,Dec 15 2023 19: +0,1702666800
0.325,1,Dec 15 2023 20: +0,1702670400
0.32,3,Dec 16 2023 01: +0,1702688400
0.282,2,Dec 16 2023 06: +0,1702706400
0.343,1,Dec 16 2023 11: +0,1702724400
0.398,1,Dec 16 2023 18: +0,1702749600
0.292,2,Dec 16 2023 19: +0,1702753200
0.318,2,Dec 16 2023 20: +0,1702756800
0.279,2,Dec 16 2023 22: +0,1702764000
0.307,2,Dec 16 2023 23: +0,1702767600
0.325,1,Dec 17 2023 01: +0,1702774800
0.29,1,Dec 17 2023 05: +0,1702789200
0.331,1,Dec 17 2023 09: +0,1702803600
0.334,1,Dec 17 2023 10: +0,1702807200
0.324,1,Dec 17 2023 16: +0,1702828800
0.343,2,Dec 17 2023 17: +0,1702832400
0.322,1,Dec 17 2023 18: +0,1702836000
0.325,1,Dec 17 2023 19: +0,1702839600
0.235,1,Dec 18 2023 01: +0,1702861200
0.251,1,Dec 18 2023 05: +0,1702875600
0.298,1,Dec 18 2023 06: +0,1702879200
0.306,1,Dec 18 2023 07: +0,1702882800
0.317,2,Dec 18 2023 08: +0,1702886400
0.329,1,Dec 18 2023 09: +0,1702890000
0.29,1,Dec 18 2023 12: +0,1702900800
0.221,1,Dec 18 2023 14: +0,1702908000
0.3,1,Dec 18 2023 17: +0,1702918800
0.282,1,Dec 18 2023 18: +0,1702922400
0.309,1,Dec 18 2023 19: +0,1702926000
0.282,1,Dec 18 2023 21: +0,1702933200
0.29,1,Dec 18 2023 22: +0,1702936800
0.329,1,Dec 19 2023 04: +0,1702958400
0.275,2,Dec 19 2023 12: +0,1702987200
0.302,4,Dec 19 2023 14: +0,1702994400
0.316,1,Dec 19 2023 16: +0,1703001600
0.292,1,Dec 19 2023 19: +0,1703012400
0.29,1,Dec 19 2023 20: +0,1703016000
0.29,1,Dec 19 2023 21: +0,1703019600
0.298,1,Dec 19 2023 22: +0,1703023200
0.307,1,Dec 19 2023 23: +0,1703026800
0.306,1,Dec 20 2023 01: +0,1703034000
0.275,1,Dec 20 2023 08: +0,1703059200
0.247,2,Dec 20 2023 10: +0,1703066400
0.317,1,Dec 20 2023 11: +0,1703070000
0.282,1,Dec 20 2023 13: +0,1703077200
0.282,1,Dec 20 2023 15: +0,1703084400
0.29,1,Dec 20 2023 17: +0,1703091600
0.301,2,Dec 20 2023 18: +0,1703095200
0.29,3,Dec 20 2023 21: +0,1703106000
0.29,1,Dec 20 2023 22: +0,1703109600
0.29,1,Dec 20 2023 23: +0,1703113200
0.303,1,Dec 21 2023 00: +0,1703116800
0.308,1,Dec 21 2023 01: +0,1703120400
0.275,1,Dec 21 2023 04: +0,1703131200
0.306,1,Dec 21 2023 05: +0,1703134800
0.306,1,Dec 21 2023 07: +0,1703142000
0.315,1,Dec 21 2023 08: +0,1703145600
0.33,1,Dec 21 2023 10: +0,1703152800
0.29,1,Dec 21 2023 13: +0,1703163600
0.343,1,Dec 21 2023 14: +0,1703167200
0.336,1,Dec 21 2023 15: +0,1703170800
0.329,1,Dec 21 2023 17: +0,1703178000
0.298,2,Dec 21 2023 19: +0,1703185200
0.282,2,Dec 21 2023 20: +0,1703188800
0.258,1,Dec 21 2023 21: +0,1703192400
0.284,2,Dec 22 2023 00: +0,1703203200
0.165,1,Dec 22 2023 01: +0,1703206800
0.337,1,Dec 22 2023 08: +0,1703232000
0.303,1,Dec 22 2023 11: +0,1703242800
0.337,1,Dec 22 2023 12: +0,1703246400
0.289,1,Dec 22 2023 13: +0,1703250000
0.297,1,Dec 22 2023 15: +0,1703257200
0.26,3,Dec 22 2023 16: +0,1703260800
0.319,2,Dec 22 2023 17: +0,1703264400
0.323,1,Dec 22 2023 18: +0,1703268000
0.311,1,Dec 22 2023 20: +0,1703275200
0.327,1,Dec 22 2023 21: +0,1703278800
0.243,1,Dec 23 2023 00: +0,1703289600
0.307,2,Dec 23 2023 04: +0,1703304000
0.287,2,Dec 23 2023 05: +0,1703307600
0.293,2,Dec 23 2023 10: +0,1703325600
0.26,1,Dec 23 2023 12: +0,1703332800
0.283,1,Dec 23 2023 13: +0,1703336400
0.283,1,Dec 23 2023 14: +0,1703340000
0.278,1,Dec 23 2023 15: +0,1703343600
0.274,1,Dec 23 2023 16: +0,1703347200
0.29,2,Dec 23 2023 18: +0,1703354400
0.289,1,Dec 23 2023 20: +0,1703361600
0.443,3,Dec 23 2023 21: +0,1703365200
0.327,2,Dec 23 2023 22: +0,1703368800
0.325,3,Dec 24 2023 00: +0,1703376000
4.849,1,Dec 24 2023 05: +0,1703394000
0.285,2,Dec 24 2023 06: +0,1703397600
0.282,2,Dec 24 2023 07: +0,1703401200
0.283,1,Dec 24 2023 09: +0,1703408400
0.276,1,Dec 24 2023 11: +0,1703415600
0.276,1,Dec 24 2023 12: +0,1703419200
0.275,2,Dec 24 2023 14: +0,1703426400
0.299,3,Dec 24 2023 15: +0,1703430000
0.284,1,Dec 24 2023 16: +0,1703433600
0.252,1,Dec 24 2023 19: +0,1703444400
0.295,1,Dec 24 2023 20: +0,1703448000
0.274,3,Dec 24 2023 23: +0,1703458800
0.295,1,Dec 25 2023 00: +0,1703462400
0.264,2,Dec 25 2023 06: +0,1703484000
0.252,1,Dec 25 2023 09: +0,1703494800
0.304,1,Dec 25 2023 10: +0,1703498400
0.305,2,Dec 25 2023 16: +0,1703520000
0.288,1,Dec 25 2023 17: +0,1703523600
0.265,1,Dec 25 2023 19: +0,1703530800
0.283,2,Dec 25 2023 21: +0,1703538000
0.283,1,Dec 25 2023 22: +0,1703541600
0.304,1,Dec 25 2023 23: +0,1703545200
0.339,1,Dec 26 2023 00: +0,1703548800
0.273,2,Dec 26 2023 10: +0,1703584800
0.304,1,Dec 26 2023 11: +0,1703588400
0.283,2,Dec 26 2023 12: +0,1703592000
0.276,1,Dec 26 2023 13: +0,1703595600
0.302,1,Dec 26 2023 14: +0,1703599200
0.304,2,Dec 26 2023 15: +0,1703602800
0.299,1,Dec 26 2023 17: +0,1703610000
0.252,1,Dec 26 2023 18: +0,1703613600
0.291,1,Dec 26 2023 21: +0,1703624400
0.267,5,Dec 26 2023 23: +0,1703631600
0.304,1,Dec 27 2023 03: +0,1703646000
0.291,1,Dec 27 2023 06: +0,1703656800
0.297,2,Dec 27 2023 10: +0,1703671200
0.291,1,Dec 27 2023 13: +0,1703682000
0.304,1,Dec 27 2023 14: +0,1703685600
0.276,1,Dec 27 2023 16: +0,1703692800
0.272,1,Dec 27 2023 19: +0,1703703600
0.276,1,Dec 27 2023 20: +0,1703707200
0.296,1,Dec 27 2023 22: +0,1703714400
0.266,3,Dec 27 2023 23: +0,1703718000
0.266,1,Dec 28 2023 01: +0,1703725200
0.255,1,Dec 28 2023 02: +0,1703728800
0.299,1,Dec 28 2023 03: +0,1703732400
0.266,1,Dec 28 2023 04: +0,1703736000
0.251,2,Dec 28 2023 09: +0,1703754000
0.299,1,Dec 28 2023 11: +0,1703761200
0.303,1,Dec 28 2023 12: +0,1703764800
0.305,1,Dec 28 2023 13: +0,1703768400
0.305,1,Dec 28 2023 15: +0,1703775600
0.238,2,Dec 28 2023 18: +0,1703786400
0.301,2,Dec 28 2023 19: +0,1703790000
0.299,1,Dec 28 2023 22: +0,1703800800
0.283,2,Dec 28 2023 23: +0,1703804400
0.302,1,Dec 29 2023 03: +0,1703818800
0.299,2,Dec 29 2023 06: +0,1703829600
0.299,1,Dec 29 2023 08: +0,1703836800
0.289,2,Dec 29 2023 11: +0,1703847600
0.268,1,Dec 29 2023 12: +0,1703851200
0.282,2,Dec 29 2023 16: +0,1703865600
0.248,2,Dec 29 2023 18: +0,1703872800
0.275,2,Dec 29 2023 20: +0,1703880000
0.276,3,Dec 29 2023 21: +0,1703883600
0.238,1,Dec 29 2023 22: +0,1703887200
0.276,3,Dec 29 2023 23: +0,1703890800
0.268,1,Dec 30 2023 00: +0,1703894400
0.283,1,Dec 30 2023 01: +0,1703898000
0.254,2,Dec 30 2023 02: +0,1703901600
0.276,1,Dec 30 2023 05: +0,1703912400
0.272,2,Dec 30 2023 07: +0,1703919600
0.25,1,Dec 30 2023 08: +0,1703923200
0.276,1,Dec 30 2023 11: +0,1703934000
0.282,2,Dec 30 2023 12: +0,1703937600
0.257,2,Dec 30 2023 13: +0,1703941200
0.268,1,Dec 30 2023 14: +0,1703944800
0.257,2,Dec 30 2023 16: +0,1703952000
0.239,1,Dec 30 2023 18: +0,1703959200
0.313,1,Dec 30 2023 19: +0,1703962800
0.286,3,Dec 30 2023 20: +0,1703966400
0.276,2,Dec 30 2023 22: +0,1703973600
0.278,1,Dec 31 2023 00: +0,1703980800
0.291,1,Dec 31 2023 01: +0,1703984400
0.296,1,Dec 31 2023 02: +0,1703988000
0.276,1,Dec 31 2023 09: +0,1704013200
0.286,1,Dec 31 2023 10: +0,1704016800
0.289,1,Dec 31 2023 11: +0,1704020400
0.296,1,Dec 31 2023 12: +0,1704024000
0.28,1,Dec 31 2023 14: +0,1704031200
0.309,2,Dec 31 2023 15: +0,1704034800
0.29,1,Dec 31 2023 16: +0,1704038400
0.261,2,Dec 31 2023 18: +0,1704045600
0.252,6,Dec 31 2023 19: +0,1704049200
0.332,2,Dec 31 2023 20: +0,1704052800
0.294,2,Dec 31 2023 21: +0,1704056400
0.252,1,Dec 31 2023 23: +0,1704063600
0.252,1,Jan 01 2024 00: +0,1704067200
0.252,2,Jan 01 2024 01: +0,1704070800
0.257,2,Jan 01 2024 02: +0,1704074400
0.285,1,Jan 01 2024 06: +0,1704088800
0.267,1,Jan 01 2024 08: +0,1704096000
0.267,2,Jan 01 2024 10: +0,1704103200
0.269,1,Jan 01 2024 13: +0,1704114000
0.28,1,Jan 01 2024 14: +0,1704117600
0.267,3,Jan 01 2024 16: +0,1704124800
0.289,2,Jan 01 2024 18: +0,1704132000
0.235,3,Jan 01 2024 19: +0,1704135600
0.254,2,Jan 01 2024 20: +0,1704139200
0.245,2,Jan 01 2024 21: +0,1704142800
0.276,2,Jan 01 2024 22: +0,1704146400
0.267,1,Jan 02 2024 00: +0,1704153600
0.28,1,Jan 02 2024 04: +0,1704168000
0.252,1,Jan 02 2024 05: +0,1704171600
0.286,2,Jan 02 2024 06: +0,1704175200
0.277,2,Jan 02 2024 09: +0,1704186000
0.261,1,Jan 02 2024 11: +0,1704193200
0.205,1,Jan 02 2024 13: +0,1704200400
0.252,1,Jan 02 2024 14: +0,1704204000
0.252,1,Jan 02 2024 15: +0,1704207600
0.252,1,Jan 02 2024 17: +0,1704214800
0.185,2,Jan 02 2024 19: +0,1704222000
0.252,1,Jan 02 2024 22: +0,1704232800
0.267,1,Jan 03 2024 05: +0,1704258000
0.244,1,Jan 03 2024 08: +0,1704268800
0.267,1,Jan 03 2024 09: +0,1704272400
0.252,1,Jan 03 2024 13: +0,1704286800
0.262,2,Jan 03 2024 14: +0,1704290400
0.286,1,Jan 03 2024 15: +0,1704294000
0.287,1,Jan 03 2024 16: +0,1704297600
0.264,2,Jan 03 2024 17: +0,1704301200
0.286,1,Jan 03 2024 18: +0,1704304800
0.166,2,Jan 04 2024 01: +0,1704330000
0.244,1,Jan 04 2024 04: +0,1704340800
0.283,1,Jan 04 2024 05: +0,1704344400
0.286,1,Jan 04 2024 06: +0,1704348000
0.283,1,Jan 04 2024 07: +0,1704351600
0.247,1,Jan 04 2024 09: +0,1704358800
0.254,1,Jan 04 2024 10: +0,1704362400
0.257,1,Jan 04 2024 11: +0,1704366000
0.269,2,Jan 04 2024 14: +0,1704376800
0.256,2,Jan 04 2024 16: +0,1704384000
0.28,1,Jan 04 2024 17: +0,1704387600
0.244,3,Jan 04 2024 18: +0,1704391200
0.249,1,Jan 04 2024 19: +0,1704394800
0.28,2,Jan 04 2024 20: +0,1704398400
0.291,1,Jan 04 2024 21: +0,1704402000
0.284,1,Jan 04 2024 23: +0,1704409200
0.271,2,Jan 05 2024 03: +0,1704423600
0.244,1,Jan 05 2024 04: +0,1704427200
0.26,2,Jan 05 2024 06: +0,1704434400
0.244,1,Jan 05 2024 07: +0,1704438000
0.283,1,Jan 05 2024 11: +0,1704452400
0.288,3,Jan 05 2024 13: +0,1704459600
0.28,2,Jan 05 2024 14: +0,1704463200
1.099,2,Jan 05 2024 16: +0,1704470400
0.24,1,Jan 05 2024 17: +0,1704474000
0.235,2,Jan 05 2024 18: +0,1704477600
0.244,1,Jan 05 2024 19: +0,1704481200
0.275,3,Jan 05 2024 20: +0,1704484800
0.288,1,Jan 05 2024 21: +0,1704488400
0.29,2,Jan 05 2024 22: +0,1704492000
0.26,2,Jan 05 2024 23: +0,1704495600
0.252,1,Jan 06 2024 01: +0,1704502800
0.275,1,Jan 06 2024 09: +0,1704531600
0.283,1,Jan 06 2024 18: +0,1704564000
0.289,3,Jan 06 2024 20: +0,1704571200
0.227,3,Jan 06 2024 23: +0,1704582000
0.24,1,Jan 07 2024 01: +0,1704589200
0.279,2,Jan 07 2024 02: +0,1704592800
0.252,1,Jan 07 2024 08: +0,1704614400
0.267,1,Jan 07 2024 11: +0,1704625200
0.274,2,Jan 07 2024 13: +0,1704632400
0.288,3,Jan 07 2024 14: +0,1704636000
0.293,1,Jan 07 2024 15: +0,1704639600
0.294,1,Jan 07 2024 16: +0,1704643200
0.301,1,Jan 07 2024 17: +0,1704646800
0.244,3,Jan 07 2024 18: +0,1704650400
0.216,2,Jan 07 2024 19: +0,1704654000
0.275,3,Jan 07 2024 20: +0,1704657600
0.244,1,Jan 07 2024 21: +0,1704661200
0.252,1,Jan 07 2024 22: +0,1704664800
0.289,3,Jan 07 2024 23: +0,1704668400
0.289,1,Jan 08 2024 00: +0,1704672000
0.293,2,Jan 08 2024 04: +0,1704686400
0.305,2,Jan 08 2024 10: +0,1704708000
0.283,3,Jan 08 2024 12: +0,1704715200
0.244,2,Jan 08 2024 15: +0,1704726000
0.284,2,Jan 08 2024 16: +0,1704729600
0.289,1,Jan 08 2024 17: +0,1704733200
0.252,1,Jan 08 2024 19: +0,1704740400
0.288,2,Jan 08 2024 20: +0,1704744000
0.291,1,Jan 09 2024 00: +0,1704758400
0.341,1,Jan 09 2024 08: +0,1704787200
0.244,1,Jan 09 2024 10: +0,1704794400
0.244,1,Jan 09 2024 11: +0,1704798000
0.264,1,Jan 09 2024 12: +0,1704801600
0.26,2,Jan 09 2024 14: +0,1704808800
0.267,1,Jan 09 2024 15: +0,1704812400
0.276,1,Jan 09 2024 18: +0,1704823200
0.293,1,Jan 09 2024 19: +0,1704826800
0.279,4,Jan 09 2024 22: +0,1704837600
0.279,1,Jan 09 2024 23: +0,1704841200
0.283,1,Jan 10 2024 02: +0,1704852000
0.275,1,Jan 10 2024 08: +0,1704873600
0.307,5,Jan 10 2024 12: +0,1704888000
0.283,3,Jan 10 2024 13: +0,1704891600
0.283,2,Jan 10 2024 14: +0,1704895200
0.283,3,Jan 10 2024 15: +0,1704898800
0.283,1,Jan 10 2024 16: +0,1704902400
0.293,3,Jan 10 2024 17: +0,1704906000
0.181,1,Jan 10 2024 18: +0,1704909600
0.293,1,Jan 10 2024 19: +0,1704913200
0.299,2,Jan 10 2024 20: +0,1704916800
0.275,2,Jan 10 2024 21: +0,1704920400
0.283,3,Jan 10 2024 22: +0,1704924000
0.283,1,Jan 11 2024 06: +0,1704952800
0.298,1,Jan 11 2024 07: +0,1704956400
0.291,1,Jan 11 2024 12: +0,1704974400
0.299,1,Jan 11 2024 15: +0,1704985200
0.301,3,Jan 11 2024 17: +0,1704992400
0.291,1,Jan 11 2024 19: +0,1704999600
0.291,1,Jan 11 2024 20: +0,1705003200
0.281,2,Jan 11 2024 21: +0,1705006800
0.294,2,Jan 12 2024 00: +0,1705017600
0.277,1,Jan 12 2024 01: +0,1705021200
0.285,1,Jan 12 2024 02: +0,1705024800
0.3,1,Jan 12 2024 03: +0,1705028400
0.292,1,Jan 12 2024 04: +0,1705032000
0.3,2,Jan 12 2024 11: +0,1705057200
0.277,1,Jan 12 2024 14: +0,1705068000
0.301,2,Jan 12 2024 15: +0,1705071600
0.269,1,Jan 12 2024 16: +0,1705075200
0.309,3,Jan 12 2024 18: +0,1705082400
0.309,2,Jan 12 2024 19: +0,1705086000
0.31,2,Jan 12 2024 20: +0,1705089600
0.312,3,Jan 12 2024 22: +0,1705096800
0.306,4,Jan 13 2024 00: +0,1705104000
0.403,1,Jan 13 2024 01: +0,1705107600
0.166,1,Jan 13 2024 02: +0,1705111200
0.324,1,Jan 13 2024 08: +0,1705132800
0.3,1,Jan 13 2024 09: +0,1705136400
0.3,2,Jan 13 2024 10: +0,1705140000
0.274,2,Jan 13 2024 12: +0,1705147200
0.312,2,Jan 13 2024 14: +0,1705154400
0.318,3,Jan 13 2024 15: +0,1705158000
0.292,1,Jan 13 2024 17: +0,1705165200
0.285,1,Jan 13 2024 18: +0,1705168800
0.319,1,Jan 13 2024 19: +0,1705172400
0.328,1,Jan 13 2024 20: +0,1705176000
0.338,2,Jan 14 2024 01: +0,1705194000
0.285,1,Jan 14 2024 02: +0,1705197600
0.343,1,Jan 14 2024 07: +0,1705215600
0.213,2,Jan 14 2024 11: +0,1705230000
0.278,4,Jan 14 2024 13: +0,1705237200
0.299,2,Jan 14 2024 14: +0,1705240800
0.319,1,Jan 14 2024 17: +0,1705251600
0.292,1,Jan 14 2024 18: +0,1705255200
0.33,1,Jan 14 2024 19: +0,1705258800
0.329,1,Jan 14 2024 20: +0,1705262400
0.292,2,Jan 14 2024 23: +0,1705273200
0.309,1,Jan 15 2024 00: +0,1705276800
0.343,1,Jan 15 2024 02: +0,1705284000
0.332,1,Jan 15 2024 03: +0,1705287600
0.292,3,Jan 15 2024 17: +0,1705338000
0.332,1,Jan 15 2024 19: +0,1705345200
0.338,1,Jan 15 2024 20: +0,1705348800
0.245,2,Jan 15 2024 22: +0,1705356000
0.282,2,Jan 16 2024 00: +0,1705363200
0.245,1,Jan 16 2024 05: +0,1705381200
0.281,2,Jan 16 2024 07: +0,1705388400
0.292,1,Jan 16 2024 08: +0,1705392000
0.269,1,Jan 16 2024 09: +0,1705395600
0.3,3,Jan 16 2024 11: +0,1705402800
0.308,1,Jan 16 2024 13: +0,1705410000
0.346,1,Jan 16 2024 14: +0,1705413600
0.326,1,Jan 16 2024 16: +0,1705420800
0.404,2,Jan 16 2024 18: +0,1705428000
0.277,3,Jan 16 2024 23: +0,1705446000
0.345,1,Jan 17 2024 05: +0,1705467600
0.182,1,Jan 17 2024 08: +0,1705478400
0.289,2,Jan 17 2024 09: +0,1705482000
0.285,1,Jan 17 2024 14: +0,1705500000
0.293,3,Jan 17 2024 15: +0,1705503600
0.237,2,Jan 17 2024 16: +0,1705507200
0.296,2,Jan 17 2024 23: +0,1705532400
0.285,1,Jan 18 2024 05: +0,1705554000
0.292,1,Jan 18 2024 06: +0,1705557600
0.309,3,Jan 18 2024 07: +0,1705561200
0.329,1,Jan 18 2024 08: +0,1705564800
0.315,1,Jan 18 2024 09: +0,1705568400
0.24,2,Jan 18 2024 14: +0,1705586400
0.264,1,Jan 18 2024 16: +0,1705593600
0.345,1,Jan 18 2024 17: +0,1705597200
0.328,1,Jan 18 2024 18: +0,1705600800
0.316,1,Jan 18 2024 19: +0,1705604400
0.308,1,Jan 19 2024 06: +0,1705644000
0.343,1,Jan 19 2024 11: +0,1705662000
0.292,3,Jan 19 2024 14: +0,1705672800
0.3,1,Jan 19 2024 15: +0,1705676400
0.309,1,Jan 19 2024 16: +0,1705680000
0.309,2,Jan 19 2024 17: +0,1705683600
0.321,1,Jan 19 2024 18: +0,1705687200
0.32,3,Jan 19 2024 19: +0,1705690800
0.326,1,Jan 19 2024 21: +0,1705698000
0.335,1,Jan 19 2024 22: +0,1705701600
0.285,1,Jan 19 2024 23: +0,1705705200
0.325,2,Jan 20 2024 00: +0,1705708800
0.304,2,Jan 20 2024 01: +0,1705712400
0.336,1,Jan 20 2024 02: +0,1705716000
0.3,4,Jan 20 2024 03: +0,1705719600
0.283,1,Jan 20 2024 04: +0,1705723200
0.332,1,Jan 20 2024 05: +0,1705726800
0.292,1,Jan 20 2024 07: +0,1705734000
0.326,1,Jan 20 2024 08: +0,1705737600
0.292,1,Jan 20 2024 11: +0,1705748400
0.285,3,Jan 20 2024 13: +0,1705755600
0.415,5,Jan 20 2024 15: +0,1705762800
0.312,2,Jan 20 2024 17: +0,1705770000
0.299,1,Jan 20 2024 18: +0,1705773600
0.324,1,Jan 20 2024 19: +0,1705777200
0.324,1,Jan 20 2024 20: +0,1705780800
0.323,1,Jan 20 2024 22: +0,1705788000
0.213,3,Jan 20 2024 23: +0,1705791600
0.339,1,Jan 21 2024 00: +0,1705795200
0.271,1,Jan 21 2024 02: +0,1705802400
0.326,1,Jan 21 2024 04: +0,1705809600
0.323,1,Jan 21 2024 07: +0,1705820400
0.264,1,Jan 21 2024 08: +0,1705824000
0.335,1,Jan 21 2024 13: +0,1705842000
0.335,1,Jan 21 2024 16: +0,1705852800
0.265,1,Jan 21 2024 17: +0,1705856400
0.324,3,Jan 21 2024 18: +0,1705860000
0.288,2,Jan 21 2024 19: +0,1705863600
0.401,1,Jan 21 2024 20: +0,1705867200
0.418,1,Jan 22 2024 13: +0,1705928400
0.299,1,Jan 22 2024 14: +0,1705932000
0.311,1,Jan 22 2024 22: +0,1705960800
0.306,1,Jan 22 2024 23: +0,1705964400
0.244,1,Jan 23 2024 01: +0,1705971600
0.303,2,Jan 23 2024 02: +0,1705975200
0.296,1,Jan 23 2024 09: +0,1706000400
0.266,1,Jan 23 2024 10: +0,1706004000
0.261,2,Jan 23 2024 11: +0,1706007600
0.241,1,Jan 23 2024 16: +0,1706025600
0.3,1,Jan 23 2024 18: +0,1706032800
0.303,3,Jan 23 2024 20: +0,1706040000
0.313,2,Jan 23 2024 21: +0,1706043600
0.264,2,Jan 23 2024 23: +0,1706050800
0.289,1,Jan 24 2024 03: +0,1706065200
0.323,1,Jan 24 2024 04: +0,1706068800
0.334,1,Jan 24 2024 06: +0,1706076000
0.276,3,Jan 24 2024 11: +0,1706094000
0.213,1,Jan 24 2024 12: +0,1706097600
0.307,1,Jan 24 2024 13: +0,1706101200
0.326,1,Jan 24 2024 14: +0,1706104800
0.315,1,Jan 24 2024 20: +0,1706126400
0.275,1,Jan 24 2024 23: +0,1706137200
0.252,1,Jan 25 2024 00: +0,1706140800
0.267,1,Jan 25 2024 05: +0,1706158800
0.328,2,Jan 25 2024 06: +0,1706162400
0.245,3,Jan 25 2024 08: +0,1706169600
0.354,2,Jan 25 2024 10: +0,1706176800
1.81,2,Jan 25 2024 14: +0,1706191200
0.237,1,Jan 25 2024 16: +0,1706198400
0.205,1,Jan 25 2024 17: +0,1706202000
0.267,1,Jan 25 2024 18: +0,1706205600
0.252,3,Jan 25 2024 19: +0,1706209200
0.24,2,Jan 25 2024 21: +0,1706216400
0.265,1,Jan 25 2024 22: +0,1706220000
0.259,1,Jan 26 2024 00: +0,1706227200
0.299,2,Jan 26 2024 03: +0,1706238000
0.281,1,Jan 26 2024 07: +0,1706252400
0.25,1,Jan 26 2024 08: +0,1706256000
0.265,1,Jan 26 2024 09: +0,1706259600
0.266,2,Jan 26 2024 10: +0,1706263200
0.29,1,Jan 26 2024 12: +0,1706270400
0.235,1,Jan 26 2024 13: +0,1706274000
0.281,1,Jan 26 2024 15: +0,1706281200
0.298,2,Jan 26 2024 16: +0,1706284800
0.286,1,Jan 26 2024 18: +0,1706292000
0.265,1,Jan 26 2024 19: +0,1706295600
0.275,2,Jan 26 2024 20: +0,1706299200
0.288,3,Jan 26 2024 22: +0,1706306400
0.268,1,Jan 27 2024 00: +0,1706313600
0.243,1,Jan 27 2024 04: +0,1706328000
0.259,3,Jan 27 2024 12: +0,1706356800
0.28,2,Jan 27 2024 13: +0,1706360400
0.258,2,Jan 27 2024 14: +0,1706364000
0.247,1,Jan 27 2024 17: +0,1706374800
0.292,2,Jan 27 2024 19: +0,1706382000
0.27,2,Jan 27 2024 21: +0,1706389200
0.285,2,Jan 27 2024 23: +0,1706396400
0.291,1,Jan 28 2024 00: +0,1706400000
0.289,1,Jan 28 2024 01: +0,1706403600
0.246,1,Jan 28 2024 04: +0,1706414400
0.301,1,Jan 28 2024 05: +0,1706418000
0.286,1,Jan 28 2024 12: +0,1706443200
0.268,1,Jan 28 2024 13: +0,1706446800
0.294,1,Jan 28 2024 16: +0,1706457600
0.274,2,Jan 28 2024 19: +0,1706468400
0.293,1,Jan 28 2024 20: +0,1706472000
0.222,1,Jan 29 2024 05: +0,1706504400
0.268,1,Jan 29 2024 10: +0,1706522400
0.288,3,Jan 29 2024 11: +0,1706526000
0.293,1,Jan 29 2024 13: +0,1706533200
0.293,3,Jan 29 2024 14: +0,1706536800
0.282,1,Jan 29 2024 15: +0,1706540400
0.246,1,Jan 29 2024 17: +0,1706547600
0.25,1,Jan 29 2024 18: +0,1706551200
0.276,1,Jan 29 2024 19: +0,1706554800
0.25,1,Jan 29 2024 20: +0,1706558400
0.266,1,Jan 29 2024 23: +0,1706569200
0.262,2,Jan 30 2024 00: +0,1706572800
0.211,2,Jan 30 2024 02: +0,1706580000
0.266,1,Jan 30 2024 08: +0,1706601600
0.302,1,Jan 30 2024 09: +0,1706605200
0.246,3,Jan 30 2024 11: +0,1706612400
0.286,1,Jan 30 2024 13: +0,1706619600
0.274,1,Jan 30 2024 16: +0,1706630400
0.266,1,Jan 30 2024 18: +0,1706637600
0.238,2,Jan 30 2024 20: +0,1706644800
0.293,1,Jan 30 2024 22: +0,1706652000
0.298,2,Jan 30 2024 23: +0,1706655600
0.292,1,Jan 31 2024 00: +0,1706659200
0.292,1,Jan 31 2024 02: +0,1706666400
0.254,1,Jan 31 2024 04: +0,1706673600
0.254,1,Jan 31 2024 07: +0,1706684400
0.254,3,Jan 31 2024 08: +0,1706688000
0.266,1,Jan 31 2024 11: +0,1706698800
0.225,1,Jan 31 2024 12: +0,1706702400
0.254,1,Jan 31 2024 17: +0,1706720400
0.27,2,Jan 31 2024 18: +0,1706724000
0.257,2,Jan 31 2024 19: +0,1706727600
0.246,3,Jan 31 2024 20: +0,1706731200
0.281,1,Jan 31 2024 22: +0,1706738400
0.273,2,Jan 31 2024 23: +0,1706742000
0.277,1,Feb 01 2024 01: +0,1706749200
0.29,1,Feb 01 2024 02: +0,1706752800
0.254,1,Feb 01 2024 04: +0,1706760000
0.27,1,Feb 01 2024 06: +0,1706767200
0.183,2,Feb 01 2024 08: +0,1706774400
0.302,1,Feb 01 2024 13: +0,1706792400
0.283,1,Feb 01 2024 14: +0,1706796000
0.279,1,Feb 01 2024 16: +0,1706803200
0.276,1,Feb 01 2024 17: +0,1706806800
0.272,2,Feb 01 2024 18: +0,1706810400
0.284,2,Feb 01 2024 19: +0,1706814000
0.265,2,Feb 01 2024 20: +0,1706817600
0.291,1,Feb 01 2024 21: +0,1706821200
0.278,1,Feb 01 2024 22: +0,1706824800
0.292,1,Feb 02 2024 00: +0,1706832000
0.278,1,Feb 02 2024 03: +0,1706842800
0.286,3,Feb 02 2024 11: +0,1706871600
0.278,1,Feb 02 2024 14: +0,1706882400
0.286,1,Feb 02 2024 15: +0,1706886000
0.289,3,Feb 02 2024 16: +0,1706889600
0.29,2,Feb 02 2024 18: +0,1706896800
0.294,2,Feb 02 2024 20: +0,1706904000
0.302,1,Feb 03 2024 03: +0,1706929200
0.291,1,Feb 03 2024 06: +0,1706940000
0.27,1,Feb 03 2024 08: +0,1706947200
0.289,2,Feb 03 2024 09: +0,1706950800
0.292,1,Feb 03 2024 10: +0,1706954400
0.296,2,Feb 03 2024 12: +0,1706961600
0.27,1,Feb 03 2024 14: +0,1706968800
0.285,2,Feb 03 2024 15: +0,1706972400
0.288,4,Feb 03 2024 16: +0,1706976000
0.296,2,Feb 03 2024 17: +0,1706979600
0.272,2,Feb 03 2024 19: +0,1706986800
0.292,1,Feb 03 2024 20: +0,1706990400
0.286,4,Feb 03 2024 21: +0,1706994000
0.299,2,Feb 03 2024 22: +0,1706997600
0.294,1,Feb 04 2024 00: +0,1707004800
0.283,1,Feb 04 2024 01: +0,1707008400
0.294,5,Feb 04 2024 02: +0,1707012000
0.294,2,Feb 04 2024 03: +0,1707015600
0.298,1,Feb 04 2024 04: +0,1707019200
0.295,4,Feb 04 2024 09: +0,1707037200
0.294,3,Feb 04 2024 10: +0,1707040800
0.297,2,Feb 04 2024 11: +0,1707044400
0.301,1,Feb 04 2024 12: +0,1707048000
0.301,1,Feb 04 2024 13: +0,1707051600
0.291,1,Feb 04 2024 15: +0,1707058800
0.33,2,Feb 04 2024 17: +0,1707066000
0.297,3,Feb 04 2024 18: +0,1707069600
0.242,2,Feb 04 2024 19: +0,1707073200
0.284,2,Feb 04 2024 20: +0,1707076800
0.286,2,Feb 05 2024 00: +0,1707091200
0.301,1,Feb 05 2024 02: +0,1707098400
0.301,1,Feb 05 2024 06: +0,1707112800
0.292,1,Feb 05 2024 09: +0,1707123600
0.292,1,Feb 05 2024 10: +0,1707127200
0.294,2,Feb 05 2024 12: +0,1707134400
0.294,6,Feb 05 2024 13: +0,1707138000
0.289,1,Feb 05 2024 15: +0,1707145200
0.294,1,Feb 05 2024 16: +0,1707148800
0.294,4,Feb 05 2024 17: +0,1707152400
0.27,4,Feb 05 2024 18: +0,1707156000
0.298,1,Feb 05 2024 20: +0,1707163200
0.298,1,Feb 05 2024 21: +0,1707166800
0.249,1,Feb 05 2024 22: +0,1707170400
0.243,1,Feb 06 2024 00: +0,1707177600
0.215,1,Feb 06 2024 03: +0,1707188400
0.299,1,Feb 06 2024 06: +0,1707199200
0.302,1,Feb 06 2024 07: +0,1707202800
0.294,1,Feb 06 2024 10: +0,1707213600
0.309,1,Feb 06 2024 11: +0,1707217200
0.294,1,Feb 06 2024 12: +0,1707220800
0.306,2,Feb 06 2024 14: +0,1707228000
0.242,1,Feb 06 2024 15: +0,1707231600
0.311,1,Feb 06 2024 16: +0,1707235200
0.309,1,Feb 06 2024 17: +0,1707238800
0.307,1,Feb 06 2024 18: +0,1707242400
0.307,1,Feb 06 2024 20: +0,1707249600
0.402,1,Feb 06 2024 21: +0,1707253200
0.317,10,Feb 06 2024 23: +0,1707260400
0.294,1,Feb 07 2024 02: +0,1707271200
0.31,1,Feb 07 2024 03: +0,1707274800
0.297,3,Feb 07 2024 06: +0,1707285600
0.307,1,Feb 07 2024 09: +0,1707296400
0.315,1,Feb 07 2024 10: +0,1707300000
0.307,1,Feb 07 2024 11: +0,1707303600
0.302,4,Feb 07 2024 13: +0,1707310800
0.309,2,Feb 07 2024 14: +0,1707314400
0.312,1,Feb 07 2024 15: +0,1707318000
0.27,1,Feb 07 2024 17: +0,1707325200
0.288,1,Feb 07 2024 18: +0,1707328800
0.289,2,Feb 07 2024 19: +0,1707332400
0.316,3,Feb 07 2024 20: +0,1707336000
0.316,1,Feb 07 2024 21: +0,1707339600
0.282,2,Feb 07 2024 22: +0,1707343200
0.289,2,Feb 08 2024 00: +0,1707350400
0.318,1,Feb 08 2024 05: +0,1707368400
0.318,1,Feb 08 2024 07: +0,1707375600
0.323,3,Feb 08 2024 08: +0,1707379200
0.314,2,Feb 08 2024 13: +0,1707397200
0.266,1,Feb 08 2024 14: +0,1707400800
0.311,1,Feb 08 2024 16: +0,1707408000
0.292,4,Feb 08 2024 17: +0,1707411600
0.297,2,Feb 08 2024 18: +0,1707415200
0.323,3,Feb 08 2024 19: +0,1707418800
0.298,4,Feb 08 2024 20: +0,1707422400
0.266,1,Feb 08 2024 22: +0,1707429600
0.314,2,Feb 08 2024 23: +0,1707433200
0.325,1,Feb 09 2024 00: +0,1707436800
0.295,2,Feb 09 2024 02: +0,1707444000
0.27,1,Feb 09 2024 06: +0,1707458400
0.304,1,Feb 09 2024 10: +0,1707472800
0.309,2,Feb 09 2024 11: +0,1707476400
0.324,1,Feb 09 2024 13: +0,1707483600
0.324,2,Feb 09 2024 14: +0,1707487200
0.283,2,Feb 09 2024 16: +0,1707494400
0.227,3,Feb 09 2024 18: +0,1707501600
0.282,2,Feb 09 2024 19: +0,1707505200
0.304,4,Feb 09 2024 20: +0,1707508800
0.315,1,Feb 09 2024 21: +0,1707512400
0.267,1,Feb 09 2024 23: +0,1707519600
0.215,1,Feb 10 2024 01: +0,1707526800
0.311,1,Feb 10 2024 02: +0,1707530400
0.272,1,Feb 10 2024 05: +0,1707541200
0.306,1,Feb 10 2024 06: +0,1707544800
0.325,1,Feb 10 2024 07: +0,1707548400
0.306,1,Feb 10 2024 11: +0,1707562800
0.309,1,Feb 10 2024 12: +0,1707566400
0.313,2,Feb 10 2024 13: +0,1707570000
0.239,1,Feb 10 2024 14: +0,1707573600
0.304,3,Feb 10 2024 15: +0,1707577200
0.314,2,Feb 10 2024 16: +0,1707580800
0.266,1,Feb 10 2024 17: +0,1707584400
0.312,1,Feb 10 2024 18: +0,1707588000
0.306,2,Feb 10 2024 21: +0,1707598800
0.318,3,Feb 10 2024 22: +0,1707602400
0.309,1,Feb 11 2024 00: +0,1707609600
0.289,2,Feb 11 2024 01: +0,1707613200
0.295,1,Feb 11 2024 06: +0,1707631200
0.412,2,Feb 11 2024 08: +0,1707638400
0.315,1,Feb 11 2024 11: +0,1707649200
0.316,1,Feb 11 2024 12: +0,1707652800
0.323,2,Feb 11 2024 13: +0,1707656400
0.318,1,Feb 11 2024 14: +0,1707660000
0.306,1,Feb 11 2024 16: +0,1707667200
0.318,1,Feb 11 2024 17: +0,1707670800
0.304,4,Feb 11 2024 18: +0,1707674400
0.306,1,Feb 11 2024 19: +0,1707678000
0.297,3,Feb 11 2024 20: +0,1707681600
0.318,1,Feb 11 2024 22: +0,1707688800
0.309,1,Feb 11 2024 23: +0,1707692400
0.31,2,Feb 12 2024 01: +0,1707699600
0.311,2,Feb 12 2024 03: +0,1707706800
0.322,1,Feb 12 2024 04: +0,1707710400
0.311,1,Feb 12 2024 08: +0,1707724800
0.318,1,Feb 12 2024 11: +0,1707735600
0.314,2,Feb 12 2024 13: +0,1707742800
0.4,1,Feb 12 2024 14: +0,1707746400
0.308,4,Feb 12 2024 17: +0,1707757200
0.306,2,Feb 12 2024 18: +0,1707760800
0.29,2,Feb 12 2024 19: +0,1707764400
0.275,3,Feb 12 2024 20: +0,1707768000
0.207,4,Feb 12 2024 21: +0,1707771600
0.296,1,Feb 13 2024 00: +0,1707782400
0.295,1,Feb 13 2024 03: +0,1707793200
0.247,1,Feb 13 2024 04: +0,1707796800
0.319,1,Feb 13 2024 07: +0,1707807600
0.39,2,Feb 13 2024 08: +0,1707811200
0.305,3,Feb 13 2024 10: +0,1707818400
0.298,2,Feb 13 2024 11: +0,1707822000
0.279,1,Feb 13 2024 12: +0,1707825600
0.303,1,Feb 13 2024 15: +0,1707836400
0.3,3,Feb 13 2024 16: +0,1707840000
0.319,2,Feb 13 2024 17: +0,1707843600
0.323,3,Feb 13 2024 18: +0,1707847200
0.272,4,Feb 13 2024 19: +0,1707850800
0.276,2,Feb 13 2024 22: +0,1707861600
0.285,1,Feb 13 2024 23: +0,1707865200
0.321,1,Feb 14 2024 02: +0,1707876000
0.215,1,Feb 14 2024 08: +0,1707897600
0.239,1,Feb 14 2024 10: +0,1707904800
0.239,1,Feb 14 2024 11: +0,1707908400
0.251,2,Feb 14 2024 13: +0,1707915600
0.295,1,Feb 14 2024 14: +0,1707919200
0.299,1,Feb 14 2024 15: +0,1707922800
0.267,2,Feb 14 2024 16: +0,1707926400
0.273,1,Feb 14 2024 17: +0,1707930000
0.299,1,Feb 14 2024 18: +0,1707933600
0.302,3,Feb 14 2024 19: +0,1707937200
0.304,1,Feb 14 2024 22: +0,1707948000
0.304,3,Feb 14 2024 23: +0,1707951600
0.28,2,Feb 15 2024 00: +0,1707955200
0.248,2,Feb 15 2024 01: +0,1707958800
0.307,6,Feb 15 2024 08: +0,1707984000
0.344,5,Feb 15 2024 09: +0,1707987600
0.312,2,Feb 15 2024 10: +0,1707991200
0.285,2,Feb 15 2024 11: +0,1707994800
0.29,2,Feb 15 2024 12: +0,1707998400
0.255,5,Feb 15 2024 13: +0,1708002000
0.312,1,Feb 15 2024 14: +0,1708005600
0.321,1,Feb 15 2024 16: +0,1708012800
0.295,3,Feb 15 2024 17: +0,1708016400
0.239,1,Feb 15 2024 18: +0,1708020000
0.262,2,Feb 15 2024 19: +0,1708023600
0.296,1,Feb 15 2024 20: +0,1708027200
0.29,3,Feb 15 2024 21: +0,1708030800
0.29,2,Feb 15 2024 22: +0,1708034400
0.322,1,Feb 15 2024 23: +0,1708038000
0.291,2,Feb 16 2024 05: +0,1708059600
0.279,1,Feb 16 2024 07: +0,1708066800
0.239,1,Feb 16 2024 08: +0,1708070400
0.292,1,Feb 16 2024 11: +0,1708081200
0.311,1,Feb 16 2024 13: +0,1708088400
0.282,2,Feb 16 2024 15: +0,1708095600
0.276,3,Feb 16 2024 16: +0,1708099200
0.298,1,Feb 16 2024 17: +0,1708102800
0.273,2,Feb 16 2024 18: +0,1708106400
0.274,1,Feb 16 2024 20: +0,1708113600
0.287,2,Feb 16 2024 21: +0,1708117200
0.305,2,Feb 16 2024 23: +0,1708124400
0.299,1,Feb 17 2024 00: +0,1708128000
0.32,1,Feb 17 2024 02: +0,1708135200
0.274,1,Feb 17 2024 04: +0,1708142400
0.299,1,Feb 17 2024 05: +0,1708146000
0.255,1,Feb 17 2024 08: +0,1708156800
0.247,1,Feb 17 2024 11: +0,1708167600
0.277,1,Feb 17 2024 13: +0,1708174800
0.28,1,Feb 17 2024 15: +0,1708182000
0.271,3,Feb 17 2024 17: +0,1708189200
0.274,3,Feb 17 2024 18: +0,1708192800
0.285,1,Feb 17 2024 19: +0,1708196400
0.256,1,Feb 17 2024 20: +0,1708200000
0.28,2,Feb 17 2024 21: +0,1708203600
0.311,1,Feb 17 2024 22: +0,1708207200
0.274,1,Feb 17 2024 23: +0,1708210800
0.274,1,Feb 18 2024 00: +0,1708214400
0.274,1,Feb 18 2024 01: +0,1708218000
0.33,3,Feb 18 2024 02: +0,1708221600
0.279,1,Feb 18 2024 05: +0,1708232400
0.28,2,Feb 18 2024 07: +0,1708239600
0.303,8,Feb 18 2024 09: +0,1708246800
0.279,1,Feb 18 2024 10: +0,1708250400
0.284,2,Feb 18 2024 12: +0,1708257600
0.222,1,Feb 18 2024 13: +0,1708261200
0.336,2,Feb 18 2024 14: +0,1708264800
0.305,1,Feb 18 2024 15: +0,1708268400
0.304,1,Feb 18 2024 16: +0,1708272000
0.294,2,Feb 18 2024 17: +0,1708275600
0.269,1,Feb 18 2024 18: +0,1708279200
0.287,1,Feb 18 2024 20: +0,1708286400
0.288,3,Feb 18 2024 21: +0,1708290000
0.287,1,Feb 18 2024 23: +0,1708297200
0.314,3,Feb 19 2024 00: +0,1708300800
0.281,2,Feb 19 2024 07: +0,1708326000
0.313,2,Feb 19 2024 10: +0,1708336800
0.331,2,Feb 19 2024 12: +0,1708344000
0.313,2,Feb 19 2024 14: +0,1708351200
0.301,2,Feb 19 2024 15: +0,1708354800
0.261,2,Feb 19 2024 17: +0,1708362000
0.254,3,Feb 19 2024 18: +0,1708365600
0.308,3,Feb 19 2024 19: +0,1708369200
0.318,2,Feb 19 2024 20: +0,1708372800
0.276,2,Feb 19 2024 21: +0,1708376400
0.26,2,Feb 19 2024 22: +0,1708380000
0.3,3,Feb 19 2024 23: +0,1708383600
0.159,2,Feb 20 2024 00: +0,1708387200
0.248,1,Feb 20 2024 02: +0,1708394400
0.248,1,Feb 20 2024 04: +0,1708401600
0.333,2,Feb 20 2024 05: +0,1708405200
0.297,1,Feb 20 2024 07: +0,1708412400
0.314,1,Feb 20 2024 11: +0,1708426800
0.229,1,Feb 20 2024 13: +0,1708434000
0.247,1,Feb 20 2024 14: +0,1708437600
0.263,1,Feb 20 2024 15: +0,1708441200
0.302,5,Feb 20 2024 17: +0,1708448400
0.277,2,Feb 20 2024 18: +0,1708452000
0.308,1,Feb 20 2024 19: +0,1708455600
0.297,3,Feb 20 2024 20: +0,1708459200
0.307,2,Feb 20 2024 21: +0,1708462800
0.205,1,Feb 20 2024 23: +0,1708470000
0.276,1,Feb 21 2024 04: +0,1708488000
0.223,2,Feb 21 2024 11: +0,1708513200
0.316,5,Feb 21 2024 12: +0,1708516800
0.261,2,Feb 21 2024 13: +0,1708520400
0.282,3,Feb 21 2024 14: +0,1708524000
0.307,2,Feb 21 2024 15: +0,1708527600
0.283,2,Feb 21 2024 16: +0,1708531200
0.278,2,Feb 21 2024 17: +0,1708534800
0.248,1,Feb 21 2024 19: +0,1708542000
0.292,3,Feb 21 2024 21: +0,1708549200
0.298,1,Feb 22 2024 00: +0,1708560000
0.305,1,Feb 22 2024 02: +0,1708567200
0.3,1,Feb 22 2024 03: +0,1708570800
0.307,1,Feb 22 2024 07: +0,1708585200
0.292,1,Feb 22 2024 08: +0,1708588800
0.306,1,Feb 22 2024 09: +0,1708592400
0.292,1,Feb 22 2024 11: +0,1708599600
0.278,2,Feb 22 2024 13: +0,1708606800
0.3,1,Feb 22 2024 14: +0,1708610400
0.385,2,Feb 22 2024 16: +0,1708617600
0.292,2,Feb 22 2024 17: +0,1708621200
0.289,2,Feb 22 2024 18: +0,1708624800
0.292,1,Feb 22 2024 19: +0,1708628400
0.292,3,Feb 22 2024 20: +0,1708632000
0.306,1,Feb 22 2024 21: +0,1708635600
0.256,1,Feb 22 2024 22: +0,1708639200
0.3,1,Feb 22 2024 23: +0,1708642800
0.293,1,Feb 23 2024 05: +0,1708664400
0.189,1,Feb 23 2024 06: +0,1708668000
0.291,1,Feb 23 2024 07: +0,1708671600
0.307,1,Feb 23 2024 08: +0,1708675200
0.304,1,Feb 23 2024 10: +0,1708682400
0.303,2,Feb 23 2024 11: +0,1708686000
0.298,1,Feb 23 2024 12: +0,1708689600
0.288,2,Feb 23 2024 13: +0,1708693200
0.299,2,Feb 23 2024 15: +0,1708700400
0.308,3,Feb 23 2024 16: +0,1708704000
0.308,3,Feb 23 2024 17: +0,1708707600
0.292,1,Feb 23 2024 18: +0,1708711200
0.267,2,Feb 23 2024 19: +0,1708714800
0.284,3,Feb 23 2024 20: +0,1708718400
0.298,3,Feb 23 2024 21: +0,1708722000
0.298,2,Feb 23 2024 22: +0,1708725600
0.657,1,Feb 23 2024 23: +0,1708729200
0.273,2,Feb 24 2024 04: +0,1708747200
0.284,3,Feb 24 2024 08: +0,1708761600
0.304,5,Feb 24 2024 09: +0,1708765200
0.313,2,Feb 24 2024 10: +0,1708768800
0.268,1,Feb 24 2024 11: +0,1708772400
0.284,1,Feb 24 2024 12: +0,1708776000
0.313,2,Feb 24 2024 14: +0,1708783200
0.294,2,Feb 24 2024 15: +0,1708786800
0.259,1,Feb 24 2024 16: +0,1708790400
0.257,2,Feb 24 2024 17: +0,1708794000
0.292,1,Feb 24 2024 18: +0,1708797600
0.268,4,Feb 24 2024 19: +0,1708801200
0.292,3,Feb 24 2024 20: +0,1708804800
0.305,2,Feb 24 2024 21: +0,1708808400
0.307,1,Feb 24 2024 23: +0,1708815600
0.303,2,Feb 25 2024 01: +0,1708822800
0.284,1,Feb 25 2024 02: +0,1708826400
0.3,1,Feb 25 2024 05: +0,1708837200
0.3,1,Feb 25 2024 08: +0,1708848000
0.354,2,Feb 25 2024 10: +0,1708855200
0.338,4,Feb 25 2024 11: +0,1708858800
0.292,1,Feb 25 2024 12: +0,1708862400
0.284,1,Feb 25 2024 14: +0,1708869600
0.308,1,Feb 25 2024 15: +0,1708873200
0.31,1,Feb 25 2024 16: +0,1708876800
0.301,4,Feb 25 2024 19: +0,1708887600
0.309,2,Feb 25 2024 21: +0,1708894800
0.308,3,Feb 25 2024 22: +0,1708898400
0.306,2,Feb 26 2024 00: +0,1708905600
0.27,2,Feb 26 2024 01: +0,1708909200
0.496,1,Feb 26 2024 02: +0,1708912800
0.248,1,Feb 26 2024 04: +0,1708920000
0.248,1,Feb 26 2024 07: +0,1708930800
0.248,1,Feb 26 2024 08: +0,1708934400
0.303,2,Feb 26 2024 11: +0,1708945200
0.3,2,Feb 26 2024 13: +0,1708952400
0.292,1,Feb 26 2024 14: +0,1708956000
0.269,1,Feb 26 2024 15: +0,1708959600
0.319,1,Feb 26 2024 18: +0,1708970400
0.288,2,Feb 26 2024 20: +0,1708977600
0.298,2,Feb 26 2024 21: +0,1708981200
0.317,1,Feb 26 2024 22: +0,1708984800
0.292,1,Feb 26 2024 23: +0,1708988400
0.321,1,Feb 27 2024 00: +0,1708992000
0.245,1,Feb 27 2024 02: +0,1708999200
0.248,2,Feb 27 2024 04: +0,1709006400
0.308,1,Feb 27 2024 05: +0,1709010000
0.248,1,Feb 27 2024 07: +0,1709017200
0.288,2,Feb 27 2024 10: +0,1709028000
0.274,1,Feb 27 2024 12: +0,1709035200
0.342,2,Feb 27 2024 14: +0,1709042400
0.308,1,Feb 27 2024 16: +0,1709049600
0.304,2,Feb 27 2024 17: +0,1709053200
0.284,1,Feb 27 2024 18: +0,1709056800
0.312,1,Feb 27 2024 19: +0,1709060400
0.25,1,Feb 27 2024 20: +0,1709064000
0.288,4,Feb 27 2024 21: +0,1709067600
0.265,2,Feb 27 2024 22: +0,1709071200
0.252,2,Feb 27 2024 23: +0,1709074800
0.318,2,Feb 28 2024 03: +0,1709089200
0.316,1,Feb 28 2024 11: +0,1709118000
0.317,1,Feb 28 2024 12: +0,1709121600
0.317,1,Feb 28 2024 13: +0,1709125200
0.317,2,Feb 28 2024 14: +0,1709128800
0.317,3,Feb 28 2024 17: +0,1709139600
0.3,1,Feb 28 2024 18: +0,1709143200
0.313,1,Feb 28 2024 19: +0,1709146800
0.316,1,Feb 28 2024 20: +0,1709150400
0.3,5,Feb 28 2024 21: +0,1709154000
0.32,1,Feb 28 2024 22: +0,1709157600
0.317,1,Feb 28 2024 23: +0,1709161200
0.284,1,Feb 29 2024 00: +0,1709164800
0.292,1,Feb 29 2024 01: +0,1709168400
0.3,1,Feb 29 2024 02: +0,1709172000
0.213,1,Feb 29 2024 04: +0,1709179200
0.3,1,Feb 29 2024 06: +0,1709186400
0.3,1,Feb 29 2024 07: +0,1709190000
0.299,2,Feb 29 2024 08: +0,1709193600
0.316,1,Feb 29 2024 10: +0,1709200800
0.267,4,Feb 29 2024 11: +0,1709204400
0.318,1,Feb 29 2024 12: +0,1709208000
0.248,1,Feb 29 2024 14: +0,1709215200
0.316,6,Feb 29 2024 15: +0,1709218800
0.3,1,Feb 29 2024 16: +0,1709222400
0.316,1,Feb 29 2024 17: +0,1709226000
0.307,3,Feb 29 2024 18: +0,1709229600
0.318,2,Feb 29 2024 19: +0,1709233200
0.3,1,Feb 29 2024 20: +0,1709236800
0.316,1,Feb 29 2024 21: +0,1709240400
0.276,1,Feb 29 2024 22: +0,1709244000
0.276,1,Mar 01 2024 03: +0,1709262000
0.308,1,Mar 01 2024 06: +0,1709272800
0.316,1,Mar 01 2024 08: +0,1709280000
0.308,1,Mar 01 2024 09: +0,1709283600
0.252,1,Mar 01 2024 10: +0,1709287200
0.28,2,Mar 01 2024 11: +0,1709290800
0.319,1,Mar 01 2024 12: +0,1709294400
0.316,1,Mar 01 2024 13: +0,1709298000
0.318,2,Mar 01 2024 15: +0,1709305200
0.319,1,Mar 01 2024 16: +0,1709308800
0.3,1,Mar 01 2024 17: +0,1709312400
0.316,12,Mar 01 2024 18: +0,1709316000
0.336,3,Mar 01 2024 20: +0,1709323200
0.292,3,Mar 01 2024 23: +0,1709334000
0.327,2,Mar 02 2024 00: +0,1709337600
0.296,2,Mar 02 2024 01: +0,1709341200
0.336,1,Mar 02 2024 02: +0,1709344800
0.205,1,Mar 02 2024 03: +0,1709348400
0.292,3,Mar 02 2024 06: +0,1709359200
0.316,1,Mar 02 2024 07: +0,1709362800
0.316,1,Mar 02 2024 09: +0,1709370000
0.326,2,Mar 02 2024 10: +0,1709373600
0.324,1,Mar 02 2024 11: +0,1709377200
0.308,1,Mar 02 2024 12: +0,1709380800
0.281,2,Mar 02 2024 14: +0,1709388000
0.316,6,Mar 02 2024 15: +0,1709391600
0.321,4,Mar 02 2024 16: +0,1709395200
0.289,2,Mar 02 2024 17: +0,1709398800
0.275,2,Mar 02 2024 19: +0,1709406000
0.29,4,Mar 02 2024 20: +0,1709409600
0.281,3,Mar 02 2024 21: +0,1709413200
0.329,2,Mar 02 2024 23: +0,1709420400
0.304,1,Mar 03 2024 00: +0,1709424000
0.304,2,Mar 03 2024 01: +0,1709427600
0.304,1,Mar 03 2024 04: +0,1709438400
0.296,1,Mar 03 2024 06: +0,1709445600
0.304,1,Mar 03 2024 07: +0,1709449200
0.309,2,Mar 03 2024 12: +0,1709467200
0.296,1,Mar 03 2024 13: +0,1709470800
0.326,2,Mar 03 2024 15: +0,1709478000
0.312,1,Mar 03 2024 18: +0,1709488800
0.304,1,Mar 03 2024 20: +0,1709496000
0.32,10,Mar 03 2024 21: +0,1709499600
0.313,1,Mar 04 2024 01: +0,1709514000
0.226,1,Mar 04 2024 03: +0,1709521200
0.312,1,Mar 04 2024 06: +0,1709532000
0.304,1,Mar 04 2024 10: +0,1709546400
0.316,1,Mar 04 2024 11: +0,1709550000
0.315,2,Mar 04 2024 13: +0,1709557200
0.332,1,Mar 04 2024 14: +0,1709560800
0.303,2,Mar 04 2024 15: +0,1709564400
0.305,2,Mar 04 2024 17: +0,1709571600
0.296,1,Mar 04 2024 19: +0,1709578800
0.319,2,Mar 04 2024 22: +0,1709589600
0.265,1,Mar 04 2024 23: +0,1709593200
0.289,3,Mar 05 2024 07: +0,1709622000
0.324,1,Mar 05 2024 08: +0,1709625600
0.438,2,Mar 05 2024 09: +0,1709629200
0.255,1,Mar 05 2024 10: +0,1709632800
0.332,1,Mar 05 2024 12: +0,1709640000
0.285,2,Mar 05 2024 14: +0,1709647200
0.33,3,Mar 05 2024 15: +0,1709650800
0.336,2,Mar 05 2024 17: +0,1709658000
0.148,1,Mar 05 2024 18: +0,1709661600
0.312,1,Mar 05 2024 19: +0,1709665200
0.289,2,Mar 05 2024 21: +0,1709672400
0.33,1,Mar 05 2024 22: +0,1709676000
0.289,2,Mar 05 2024 23: +0,1709679600
0.292,2,Mar 06 2024 00: +0,1709683200
0.338,1,Mar 06 2024 01: +0,1709686800
0.34,1,Mar 06 2024 04: +0,1709697600
0.338,1,Mar 06 2024 07: +0,1709708400
0.293,2,Mar 06 2024 08: +0,1709712000
0.338,1,Mar 06 2024 11: +0,1709722800
0.296,1,Mar 06 2024 12: +0,1709726400
0.301,2,Mar 06 2024 13: +0,1709730000
0.296,1,Mar 06 2024 14: +0,1709733600
0.313,4,Mar 06 2024 15: +0,1709737200
0.484,1,Mar 06 2024 16: +0,1709740800
0.328,1,Mar 06 2024 17: +0,1709744400
0.344,2,Mar 06 2024 18: +0,1709748000
0.323,2,Mar 06 2024 19: +0,1709751600
0.326,2,Mar 06 2024 20: +0,1709755200
0.38,2,Mar 06 2024 23: +0,1709766000
0.291,2,Mar 07 2024 05: +0,1709787600
0.341,1,Mar 07 2024 06: +0,1709791200
0.34,2,Mar 07 2024 07: +0,1709794800
0.296,1,Mar 07 2024 09: +0,1709802000
0.315,2,Mar 07 2024 11: +0,1709809200
0.341,1,Mar 07 2024 12: +0,1709812800
0.314,1,Mar 07 2024 14: +0,1709820000
0.287,2,Mar 07 2024 16: +0,1709827200
0.325,1,Mar 07 2024 17: +0,1709830800
0.323,1,Mar 07 2024 18: +0,1709834400
0.261,1,Mar 07 2024 19: +0,1709838000
0.325,2,Mar 07 2024 22: +0,1709848800
0.334,1,Mar 07 2024 23: +0,1709852400
0.273,1,Mar 08 2024 00: +0,1709856000
0.315,1,Mar 08 2024 02: +0,1709863200
0.341,1,Mar 08 2024 06: +0,1709877600
0.323,1,Mar 08 2024 08: +0,1709884800
0.325,3,Mar 08 2024 09: +0,1709888400
0.373,4,Mar 08 2024 13: +0,1709902800
0.319,2,Mar 08 2024 15: +0,1709910000
0.303,1,Mar 08 2024 17: +0,1709917200
0.324,3,Mar 08 2024 18: +0,1709920800
0.331,2,Mar 08 2024 19: +0,1709924400
0.322,1,Mar 08 2024 21: +0,1709931600
0.299,2,Mar 09 2024 00: +0,1709942400
0.328,1,Mar 09 2024 02: +0,1709949600
0.296,3,Mar 09 2024 03: +0,1709953200
0.319,1,Mar 09 2024 06: +0,1709964000
0.296,1,Mar 09 2024 09: +0,1709974800
0.289,1,Mar 09 2024 12: +0,1709985600
0.302,2,Mar 09 2024 14: +0,1709992800
0.298,2,Mar 09 2024 15: +0,1709996400
0.304,1,Mar 09 2024 17: +0,1710003600
0.306,1,Mar 09 2024 18: +0,1710007200
0.304,1,Mar 09 2024 19: +0,1710010800
0.314,6,Mar 09 2024 20: +0,1710014400
0.325,3,Mar 09 2024 21: +0,1710018000
0.32,1,Mar 09 2024 23: +0,1710025200
0.281,1,Mar 10 2024 00: +0,1710028800
0.317,2,Mar 10 2024 04: +0,1710043200
0.332,1,Mar 10 2024 05: +0,1710046800
0.333,1,Mar 10 2024 06: +0,1710050400
0.335,1,Mar 10 2024 08: +0,1710057600
0.334,2,Mar 10 2024 09: +0,1710061200
0.293,2,Mar 10 2024 11: +0,1710068400
0.296,2,Mar 10 2024 12: +0,1710072000
0.328,1,Mar 10 2024 13: +0,1710075600
0.272,2,Mar 10 2024 15: +0,1710082800
0.366,2,Mar 10 2024 16: +0,1710086400
0.279,2,Mar 10 2024 18: +0,1710093600
0.328,6,Mar 10 2024 20: +0,1710100800
0.304,4,Mar 10 2024 23: +0,1710111600
0.295,2,Mar 11 2024 00: +0,1710115200
0.246,2,Mar 11 2024 03: +0,1710126000
0.47,4,Mar 11 2024 04: +0,1710129600
0.499,1,Mar 11 2024 09: +0,1710147600
0.325,1,Mar 11 2024 10: +0,1710151200
0.324,2,Mar 11 2024 11: +0,1710154800
0.312,1,Mar 11 2024 12: +0,1710158400
0.246,1,Mar 11 2024 13: +0,1710162000
0.335,2,Mar 11 2024 14: +0,1710165600
0.285,1,Mar 11 2024 17: +0,1710176400
0.308,2,Mar 11 2024 18: +0,1710180000
0.341,1,Mar 11 2024 19: +0,1710183600
0.265,1,Mar 11 2024 20: +0,1710187200
0.299,1,Mar 12 2024 00: +0,1710201600
0.321,2,Mar 12 2024 06: +0,1710223200
0.323,2,Mar 12 2024 13: +0,1710248400
0.331,6,Mar 12 2024 14: +0,1710252000
0.292,1,Mar 12 2024 15: +0,1710255600
0.336,1,Mar 12 2024 17: +0,1710262800
0.319,2,Mar 12 2024 18: +0,1710266400
0.331,3,Mar 12 2024 19: +0,1710270000
0.338,1,Mar 12 2024 20: +0,1710273600
0.317,2,Mar 12 2024 21: +0,1710277200
0.331,1,Mar 13 2024 01: +0,1710291600
0.338,1,Mar 13 2024 03: +0,1710298800
0.342,5,Mar 13 2024 11: +0,1710327600
0.339,2,Mar 13 2024 12: +0,1710331200
0.334,2,Mar 13 2024 14: +0,1710338400
0.341,1,Mar 13 2024 15: +0,1710342000
0.341,3,Mar 13 2024 16: +0,1710345600
0.339,2,Mar 13 2024 17: +0,1710349200
0.268,1,Mar 13 2024 18: +0,1710352800
0.284,1,Mar 13 2024 19: +0,1710356400
0.332,2,Mar 13 2024 21: +0,1710363600
0.331,3,Mar 13 2024 23: +0,1710370800
0.331,1,Mar 14 2024 00: +0,1710374400
0.292,1,Mar 14 2024 03: +0,1710385200
0.302,3,Mar 14 2024 09: +0,1710406800
0.315,5,Mar 14 2024 11: +0,1710414000
0.335,1,Mar 14 2024 13: +0,1710421200
0.307,1,Mar 14 2024 14: +0,1710424800
0.302,2,Mar 14 2024 15: +0,1710428400
0.319,2,Mar 14 2024 17: +0,1710435600
0.302,1,Mar 14 2024 18: +0,1710439200
0.316,4,Mar 14 2024 20: +0,1710446400
0.299,3,Mar 14 2024 21: +0,1710450000
0.335,1,Mar 14 2024 22: +0,1710453600
0.344,1,Mar 15 2024 02: +0,1710468000
0.268,1,Mar 15 2024 07: +0,1710486000
0.567,1,Mar 15 2024 09: +0,1710493200
0.315,3,Mar 15 2024 10: +0,1710496800
0.326,1,Mar 15 2024 11: +0,1710500400
0.268,1,Mar 15 2024 12: +0,1710504000
0.276,1,Mar 15 2024 16: +0,1710518400
0.5,2,Mar 15 2024 17: +0,1710522000
0.323,11,Mar 15 2024 18: +0,1710525600
0.315,1,Mar 15 2024 20: +0,1710532800
0.323,2,Mar 15 2024 21: +0,1710536400
0.343,1,Mar 15 2024 22: +0,1710540000
0.307,1,Mar 15 2024 23: +0,1710543600
0.3,1,Mar 16 2024 00: +0,1710547200
0.263,1,Mar 16 2024 02: +0,1710554400
0.268,1,Mar 16 2024 05: +0,1710565200
0.299,1,Mar 16 2024 06: +0,1710568800
0.292,1,Mar 16 2024 07: +0,1710572400
0.298,1,Mar 16 2024 08: +0,1710576000
0.293,2,Mar 16 2024 09: +0,1710579600
0.3,2,Mar 16 2024 10: +0,1710583200
0.299,1,Mar 16 2024 11: +0,1710586800
0.303,4,Mar 16 2024 13: +0,1710594000
0.327,2,Mar 16 2024 14: +0,1710597600
0.3,2,Mar 16 2024 15: +0,1710601200
0.3,1,Mar 16 2024 17: +0,1710608400
0.308,2,Mar 16 2024 19: +0,1710615600
0.308,3,Mar 16 2024 20: +0,1710619200
0.315,1,Mar 16 2024 21: +0,1710622800
0.299,3,Mar 16 2024 22: +0,1710626400
0.308,1,Mar 17 2024 00: +0,1710633600
0.238,1,Mar 17 2024 01: +0,1710637200
0.309,1,Mar 17 2024 03: +0,1710644400
0.308,4,Mar 17 2024 04: +0,1710648000
0.306,1,Mar 17 2024 10: +0,1710669600
0.307,3,Mar 17 2024 11: +0,1710673200
0.309,3,Mar 17 2024 13: +0,1710680400
0.398,2,Mar 17 2024 14: +0,1710684000
0.311,1,Mar 17 2024 18: +0,1710698400
0.299,1,Mar 17 2024 20: +0,1710705600
0.284,1,Mar 17 2024 21: +0,1710709200
0.306,1,Mar 17 2024 22: +0,1710712800
0.299,1,Mar 17 2024 23: +0,1710716400
0.284,1,Mar 18 2024 09: +0,1710752400
0.315,1,Mar 18 2024 13: +0,1710766800
0.306,3,Mar 18 2024 15: +0,1710774000
0.284,3,Mar 18 2024 16: +0,1710777600
0.309,3,Mar 18 2024 17: +0,1710781200
0.313,1,Mar 18 2024 18: +0,1710784800
0.264,1,Mar 18 2024 19: +0,1710788400
0.316,1,Mar 18 2024 22: +0,1710799200
0.268,1,Mar 18 2024 23: +0,1710802800
0.314,1,Mar 19 2024 00: +0,1710806400
0.315,1,Mar 19 2024 01: +0,1710810000
0.317,1,Mar 19 2024 02: +0,1710813600
0.299,1,Mar 19 2024 08: +0,1710835200
0.299,1,Mar 19 2024 10: +0,1710842400
0.317,1,Mar 19 2024 11: +0,1710846000
0.278,2,Mar 19 2024 13: +0,1710853200
0.307,2,Mar 19 2024 14: +0,1710856800
0.292,1,Mar 19 2024 16: +0,1710864000
0.292,2,Mar 19 2024 19: +0,1710874800
0.284,1,Mar 19 2024 20: +0,1710878400
0.292,1,Mar 19 2024 21: +0,1710882000
0.272,2,Mar 19 2024 22: +0,1710885600
0.237,1,Mar 20 2024 02: +0,1710900000
0.239,1,Mar 20 2024 03: +0,1710903600
0.293,1,Mar 20 2024 06: +0,1710914400
0.295,2,Mar 20 2024 07: +0,1710918000
0.286,2,Mar 20 2024 09: +0,1710925200
0.309,3,Mar 20 2024 11: +0,1710932400
0.289,2,Mar 20 2024 12: +0,1710936000
0.278,2,Mar 20 2024 13: +0,1710939600
0.309,1,Mar 20 2024 14: +0,1710943200
0.318,3,Mar 20 2024 15: +0,1710946800
0.297,2,Mar 20 2024 16: +0,1710950400
0.309,1,Mar 20 2024 18: +0,1710957600
0.306,1,Mar 20 2024 19: +0,1710961200
0.269,1,Mar 20 2024 20: +0,1710964800
0.309,1,Mar 20 2024 22: +0,1710972000
0.269,1,Mar 21 2024 00: +0,1710979200
0.297,2,Mar 21 2024 02: +0,1710986400
0.309,1,Mar 21 2024 03: +0,1710990000
0.309,1,Mar 21 2024 06: +0,1711000800
0.301,2,Mar 21 2024 08: +0,1711008000
0.309,1,Mar 21 2024 10: +0,1711015200
0.296,1,Mar 21 2024 14: +0,1711029600
0.301,5,Mar 21 2024 17: +0,1711040400
0.313,3,Mar 21 2024 18: +0,1711044000
0.316,1,Mar 21 2024 19: +0,1711047600
0.316,1,Mar 21 2024 20: +0,1711051200
0.319,1,Mar 21 2024 21: +0,1711054800
0.317,2,Mar 21 2024 22: +0,1711058400
0.277,1,Mar 21 2024 23: +0,1711062000
0.292,2,Mar 22 2024 00: +0,1711065600
0.32,1,Mar 22 2024 01: +0,1711069200
0.316,2,Mar 22 2024 09: +0,1711098000
0.301,1,Mar 22 2024 10: +0,1711101600
0.309,4,Mar 22 2024 12: +0,1711108800
0.318,1,Mar 22 2024 14: +0,1711116000
0.346,1,Mar 22 2024 15: +0,1711119600
0.28,2,Mar 22 2024 16: +0,1711123200
0.318,1,Mar 22 2024 18: +0,1711130400
0.319,1,Mar 22 2024 20: +0,1711137600
0.464,1,Mar 22 2024 22: +0,1711144800
0.312,2,Mar 22 2024 23: +0,1711148400
0.317,1,Mar 23 2024 01: +0,1711155600
0.324,3,Mar 23 2024 05: +0,1711170000
0.317,1,Mar 23 2024 06: +0,1711173600
0.325,1,Mar 23 2024 08: +0,1711180800
0.305,2,Mar 23 2024 09: +0,1711184400
0.325,1,Mar 23 2024 10: +0,1711188000
0.285,1,Mar 23 2024 12: +0,1711195200
0.292,2,Mar 23 2024 13: +0,1711198800
0.308,5,Mar 23 2024 14: +0,1711202400
0.332,1,Mar 23 2024 15: +0,1711206000
0.326,2,Mar 23 2024 16: +0,1711209600
0.334,3,Mar 23 2024 17: +0,1711213200
0.293,1,Mar 23 2024 18: +0,1711216800
0.325,1,Mar 23 2024 20: +0,1711224000
0.337,3,Mar 23 2024 21: +0,1711227600
0.311,2,Mar 23 2024 22: +0,1711231200
0.343,1,Mar 23 2024 23: +0,1711234800
0.332,1,Mar 24 2024 06: +0,1711260000
0.305,2,Mar 24 2024 09: +0,1711270800
0.325,1,Mar 24 2024 11: +0,1711278000
0.326,2,Mar 24 2024 12: +0,1711281600
0.328,3,Mar 24 2024 14: +0,1711288800
0.322,1,Mar 24 2024 16: +0,1711296000
0.325,1,Mar 24 2024 17: +0,1711299600
0.311,2,Mar 24 2024 18: +0,1711303200
0.322,3,Mar 24 2024 22: +0,1711317600
0.316,1,Mar 24 2024 23: +0,1711321200
0.331,1,Mar 25 2024 00: +0,1711324800
0.254,1,Mar 25 2024 05: +0,1711342800
0.295,1,Mar 25 2024 07: +0,1711350000
0.293,1,Mar 25 2024 09: +0,1711357200
0.302,2,Mar 25 2024 11: +0,1711364400
0.325,1,Mar 25 2024 12: +0,1711368000
0.3,1,Mar 25 2024 14: +0,1711375200
0.295,1,Mar 25 2024 15: +0,1711378800
0.322,2,Mar 25 2024 16: +0,1711382400
0.298,1,Mar 25 2024 17: +0,1711386000
0.262,2,Mar 25 2024 21: +0,1711400400
0.611,1,Mar 25 2024 22: +0,1711404000
0.315,2,Mar 26 2024 00: +0,1711411200
0.312,1,Mar 26 2024 02: +0,1711418400
0.277,1,Mar 26 2024 03: +0,1711422000
0.314,1,Mar 26 2024 07: +0,1711436400
0.306,2,Mar 26 2024 08: +0,1711440000
0.301,1,Mar 26 2024 09: +0,1711443600
0.312,1,Mar 26 2024 10: +0,1711447200
0.292,2,Mar 26 2024 12: +0,1711454400
0.285,1,Mar 26 2024 13: +0,1711458000
0.312,1,Mar 26 2024 14: +0,1711461600
0.314,1,Mar 26 2024 15: +0,1711465200
0.309,1,Mar 26 2024 16: +0,1711468800
0.315,3,Mar 26 2024 17: +0,1711472400
0.269,1,Mar 26 2024 22: +0,1711490400
0.285,1,Mar 27 2024 05: +0,1711515600
0.293,1,Mar 27 2024 08: +0,1711526400
0.374,2,Mar 27 2024 12: +0,1711540800
0.309,1,Mar 27 2024 14: +0,1711548000
0.293,1,Mar 27 2024 16: +0,1711555200
0.297,2,Mar 27 2024 18: +0,1711562400
0.184,2,Mar 27 2024 19: +0,1711566000
0.214,1,Mar 27 2024 20: +0,1711569600
0.555,1,Mar 27 2024 21: +0,1711573200
0.3,2,Mar 27 2024 22: +0,1711576800
0.291,1,Mar 27 2024 23: +0,1711580400
0.271,2,Mar 28 2024 02: +0,1711591200
0.304,1,Mar 28 2024 03: +0,1711594800
0.301,1,Mar 28 2024 07: +0,1711609200
0.295,1,Mar 28 2024 10: +0,1711620000
0.301,3,Mar 28 2024 11: +0,1711623600
0.301,2,Mar 28 2024 12: +0,1711627200
0.301,1,Mar 28 2024 14: +0,1711634400
0.312,1,Mar 28 2024 15: +0,1711638000
0.3,1,Mar 28 2024 16: +0,1711641600
0.311,2,Mar 28 2024 17: +0,1711645200
0.293,2,Mar 28 2024 18: +0,1711648800
0.301,3,Mar 28 2024 19: +0,1711652400
0.309,2,Mar 28 2024 20: +0,1711656000
0.306,1,Mar 28 2024 22: +0,1711663200
0.401,1,Mar 29 2024 02: +0,1711677600
0.309,1,Mar 29 2024 03: +0,1711681200
0.317,1,Mar 29 2024 04: +0,1711684800
0.309,3,Mar 29 2024 05: +0,1711688400
0.325,1,Mar 29 2024 08: +0,1711699200
0.33,1,Mar 29 2024 09: +0,1711702800
0.319,1,Mar 29 2024 10: +0,1711706400
0.312,2,Mar 29 2024 12: +0,1711713600
0.228,1,Mar 29 2024 13: +0,1711717200
0.322,2,Mar 29 2024 14: +0,1711720800
0.326,2,Mar 29 2024 16: +0,1711728000
0.333,1,Mar 29 2024 17: +0,1711731600
0.333,1,Mar 29 2024 19: +0,1711738800
0.325,1,Mar 29 2024 21: +0,1711746000
0.275,2,Mar 29 2024 22: +0,1711749600
0.325,1,Mar 29 2024 23: +0,1711753200
0.325,1,Mar 30 2024 00: +0,1711756800
0.325,1,Mar 30 2024 01: +0,1711760400
0.319,2,Mar 30 2024 02: +0,1711764000
0.326,4,Mar 30 2024 03: +0,1711767600
0.334,2,Mar 30 2024 04: +0,1711771200
0.314,1,Mar 30 2024 06: +0,1711778400
0.304,4,Mar 30 2024 10: +0,1711792800
0.335,1,Mar 30 2024 11: +0,1711796400
0.309,1,Mar 30 2024 12: +0,1711800000
0.309,3,Mar 30 2024 13: +0,1711803600
0.308,1,Mar 30 2024 14: +0,1711807200
0.324,1,Mar 30 2024 15: +0,1711810800
0.304,2,Mar 30 2024 16: +0,1711814400
0.333,1,Mar 30 2024 19: +0,1711825200
0.299,4,Mar 30 2024 20: +0,1711828800
0.297,1,Mar 30 2024 21: +0,1711832400
0.307,4,Mar 30 2024 22: +0,1711836000
0.308,1,Mar 31 2024 01: +0,1711846800
0.251,1,Mar 31 2024 04: +0,1711854000
0.316,3,Mar 31 2024 09: +0,1711872000
0.316,1,Mar 31 2024 12: +0,1711882800
0.324,3,Mar 31 2024 14: +0,1711890000
0.409,1,Mar 31 2024 15: +0,1711893600
0.268,1,Mar 31 2024 16: +0,1711897200
0.324,1,Mar 31 2024 17: +0,1711900800
0.325,2,Mar 31 2024 18: +0,1711904400
0.328,1,Mar 31 2024 19: +0,1711908000
0.326,2,Mar 31 2024 20: +0,1711911600
0.328,1,Mar 31 2024 21: +0,1711915200
0.354,3,Mar 31 2024 22: +0,1711918800
0.392,3,Mar 31 2024 23: +0,1711922400
0.323,1,Apr 01 2024 05: +0,1711944000
0.245,1,Apr 01 2024 06: +0,1711947600
0.321,2,Apr 01 2024 10: +0,1711962000
0.333,1,Apr 01 2024 11: +0,1711965600
0.314,1,Apr 01 2024 12: +0,1711969200
0.316,2,Apr 01 2024 13: +0,1711972800
0.292,2,Apr 01 2024 14: +0,1711976400
0.316,1,Apr 01 2024 15: +0,1711980000
0.316,1,Apr 01 2024 16: +0,1711983600
0.308,1,Apr 01 2024 17: +0,1711987200
0.316,2,Apr 01 2024 18: +0,1711990800
0.316,3,Apr 01 2024 19: +0,1711994400
0.319,4,Apr 01 2024 20: +0,1711998000
0.333,1,Apr 01 2024 21: +0,1712001600
0.292,2,Apr 02 2024 02: +0,1712019600
0.316,1,Apr 02 2024 05: +0,1712030400
0.327,1,Apr 02 2024 07: +0,1712037600
0.331,1,Apr 02 2024 09: +0,1712044800
0.332,1,Apr 02 2024 10: +0,1712048400
0.312,2,Apr 02 2024 12: +0,1712055600
0.307,2,Apr 02 2024 14: +0,1712062800
0.342,1,Apr 02 2024 16: +0,1712070000
0.34,1,Apr 02 2024 17: +0,1712073600
0.342,1,Apr 02 2024 18: +0,1712077200
0.31,1,Apr 02 2024 19: +0,1712080800
0.34,1,Apr 02 2024 22: +0,1712091600
0.338,2,Apr 02 2024 23: +0,1712095200
0.313,1,Apr 03 2024 02: +0,1712106000
0.311,2,Apr 03 2024 12: +0,1712142000
0.324,3,Apr 03 2024 13: +0,1712145600
0.3,1,Apr 03 2024 17: +0,1712160000
0.41,1,Apr 03 2024 18: +0,1712163600
0.26,1,Apr 03 2024 20: +0,1712170800
0.324,1,Apr 03 2024 21: +0,1712174400
0.3,1,Apr 03 2024 22: +0,1712178000
0.308,2,Apr 04 2024 01: +0,1712188800
0.309,1,Apr 04 2024 02: +0,1712192400
0.292,1,Apr 04 2024 03: +0,1712196000
0.316,3,Apr 04 2024 08: +0,1712214000
0.323,1,Apr 04 2024 09: +0,1712217600
0.329,4,Apr 04 2024 10: +0,1712221200
0.333,1,Apr 04 2024 12: +0,1712228400
0.323,1,Apr 04 2024 13: +0,1712232000
0.306,2,Apr 04 2024 15: +0,1712239200
0.292,1,Apr 04 2024 16: +0,1712242800
0.332,1,Apr 04 2024 19: +0,1712253600
0.3,1,Apr 04 2024 23: +0,1712268000
0.313,1,Apr 05 2024 01: +0,1712275200
0.336,1,Apr 05 2024 05: +0,1712289600
0.34,1,Apr 05 2024 08: +0,1712300400
0.323,1,Apr 05 2024 10: +0,1712307600
0.346,1,Apr 05 2024 12: +0,1712314800
0.333,1,Apr 05 2024 13: +0,1712318400
0.33,1,Apr 05 2024 17: +0,1712332800
0.325,3,Apr 05 2024 19: +0,1712340000
0.319,1,Apr 05 2024 20: +0,1712343600
0.301,2,Apr 05 2024 21: +0,1712347200
0.319,3,Apr 05 2024 22: +0,1712350800
0.329,1,Apr 06 2024 00: +0,1712358000
0.329,1,Apr 06 2024 01: +0,1712361600
0.313,3,Apr 06 2024 10: +0,1712394000
0.432,2,Apr 06 2024 11: +0,1712397600
0.317,2,Apr 06 2024 14: +0,1712408400
0.342,1,Apr 06 2024 16: +0,1712415600
0.341,1,Apr 06 2024 17: +0,1712419200
0.295,2,Apr 06 2024 18: +0,1712422800
0.347,1,Apr 06 2024 23: +0,1712440800
0.321,1,Apr 07 2024 00: +0,1712444400
0.356,1,Apr 07 2024 01: +0,1712448000
0.349,1,Apr 07 2024 03: +0,1712455200
0.285,2,Apr 07 2024 04: +0,1712458800
0.351,1,Apr 07 2024 08: +0,1712473200
0.305,3,Apr 07 2024 10: +0,1712480400
0.607,1,Apr 07 2024 11: +0,1712484000
0.326,2,Apr 07 2024 12: +0,1712487600
0.281,1,Apr 07 2024 14: +0,1712494800
0.338,1,Apr 07 2024 15: +0,1712498400
0.339,1,Apr 07 2024 16: +0,1712502000
0.359,1,Apr 07 2024 17: +0,1712505600
0.339,1,Apr 07 2024 18: +0,1712509200
3.636,2,Apr 07 2024 19: +0,1712512800
0.305,1,Apr 07 2024 20: +0,1712516400
0.305,1,Apr 07 2024 21: +0,1712520000
0.305,1,Apr 08 2024 00: +0,1712530800
0.313,1,Apr 08 2024 02: +0,1712538000
0.319,1,Apr 08 2024 03: +0,1712541600
0.333,1,Apr 08 2024 04: +0,1712545200
0.335,1,Apr 08 2024 05: +0,1712548800
0.368,2,Apr 08 2024 08: +0,1712559600
0.329,1,Apr 08 2024 11: +0,1712570400
0.335,2,Apr 08 2024 13: +0,1712577600
0.349,1,Apr 08 2024 14: +0,1712581200
0.347,2,Apr 08 2024 16: +0,1712588400
0.336,2,Apr 08 2024 17: +0,1712592000
0.329,1,Apr 08 2024 19: +0,1712599200
0.273,1,Apr 08 2024 20: +0,1712602800
0.299,2,Apr 08 2024 21: +0,1712606400
0.337,1,Apr 08 2024 22: +0,1712610000
0.348,1,Apr 08 2024 23: +0,1712613600
0.321,1,Apr 09 2024 00: +0,1712617200
0.345,1,Apr 09 2024 02: +0,1712624400
0.369,1,Apr 09 2024 07: +0,1712642400
0.297,1,Apr 09 2024 08: +0,1712646000
0.31,1,Apr 09 2024 10: +0,1712653200
0.345,1,Apr 09 2024 11: +0,1712656800
0.353,3,Apr 09 2024 15: +0,1712671200
0.321,3,Apr 09 2024 16: +0,1712674800
0.341,4,Apr 09 2024 17: +0,1712678400
0.348,1,Apr 09 2024 18: +0,1712682000
0.345,2,Apr 09 2024 19: +0,1712685600
0.359,2,Apr 09 2024 20: +0,1712689200
0.284,2,Apr 09 2024 22: +0,1712696400
0.321,1,Apr 10 2024 00: +0,1712703600
0.315,1,Apr 10 2024 05: +0,1712721600
0.321,3,Apr 10 2024 09: +0,1712736000
0.358,3,Apr 10 2024 13: +0,1712750400
0.321,1,Apr 10 2024 14: +0,1712754000
0.352,2,Apr 10 2024 15: +0,1712757600
0.367,1,Apr 10 2024 16: +0,1712761200
0.411,5,Apr 10 2024 17: +0,1712764800
0.376,3,Apr 10 2024 18: +0,1712768400
0.349,2,Apr 10 2024 19: +0,1712772000
0.397,3,Apr 10 2024 20: +0,1712775600
0.408,1,Apr 10 2024 21: +0,1712779200
0.333,2,Apr 10 2024 22: +0,1712782800
0.399,2,Apr 10 2024 23: +0,1712786400
0.41,2,Apr 11 2024 00: +0,1712790000
0.41,1,Apr 11 2024 01: +0,1712793600
0.405,1,Apr 11 2024 03: +0,1712800800
0.345,1,Apr 11 2024 04: +0,1712804400
0.353,2,Apr 11 2024 05: +0,1712808000
0.426,2,Apr 11 2024 08: +0,1712818800
0.378,2,Apr 11 2024 09: +0,1712822400
0.406,1,Apr 11 2024 10: +0,1712826000
0.345,1,Apr 11 2024 12: +0,1712833200
0.386,1,Apr 11 2024 13: +0,1712836800
0.38,2,Apr 11 2024 16: +0,1712847600
0.34,2,Apr 11 2024 17: +0,1712851200
0.394,1,Apr 11 2024 19: +0,1712858400
0.367,2,Apr 11 2024 20: +0,1712862000
1.205,1,Apr 12 2024 08: +0,1712905200
0.396,1,Apr 12 2024 09: +0,1712908800
0.395,1,Apr 12 2024 11: +0,1712916000
0.348,2,Apr 12 2024 13: +0,1712923200
0.386,1,Apr 12 2024 14: +0,1712926800
0.297,3,Apr 12 2024 15: +0,1712930400
0.345,2,Apr 12 2024 17: +0,1712937600
0.337,1,Apr 12 2024 19: +0,1712944800
0.337,3,Apr 12 2024 20: +0,1712948400
0.368,3,Apr 12 2024 22: +0,1712955600
0.379,1,Apr 13 2024 00: +0,1712962800
0.337,1,Apr 13 2024 09: +0,1712995200
0.393,1,Apr 13 2024 11: +0,1713002400
0.337,1,Apr 13 2024 12: +0,1713006000
0.313,2,Apr 13 2024 14: +0,1713013200
0.321,1,Apr 13 2024 15: +0,1713016800
0.332,2,Apr 13 2024 16: +0,1713020400
0.345,3,Apr 13 2024 18: +0,1713027600
0.336,4,Apr 13 2024 19: +0,1713031200
0.351,3,Apr 13 2024 22: +0,1713042000
0.344,1,Apr 13 2024 23: +0,1713045600
0.387,1,Apr 14 2024 01: +0,1713052800
0.345,3,Apr 14 2024 03: +0,1713060000
0.313,1,Apr 14 2024 12: +0,1713092400
0.342,2,Apr 14 2024 13: +0,1713096000
0.504,2,Apr 14 2024 14: +0,1713099600
0.129,1,Apr 14 2024 16: +0,1713106800
0.321,1,Apr 14 2024 17: +0,1713110400
0.333,3,Apr 14 2024 18: +0,1713114000
0.321,1,Apr 14 2024 19: +0,1713117600
0.323,4,Apr 14 2024 20: +0,1713121200
0.321,4,Apr 14 2024 21: +0,1713124800
0.321,1,Apr 14 2024 22: +0,1713128400
0.357,2,Apr 15 2024 07: +0,1713160800
0.331,2,Apr 15 2024 08: +0,1713164400
0.343,1,Apr 15 2024 09: +0,1713168000
0.721,2,Apr 15 2024 16: +0,1713193200
0.337,7,Apr 15 2024 17: +0,1713196800
0.39,2,Apr 15 2024 18: +0,1713200400
0.369,2,Apr 15 2024 19: +0,1713204000
0.359,1,Apr 15 2024 21: +0,1713211200
0.381,1,Apr 15 2024 22: +0,1713214800
0.383,1,Apr 16 2024 02: +0,1713229200
0.329,1,Apr 16 2024 07: +0,1713247200
0.337,1,Apr 16 2024 09: +0,1713254400
0.385,1,Apr 16 2024 12: +0,1713265200
0.329,3,Apr 16 2024 13: +0,1713268800
0.386,1,Apr 16 2024 14: +0,1713272400
0.388,2,Apr 16 2024 16: +0,1713279600
0.329,1,Apr 16 2024 21: +0,1713297600
0.321,2,Apr 16 2024 22: +0,1713301200
1.248,1,Apr 16 2024 23: +0,1713304800
0.321,3,Apr 17 2024 00: +0,1713308400
0.321,1,Apr 17 2024 05: +0,1713326400
0.354,1,Apr 17 2024 08: +0,1713337200
0.297,2,Apr 17 2024 10: +0,1713344400
1.169,1,Apr 17 2024 11: +0,1713348000
0.341,1,Apr 17 2024 14: +0,1713358800
0.348,2,Apr 17 2024 15: +0,1713362400
0.378,1,Apr 17 2024 17: +0,1713369600
0.333,1,Apr 17 2024 18: +0,1713373200
0.32,2,Apr 17 2024 19: +0,1713376800
1.101,1,Apr 17 2024 20: +0,1713380400
0.313,3,Apr 17 2024 21: +0,1713384000
0.339,1,Apr 17 2024 23: +0,1713391200
0.345,1,Apr 18 2024 01: +0,1713398400
0.321,1,Apr 18 2024 02: +0,1713402000
0.321,1,Apr 18 2024 08: +0,1713423600
0.323,2,Apr 18 2024 10: +0,1713430800
0.333,1,Apr 18 2024 11: +0,1713434400
0.317,2,Apr 18 2024 13: +0,1713441600
0.321,2,Apr 18 2024 14: +0,1713445200
0.329,2,Apr 18 2024 15: +0,1713448800
0.313,1,Apr 18 2024 16: +0,1713452400
0.343,1,Apr 18 2024 17: +0,1713456000
0.313,1,Apr 18 2024 18: +0,1713459600
0.35,1,Apr 18 2024 20: +0,1713466800
0.321,1,Apr 18 2024 21: +0,1713470400
0.329,1,Apr 18 2024 22: +0,1713474000
0.339,2,Apr 19 2024 04: +0,1713495600
0.297,1,Apr 19 2024 05: +0,1713499200
0.329,4,Apr 19 2024 06: +0,1713502800
0.321,1,Apr 19 2024 08: +0,1713510000
0.273,1,Apr 19 2024 09: +0,1713513600
0.321,1,Apr 19 2024 10: +0,1713517200
0.305,1,Apr 19 2024 11: +0,1713520800
0.337,1,Apr 19 2024 12: +0,1713524400
0.261,2,Apr 19 2024 14: +0,1713531600
0.347,1,Apr 19 2024 15: +0,1713535200
0.356,1,Apr 19 2024 17: +0,1713542400
0.34,2,Apr 19 2024 19: +0,1713549600
0.295,2,Apr 19 2024 20: +0,1713553200
0.311,2,Apr 19 2024 21: +0,1713556800
0.329,2,Apr 20 2024 04: +0,1713582000
0.608,1,Apr 20 2024 07: +0,1713592800
0.313,1,Apr 20 2024 10: +0,1713603600
0.313,3,Apr 20 2024 12: +0,1713610800
0.267,2,Apr 20 2024 14: +0,1713618000
0.32,2,Apr 20 2024 15: +0,1713621600
0.321,1,Apr 20 2024 16: +0,1713625200
0.347,1,Apr 20 2024 19: +0,1713636000
0.321,1,Apr 20 2024 20: +0,1713639600
0.337,3,Apr 20 2024 21: +0,1713643200
0.334,1,Apr 20 2024 22: +0,1713646800
0.321,1,Apr 21 2024 01: +0,1713657600
0.329,1,Apr 21 2024 02: +0,1713661200
0.345,2,Apr 21 2024 04: +0,1713668400
0.351,1,Apr 21 2024 08: +0,1713682800
0.305,1,Apr 21 2024 09: +0,1713686400
0.273,1,Apr 21 2024 13: +0,1713700800
0.337,2,Apr 21 2024 14: +0,1713704400
0.341,2,Apr 21 2024 15: +0,1713708000
0.349,1,Apr 21 2024 16: +0,1713711600
0.36,4,Apr 21 2024 17: +0,1713715200
0.327,1,Apr 21 2024 20: +0,1713726000
0.327,5,Apr 21 2024 21: +0,1713729600
0.319,1,Apr 21 2024 22: +0,1713733200
0.317,1,Apr 21 2024 23: +0,1713736800
0.442,1,Apr 22 2024 00: +0,1713740400
0.342,2,Apr 22 2024 01: +0,1713744000
0.353,1,Apr 22 2024 04: +0,1713754800
0.351,1,Apr 22 2024 06: +0,1713762000
0.351,1,Apr 22 2024 09: +0,1713772800
0.34,1,Apr 22 2024 12: +0,1713783600
0.357,2,Apr 22 2024 13: +0,1713787200
0.351,2,Apr 22 2024 18: +0,1713805200
0.655,1,Apr 22 2024 19: +0,1713808800
0.376,1,Apr 22 2024 20: +0,1713812400
0.326,1,Apr 22 2024 21: +0,1713816000
0.352,2,Apr 22 2024 22: +0,1713819600
0.355,1,Apr 23 2024 00: +0,1713826800
0.335,1,Apr 23 2024 03: +0,1713837600
0.335,1,Apr 23 2024 06: +0,1713848400
0.358,3,Apr 23 2024 13: +0,1713873600
0.268,1,Apr 23 2024 16: +0,1713884400
0.359,2,Apr 23 2024 17: +0,1713888000
0.349,1,Apr 23 2024 18: +0,1713891600
0.339,1,Apr 23 2024 19: +0,1713895200
0.299,2,Apr 23 2024 21: +0,1713902400
0.327,2,Apr 24 2024 00: +0,1713913200
0.319,1,Apr 24 2024 02: +0,1713920400
0.331,1,Apr 24 2024 10: +0,1713949200
0.311,1,Apr 24 2024 11: +0,1713952800
0.319,1,Apr 24 2024 12: +0,1713956400
0.319,1,Apr 24 2024 13: +0,1713960000
0.319,1,Apr 24 2024 17: +0,1713974400
0.331,1,Apr 24 2024 18: +0,1713978000
0.326,2,Apr 24 2024 20: +0,1713985200
0.327,1,Apr 24 2024 22: +0,1713992400
0.311,1,Apr 25 2024 04: +0,1714014000
0.332,1,Apr 25 2024 06: +0,1714021200
0.327,1,Apr 25 2024 10: +0,1714035600
0.329,1,Apr 25 2024 12: +0,1714042800
0.327,1,Apr 25 2024 16: +0,1714057200
0.333,3,Apr 25 2024 17: +0,1714060800
0.334,1,Apr 25 2024 18: +0,1714064400
0.334,2,Apr 25 2024 19: +0,1714068000
0.336,1,Apr 26 2024 00: +0,1714086000
0.339,1,Apr 26 2024 01: +0,1714089600
0.319,1,Apr 26 2024 04: +0,1714100400
0.327,1,Apr 26 2024 05: +0,1714104000
0.333,1,Apr 26 2024 08: +0,1714114800
0.335,1,Apr 26 2024 10: +0,1714122000
0.324,2,Apr 26 2024 12: +0,1714129200
0.316,3,Apr 26 2024 13: +0,1714132800
0.299,2,Apr 26 2024 14: +0,1714136400
0.32,2,Apr 26 2024 15: +0,1714140000
0.319,3,Apr 26 2024 16: +0,1714143600
0.324,1,Apr 26 2024 17: +0,1714147200
0.319,1,Apr 26 2024 18: +0,1714150800
0.307,2,Apr 26 2024 19: +0,1714154400
0.327,1,Apr 26 2024 20: +0,1714158000
0.335,2,Apr 26 2024 22: +0,1714165200
0.359,1,Apr 27 2024 00: +0,1714172400
0.375,1,Apr 27 2024 02: +0,1714179600
0.376,1,Apr 27 2024 07: +0,1714197600
0.319,1,Apr 27 2024 13: +0,1714219200
0.346,3,Apr 27 2024 15: +0,1714226400
0.35,1,Apr 27 2024 16: +0,1714230000
0.369,1,Apr 27 2024 17: +0,1714233600
0.365,2,Apr 27 2024 18: +0,1714237200
0.373,1,Apr 27 2024 21: +0,1714248000
0.311,1,Apr 27 2024 22: +0,1714251600
0.375,1,Apr 27 2024 23: +0,1714255200
0.348,2,Apr 28 2024 04: +0,1714273200
0.319,1,Apr 28 2024 05: +0,1714276800
0.336,2,Apr 28 2024 14: +0,1714309200
0.354,1,Apr 28 2024 16: +0,1714316400
0.376,1,Apr 28 2024 17: +0,1714320000
0.319,1,Apr 28 2024 18: +0,1714323600
0.315,2,Apr 28 2024 20: +0,1714330800
0.252,2,Apr 28 2024 21: +0,1714334400
0.348,2,Apr 28 2024 22: +0,1714338000
0.367,1,Apr 28 2024 23: +0,1714341600
0.375,1,Apr 29 2024 00: +0,1714345200
0.335,1,Apr 29 2024 02: +0,1714352400
0.311,1,Apr 29 2024 06: +0,1714366800
0.327,2,Apr 29 2024 08: +0,1714374000
0.336,2,Apr 29 2024 10: +0,1714381200
0.327,1,Apr 29 2024 12: +0,1714388400
0.344,1,Apr 29 2024 14: +0,1714395600
0.333,1,Apr 29 2024 17: +0,1714406400
0.327,3,Apr 29 2024 19: +0,1714413600
0.342,3,Apr 29 2024 21: +0,1714420800
0.335,1,Apr 30 2024 00: +0,1714431600
0.296,2,Apr 30 2024 01: +0,1714435200
0.343,2,Apr 30 2024 03: +0,1714442400
0.358,1,Apr 30 2024 04: +0,1714446000
0.376,1,Apr 30 2024 06: +0,1714453200
0.372,1,Apr 30 2024 10: +0,1714467600
0.376,1,Apr 30 2024 12: +0,1714474800
0.624,1,Apr 30 2024 14: +0,1714482000
0.343,1,Apr 30 2024 15: +0,1714485600
0.335,1,Apr 30 2024 16: +0,1714489200
0.343,2,Apr 30 2024 17: +0,1714492800
0.367,1,Apr 30 2024 18: +0,1714496400
0.376,1,Apr 30 2024 19: +0,1714500000
0.343,1,Apr 30 2024 20: +0,1714503600
0.383,1,Apr 30 2024 21: +0,1714507200
0.381,2,Apr 30 2024 23: +0,1714514400
0.378,1,May 01 2024 15: +0,1714572000
0.343,3,May 01 2024 17: +0,1714579200
0.359,1,May 01 2024 18: +0,1714582800
0.363,2,May 01 2024 19: +0,1714586400
0.368,1,May 01 2024 20: +0,1714590000
0.355,2,May 01 2024 21: +0,1714593600
0.343,1,May 02 2024 01: +0,1714608000
0.367,1,May 02 2024 10: +0,1714640400
0.363,1,May 02 2024 15: +0,1714658400
0.369,1,May 02 2024 16: +0,1714662000
3.158,2,May 02 2024 18: +0,1714669200
0.343,1,May 02 2024 19: +0,1714672800
0.343,3,May 02 2024 20: +0,1714676400
0.394,1,May 02 2024 21: +0,1714680000
0.335,1,May 02 2024 22: +0,1714683600
0.343,1,May 02 2024 23: +0,1714687200
0.615,5,May 03 2024 00: +0,1714690800
0.383,3,May 03 2024 03: +0,1714701600
0.401,1,May 03 2024 09: +0,1714723200
0.321,1,May 03 2024 14: +0,1714741200
0.365,1,May 03 2024 15: +0,1714744800
0.372,1,May 03 2024 16: +0,1714748400
0.343,1,May 03 2024 17: +0,1714752000
0.372,3,May 03 2024 18: +0,1714755600
0.375,3,May 03 2024 20: +0,1714762800
0.335,1,May 03 2024 21: +0,1714766400
0.335,2,May 03 2024 22: +0,1714770000
0.319,2,May 03 2024 23: +0,1714773600
0.391,7,May 04 2024 05: +0,1714795200
0.397,2,May 04 2024 07: +0,1714802400
0.344,1,May 04 2024 11: +0,1714816800
0.396,3,May 04 2024 12: +0,1714820400
0.403,1,May 04 2024 13: +0,1714824000
0.344,1,May 04 2024 14: +0,1714827600
0.344,1,May 04 2024 16: +0,1714834800
0.344,1,May 04 2024 17: +0,1714838400
0.344,1,May 04 2024 18: +0,1714842000
0.403,3,May 04 2024 20: +0,1714849200
0.344,1,May 04 2024 21: +0,1714852800
0.344,1,May 04 2024 22: +0,1714856400
0.362,2,May 04 2024 23: +0,1714860000
0.34,2,May 05 2024 06: +0,1714885200
0.353,2,May 05 2024 09: +0,1714896000
0.368,1,May 05 2024 11: +0,1714903200
0.361,2,May 05 2024 13: +0,1714910400
0.344,1,May 05 2024 14: +0,1714914000
0.37,1,May 05 2024 15: +0,1714917600
0.395,2,May 05 2024 16: +0,1714921200
0.34,2,May 05 2024 17: +0,1714924800
0.336,1,May 05 2024 19: +0,1714932000
0.344,2,May 05 2024 21: +0,1714939200
0.344,1,May 05 2024 22: +0,1714942800
0.32,1,May 05 2024 23: +0,1714946400
0.376,1,May 06 2024 00: +0,1714950000
0.362,1,May 06 2024 08: +0,1714978800
0.344,4,May 06 2024 09: +0,1714982400
0.328,1,May 06 2024 13: +0,1714996800
0.328,1,May 06 2024 14: +0,1715000400
0.328,1,May 06 2024 16: +0,1715007600
0.353,2,May 06 2024 17: +0,1715011200
0.336,2,May 06 2024 19: +0,1715018400
0.353,4,May 06 2024 20: +0,1715022000
0.344,1,May 06 2024 21: +0,1715025600
0.344,1,May 06 2024 22: +0,1715029200
0.485,2,May 07 2024 01: +0,1715040000
0.368,2,May 07 2024 08: +0,1715065200
0.272,1,May 07 2024 10: +0,1715072400
0.371,3,May 07 2024 11: +0,1715076000
0.344,2,May 07 2024 16: +0,1715094000
0.363,1,May 07 2024 17: +0,1715097600
0.376,2,May 07 2024 20: +0,1715108400
0.313,2,May 07 2024 21: +0,1715112000
0.384,2,May 07 2024 22: +0,1715115600
0.4,1,May 08 2024 00: +0,1715122800
0.32,1,May 08 2024 03: +0,1715133600
0.384,1,May 08 2024 06: +0,1715144400
0.442,1,May 08 2024 09: +0,1715155200
0.702,1,May 08 2024 10: +0,1715158800
0.361,2,May 08 2024 16: +0,1715180400
0.336,1,May 08 2024 17: +0,1715184000
0.344,1,May 08 2024 19: +0,1715191200
0.344,3,May 08 2024 20: +0,1715194800
0.34,2,May 08 2024 21: +0,1715198400
0.363,1,May 08 2024 23: +0,1715205600
0.479,2,May 09 2024 00: +0,1715209200
0.356,2,May 09 2024 01: +0,1715212800
0.344,1,May 09 2024 09: +0,1715241600
0.344,2,May 09 2024 10: +0,1715245200
0.344,1,May 09 2024 12: +0,1715252400
0.336,1,May 09 2024 13: +0,1715256000
1.092,2,May 09 2024 14: +0,1715259600
0.373,1,May 09 2024 15: +0,1715263200
0.379,1,May 09 2024 18: +0,1715274000
0.34,1,May 09 2024 20: +0,1715281200
0.34,2,May 09 2024 22: +0,1715288400
0.371,1,May 09 2024 23: +0,1715292000
0.353,2,May 10 2024 08: +0,1715324400
0.377,1,May 10 2024 09: +0,1715328000
0.348,2,May 10 2024 14: +0,1715346000
0.34,1,May 10 2024 15: +0,1715349600
0.332,2,May 10 2024 16: +0,1715353200
0.34,2,May 10 2024 22: +0,1715374800
0.37,1,May 11 2024 00: +0,1715382000
0.379,1,May 11 2024 01: +0,1715385600
0.379,1,May 11 2024 02: +0,1715389200
0.366,1,May 11 2024 10: +0,1715418000
0.364,2,May 11 2024 12: +0,1715425200
0.361,4,May 11 2024 13: +0,1715428800
0.364,1,May 11 2024 14: +0,1715432400
0.352,2,May 11 2024 15: +0,1715436000
0.372,1,May 11 2024 16: +0,1715439600
0.373,2,May 11 2024 17: +0,1715443200
0.621,1,May 11 2024 18: +0,1715446800
0.35,2,May 11 2024 19: +0,1715450400
0.357,1,May 11 2024 20: +0,1715454000
0.344,2,May 11 2024 21: +0,1715457600
0.379,1,May 11 2024 22: +0,1715461200
0.587,1,May 12 2024 00: +0,1715468400
0.373,1,May 12 2024 02: +0,1715475600
0.34,1,May 12 2024 05: +0,1715486400
0.3,1,May 12 2024 06: +0,1715490000
0.379,3,May 12 2024 07: +0,1715493600
0.371,1,May 12 2024 10: +0,1715504400
0.526,2,May 12 2024 11: +0,1715508000
0.358,2,May 12 2024 12: +0,1715511600
0.362,1,May 12 2024 15: +0,1715522400
0.376,1,May 12 2024 16: +0,1715526000
0.328,2,May 12 2024 17: +0,1715529600
0.316,2,May 12 2024 19: +0,1715536800
0.366,1,May 12 2024 20: +0,1715540400
0.378,2,May 12 2024 22: +0,1715547600
0.363,2,May 13 2024 01: +0,1715558400
0.34,1,May 13 2024 04: +0,1715569200
0.308,1,May 13 2024 08: +0,1715583600
0.34,1,May 13 2024 11: +0,1715594400
0.387,3,May 13 2024 12: +0,1715598000
0.476,2,May 13 2024 14: +0,1715605200
0.365,2,May 13 2024 15: +0,1715608800
0.32,2,May 13 2024 16: +0,1715612400
0.385,1,May 13 2024 17: +0,1715616000
0.391,1,May 13 2024 19: +0,1715623200
0.328,2,May 13 2024 21: +0,1715630400
0.34,1,May 13 2024 23: +0,1715637600
0.34,1,May 14 2024 01: +0,1715644800
0.387,1,May 14 2024 03: +0,1715652000
0.34,1,May 14 2024 06: +0,1715662800
0.371,1,May 14 2024 07: +0,1715666400
0.34,1,May 14 2024 14: +0,1715691600
0.346,2,May 14 2024 15: +0,1715695200
0.251,1,May 14 2024 17: +0,1715702400
0.379,1,May 14 2024 19: +0,1715709600
0.401,1,May 14 2024 20: +0,1715713200
0.371,1,May 15 2024 04: +0,1715742000
0.332,1,May 15 2024 05: +0,1715745600
0.332,1,May 15 2024 07: +0,1715752800
0.855,1,May 15 2024 11: +0,1715767200
0.34,1,May 15 2024 15: +0,1715781600
0.336,2,May 15 2024 16: +0,1715785200
0.34,1,May 16 2024 00: +0,1715814000
0.34,1,May 16 2024 01: +0,1715817600
0.34,1,May 16 2024 08: +0,1715842800
0.369,2,May 16 2024 09: +0,1715846400
0.34,1,May 16 2024 12: +0,1715857200
0.34,1,May 16 2024 13: +0,1715860800
0.34,1,May 16 2024 14: +0,1715864400
0.332,1,May 16 2024 15: +0,1715868000
0.34,1,May 16 2024 16: +0,1715871600
0.343,5,May 16 2024 19: +0,1715882400
0.34,1,May 16 2024 21: +0,1715889600
0.34,2,May 16 2024 22: +0,1715893200
0.348,2,May 16 2024 23: +0,1715896800
0.356,1,May 17 2024 00: +0,1715900400
0.371,1,May 17 2024 01: +0,1715904000
0.371,1,May 17 2024 12: +0,1715943600
0.355,1,May 17 2024 13: +0,1715947200
0.371,3,May 17 2024 14: +0,1715950800
0.372,1,May 17 2024 15: +0,1715954400
0.352,2,May 17 2024 20: +0,1715972400
0.368,1,May 17 2024 22: +0,1715979600
0.343,1,May 18 2024 01: +0,1715990400
0.381,1,May 18 2024 02: +0,1715994000
0.379,1,May 18 2024 04: +0,1716001200
0.332,1,May 18 2024 06: +0,1716008400
0.332,1,May 18 2024 12: +0,1716030000
0.333,2,May 18 2024 13: +0,1716033600
0.35,2,May 18 2024 14: +0,1716037200
0.352,1,May 18 2024 21: +0,1716062400
0.365,2,May 18 2024 22: +0,1716066000
0.362,1,May 18 2024 23: +0,1716069600
0.369,1,May 19 2024 00: +0,1716073200
0.341,2,May 19 2024 08: +0,1716102000
0.382,1,May 19 2024 11: +0,1716112800
0.338,1,May 19 2024 14: +0,1716123600
0.378,1,May 19 2024 16: +0,1716130800
0.331,1,May 19 2024 17: +0,1716134400
0.371,2,May 19 2024 20: +0,1716145200
0.379,2,May 19 2024 21: +0,1716148800
0.323,1,May 19 2024 22: +0,1716152400
0.683,1,May 20 2024 01: +0,1716163200
0.352,1,May 20 2024 05: +0,1716177600
0.315,1,May 20 2024 12: +0,1716202800
0.323,1,May 20 2024 14: +0,1716210000
0.323,3,May 20 2024 15: +0,1716213600
0.307,1,May 20 2024 16: +0,1716217200
0.341,1,May 20 2024 17: +0,1716220800
0.291,1,May 20 2024 19: +0,1716228000
0.333,1,May 20 2024 20: +0,1716231600
0.335,2,May 21 2024 00: +0,1716246000
0.361,1,May 21 2024 02: +0,1716253200
0.315,1,May 21 2024 09: +0,1716278400
0.374,2,May 21 2024 14: +0,1716296400
0.35,2,May 21 2024 17: +0,1716307200
0.359,1,May 22 2024 00: +0,1716332400
0.315,1,May 22 2024 02: +0,1716339600
0.378,1,May 22 2024 05: +0,1716350400
0.35,2,May 22 2024 06: +0,1716354000
0.315,1,May 22 2024 11: +0,1716372000
0.32,2,May 22 2024 13: +0,1716379200
0.556,1,May 22 2024 14: +0,1716382800
0.37,1,May 22 2024 15: +0,1716386400
0.323,1,May 22 2024 16: +0,1716390000
0.333,1,May 22 2024 17: +0,1716393600
0.312,3,May 22 2024 19: +0,1716400800
0.289,1,May 22 2024 21: +0,1716408000
0.315,1,May 22 2024 22: +0,1716411600
0.369,1,May 23 2024 02: +0,1716426000
0.299,1,May 23 2024 04: +0,1716433200
0.307,1,May 23 2024 05: +0,1716436800
0.275,1,May 23 2024 12: +0,1716462000
0.35,1,May 23 2024 17: +0,1716480000
0.314,1,May 23 2024 18: +0,1716483600
0.298,1,May 23 2024 21: +0,1716494400
0.304,2,May 23 2024 23: +0,1716501600
0.333,2,May 24 2024 00: +0,1716505200
0.348,3,May 24 2024 01: +0,1716508800
0.385,1,May 24 2024 05: +0,1716523200
0.518,2,May 24 2024 14: +0,1716555600
0.363,2,May 24 2024 15: +0,1716559200
0.342,2,May 24 2024 16: +0,1716562800
0.361,3,May 24 2024 17: +0,1716566400
0.335,2,May 24 2024 19: +0,1716573600
0.37,1,May 24 2024 20: +0,1716577200
0.196,1,May 24 2024 22: +0,1716584400
0.314,1,May 25 2024 00: +0,1716591600
0.331,1,May 25 2024 05: +0,1716609600
0.332,1,May 25 2024 06: +0,1716613200
0.37,1,May 25 2024 07: +0,1716616800
0.366,1,May 25 2024 12: +0,1716634800
0.366,1,May 25 2024 14: +0,1716642000
0.358,1,May 25 2024 16: +0,1716649200
0.314,2,May 25 2024 18: +0,1716656400
0.31,2,May 25 2024 19: +0,1716660000
0.338,1,May 25 2024 21: +0,1716667200
0.382,1,May 26 2024 01: +0,1716681600
0.338,1,May 26 2024 07: +0,1716703200
0.306,1,May 26 2024 12: +0,1716721200
0.361,1,May 26 2024 14: +0,1716728400
0.298,3,May 26 2024 17: +0,1716739200
0.324,1,May 26 2024 18: +0,1716742800
0.335,2,May 26 2024 20: +0,1716750000
0.345,1,May 26 2024 22: +0,1716757200
0.34,1,May 27 2024 04: +0,1716778800
0.298,1,May 27 2024 07: +0,1716789600
0.298,1,May 27 2024 12: +0,1716807600
0.34,1,May 27 2024 13: +0,1716811200
0.338,1,May 27 2024 14: +0,1716814800
0.314,1,May 27 2024 16: +0,1716822000
0.349,1,May 27 2024 20: +0,1716836400
0.366,1,May 27 2024 22: +0,1716843600
0.332,2,May 27 2024 23: +0,1716847200
0.36,1,May 28 2024 02: +0,1716858000
0.326,1,May 28 2024 10: +0,1716886800
0.334,2,May 28 2024 11: +0,1716890400
0.358,1,May 28 2024 14: +0,1716901200
0.306,1,May 28 2024 19: +0,1716919200
0.356,1,May 29 2024 04: +0,1716951600
0.352,1,May 29 2024 05: +0,1716955200
0.31,1,May 29 2024 06: +0,1716958800
0.341,1,May 29 2024 08: +0,1716966000
0.316,2,May 29 2024 10: +0,1716973200
0.308,1,May 29 2024 12: +0,1716980400
0.319,3,May 29 2024 13: +0,1716984000
0.349,1,May 29 2024 17: +0,1716998400
0.318,5,May 29 2024 18: +0,1717002000
0.311,1,May 29 2024 19: +0,1717005600
0.331,2,May 29 2024 20: +0,1717009200
0.291,1,May 30 2024 02: +0,1717030800
0.291,1,May 30 2024 03: +0,1717034400
0.334,1,May 30 2024 04: +0,1717038000
0.341,3,May 30 2024 05: +0,1717041600
0.338,1,May 30 2024 08: +0,1717052400
0.35,1,May 30 2024 09: +0,1717056000
0.323,1,May 30 2024 10: +0,1717059600
0.275,1,May 30 2024 11: +0,1717063200
0.337,2,May 30 2024 12: +0,1717066800
0.309,1,May 30 2024 14: +0,1717074000
0.32,1,May 30 2024 15: +0,1717077600
0.323,1,May 30 2024 17: +0,1717084800
0.317,2,May 30 2024 18: +0,1717088400
0.338,3,May 30 2024 19: +0,1717092000
0.36,2,May 30 2024 20: +0,1717095600
0.369,1,May 30 2024 22: +0,1717102800
0.369,4,May 31 2024 00: +0,1717110000
0.352,1,May 31 2024 05: +0,1717128000
0.311,1,May 31 2024 13: +0,1717156800
0.325,3,May 31 2024 14: +0,1717160400
0.303,2,May 31 2024 16: +0,1717167600
0.306,2,May 31 2024 17: +0,1717171200
0.311,3,May 31 2024 19: +0,1717178400
0.314,4,May 31 2024 20: +0,1717182000
0.349,2,May 31 2024 21: +0,1717185600
0.431,1,May 31 2024 22: +0,1717189200
0.35,1,May 31 2024 23: +0,1717192800
0.352,1,Jun 01 2024 00: +0,1717196400
0.35,1,Jun 01 2024 08: +0,1717225200
0.29,1,Jun 01 2024 10: +0,1717232400
0.314,1,Jun 01 2024 11: +0,1717236000
0.311,2,Jun 01 2024 12: +0,1717239600
0.204,1,Jun 01 2024 13: +0,1717243200
0.351,1,Jun 01 2024 15: +0,1717250400
0.353,1,Jun 01 2024 16: +0,1717254000
0.314,1,Jun 01 2024 17: +0,1717257600
0.345,2,Jun 01 2024 20: +0,1717268400
0.306,1,Jun 01 2024 21: +0,1717272000
0.314,1,Jun 01 2024 23: +0,1717279200
0.321,2,Jun 02 2024 01: +0,1717286400
0.367,11,Jun 02 2024 07: +0,1717308000
0.304,1,Jun 02 2024 13: +0,1717329600
0.301,1,Jun 02 2024 15: +0,1717336800
0.363,1,Jun 02 2024 16: +0,1717340400
0.341,1,Jun 02 2024 18: +0,1717347600
0.322,3,Jun 02 2024 20: +0,1717354800
0.392,1,Jun 02 2024 22: +0,1717362000
0.379,1,Jun 02 2024 23: +0,1717365600
0.337,1,Jun 03 2024 01: +0,1717372800
0.322,1,Jun 03 2024 02: +0,1717376400
0.352,1,Jun 03 2024 10: +0,1717405200
0.337,1,Jun 03 2024 11: +0,1717408800
0.314,1,Jun 03 2024 17: +0,1717430400
0.34,1,Jun 03 2024 20: +0,1717441200
0.317,2,Jun 03 2024 22: +0,1717448400
0.316,1,Jun 04 2024 00: +0,1717455600
0.398,1,Jun 04 2024 03: +0,1717466400
0.403,1,Jun 04 2024 07: +0,1717480800
0.316,1,Jun 04 2024 10: +0,1717491600
0.394,1,Jun 04 2024 13: +0,1717502400
0.301,1,Jun 04 2024 18: +0,1717520400
0.354,1,Jun 04 2024 20: +0,1717527600
0.4,1,Jun 04 2024 22: +0,1717534800
0.434,1,Jun 04 2024 23: +0,1717538400
0.395,3,Jun 05 2024 01: +0,1717545600
0.217,1,Jun 05 2024 06: +0,1717563600
0.434,1,Jun 05 2024 07: +0,1717567200
0.398,2,Jun 05 2024 12: +0,1717585200
0.408,2,Jun 05 2024 15: +0,1717596000
0.395,1,Jun 05 2024 16: +0,1717599600
0.471,2,Jun 05 2024 20: +0,1717614000
0.399,1,Jun 05 2024 22: +0,1717621200
0.362,1,Jun 06 2024 05: +0,1717646400
0.34,1,Jun 06 2024 07: +0,1717653600
0.34,5,Jun 06 2024 10: +0,1717664400
0.34,1,Jun 06 2024 11: +0,1717668000
0.402,2,Jun 06 2024 13: +0,1717675200
0.372,1,Jun 06 2024 17: +0,1717689600
0.42,1,Jun 06 2024 18: +0,1717693200
0.411,1,Jun 06 2024 19: +0,1717696800
0.369,1,Jun 06 2024 20: +0,1717700400
0.417,1,Jun 06 2024 22: +0,1717707600
0.421,1,Jun 06 2024 23: +0,1717711200
0.503,1,Jun 07 2024 00: +0,1717714800
0.403,1,Jun 07 2024 10: +0,1717750800
0.407,1,Jun 07 2024 14: +0,1717765200
0.34,1,Jun 07 2024 16: +0,1717772400
0.403,1,Jun 07 2024 17: +0,1717776000
0.406,1,Jun 07 2024 20: +0,1717786800
0.41,1,Jun 07 2024 21: +0,1717790400
0.34,1,Jun 08 2024 03: +0,1717812000
0.436,1,Jun 08 2024 08: +0,1717830000
0.411,1,Jun 08 2024 09: +0,1717833600
0.35,1,Jun 08 2024 18: +0,1717866000
0.363,1,Jun 08 2024 20: +0,1717873200
0.482,1,Jun 08 2024 21: +0,1717876800
0.362,1,Jun 09 2024 06: +0,1717909200
0.308,1,Jun 09 2024 08: +0,1717916400
0.35,1,Jun 09 2024 09: +0,1717920000
0.34,2,Jun 09 2024 12: +0,1717930800
0.346,2,Jun 09 2024 13: +0,1717934400
0.345,2,Jun 09 2024 14: +0,1717938000
0.338,1,Jun 09 2024 16: +0,1717945200
0.372,1,Jun 09 2024 17: +0,1717948800
0.374,2,Jun 09 2024 20: +0,1717959600
0.367,1,Jun 09 2024 22: +0,1717966800
0.385,2,Jun 09 2024 23: +0,1717970400
0.374,1,Jun 10 2024 00: +0,1717974000
0.387,1,Jun 10 2024 04: +0,1717988400
0.381,1,Jun 10 2024 05: +0,1717992000
0.339,3,Jun 10 2024 14: +0,1718024400
0.375,3,Jun 10 2024 19: +0,1718042400
0.373,1,Jun 10 2024 20: +0,1718046000
0.346,2,Jun 10 2024 21: +0,1718049600
0.367,1,Jun 10 2024 23: +0,1718056800
0.356,1,Jun 11 2024 01: +0,1718064000
0.327,1,Jun 11 2024 02: +0,1718067600
0.376,1,Jun 11 2024 04: +0,1718074800
0.365,1,Jun 11 2024 05: +0,1718078400
0.398,1,Jun 11 2024 06: +0,1718082000
0.219,1,Jun 11 2024 11: +0,1718100000
0.351,1,Jun 11 2024 12: +0,1718103600
0.35,1,Jun 11 2024 13: +0,1718107200
0.351,1,Jun 11 2024 15: +0,1718114400
0.364,2,Jun 11 2024 16: +0,1718118000
0.39,1,Jun 11 2024 17: +0,1718121600
0.343,1,Jun 11 2024 19: +0,1718128800
0.351,1,Jun 11 2024 20: +0,1718132400
0.343,1,Jun 11 2024 22: +0,1718139600
0.38,1,Jun 11 2024 23: +0,1718143200
0.389,1,Jun 12 2024 07: +0,1718172000
0.336,1,Jun 12 2024 10: +0,1718182800
0.332,1,Jun 12 2024 12: +0,1718190000
0.324,1,Jun 12 2024 13: +0,1718193600
0.402,2,Jun 12 2024 14: +0,1718197200
0.385,2,Jun 12 2024 17: +0,1718208000
0.308,10,Jun 12 2024 18: +0,1718211600
0.324,2,Jun 12 2024 20: +0,1718218800
0.324,1,Jun 12 2024 21: +0,1718222400
0.354,1,Jun 12 2024 23: +0,1718229600
0.368,1,Jun 13 2024 02: +0,1718240400
0.379,1,Jun 13 2024 05: +0,1718251200
0.324,1,Jun 13 2024 08: +0,1718262000
0.316,1,Jun 13 2024 11: +0,1718272800
0.372,1,Jun 13 2024 14: +0,1718283600
0.372,1,Jun 13 2024 16: +0,1718290800
0.372,1,Jun 13 2024 19: +0,1718301600
0.385,1,Jun 13 2024 21: +0,1718308800
0.383,1,Jun 13 2024 23: +0,1718316000
0.332,1,Jun 14 2024 11: +0,1718359200
0.396,1,Jun 14 2024 12: +0,1718362800
0.4,2,Jun 14 2024 14: +0,1718370000
0.366,1,Jun 14 2024 15: +0,1718373600
0.391,2,Jun 14 2024 16: +0,1718377200
0.395,1,Jun 14 2024 22: +0,1718398800
0.385,1,Jun 15 2024 03: +0,1718416800
0.387,1,Jun 15 2024 06: +0,1718427600
0.388,1,Jun 15 2024 07: +0,1718431200
0.396,1,Jun 15 2024 08: +0,1718434800
0.396,1,Jun 15 2024 15: +0,1718460000
0.409,2,Jun 15 2024 16: +0,1718463600
0.396,1,Jun 15 2024 17: +0,1718467200
