price,quantity,date,unix timestamp
0.03,57,Nov 19 2019 01: +0,1574125200
0.03,31,Nov 20 2019 01: +0,1574211600
0.03,33,Nov 21 2019 01: +0,1574298000
0.03,28,Nov 22 2019 01: +0,1574384400
0.03,40,Nov 23 2019 01: +0,1574470800
0.03,17,Nov 24 2019 01: +0,1574557200
0.03,24,Nov 25 2019 01: +0,1574643600
0.03,17,Nov 26 2019 01: +0,1574730000
0.03,15,Nov 27 2019 01: +0,1574816400
0.03,30,Nov 28 2019 01: +0,1574902800
0.03,10,Nov 29 2019 01: +0,1574989200
0.03,22,Nov 30 2019 01: +0,1575075600
0.03,125,Dec 01 2019 01: +0,1575162000
0.03,16,Dec 02 2019 01: +0,1575248400
0.03,20,Dec 03 2019 01: +0,1575334800
0.03,20,Dec 04 2019 01: +0,1575421200
0.03,17,Dec 05 2019 01: +0,1575507600
0.03,20,Dec 06 2019 01: +0,1575594000
0.03,31,Dec 07 2019 01: +0,1575680400
0.03,28,Dec 08 2019 01: +0,1575766800
0.03,16,Dec 09 2019 01: +0,1575853200
0.03,12,Dec 10 2019 01: +0,1575939600
0.03,22,Dec 11 2019 01: +0,1576026000
0.03,22,Dec 12 2019 01: +0,1576112400
0.03,17,Dec 13 2019 01: +0,1576198800
0.03,15,Dec 14 2019 01: +0,1576285200
0.03,39,Dec 15 2019 01: +0,1576371600
0.03,16,Dec 16 2019 01: +0,1576458000
0.03,11,Dec 17 2019 01: +0,1576544400
0.03,13,Dec 18 2019 01: +0,1576630800
0.03,10,Dec 19 2019 01: +0,1576717200
0.03,16,Dec 20 2019 01: +0,1576803600
0.03,15,Dec 21 2019 01: +0,1576890000
0.03,111,Dec 22 2019 01: +0,1576976400
0.03,8,Dec 23 2019 01: +0,1577062800
0.03,5,Dec 24 2019 01: +0,1577149200
0.03,21,Dec 25 2019 01: +0,1577235600
0.03,41,Dec 26 2019 01: +0,1577322000
0.03,16,Dec 27 2019 01: +0,1577408400
0.03,13,Dec 28 2019 01: +0,1577494800
0.03,11,Dec 29 2019 01: +0,1577581200
0.03,28,Dec 30 2019 01: +0,1577667600
0.03,9,Dec 31 2019 01: +0,1577754000
0.03,8,Jan 01 2020 01: +0,1577840400
0.03,25,Jan 02 2020 01: +0,1577926800
0.03,18,Jan 03 2020 01: +0,1578013200
0.03,10,Jan 04 2020 01: +0,1578099600
0.03,33,Jan 05 2020 01: +0,1578186000
0.03,12,Jan 06 2020 01: +0,1578272400
0.03,50,Jan 07 2020 01: +0,1578358800
0.03,11,Jan 08 2020 01: +0,1578445200
0.03,14,Jan 09 2020 01: +0,1578531600
0.03,19,Jan 10 2020 01: +0,1578618000
0.03,31,Jan 11 2020 01: +0,1578704400
0.03,16,Jan 12 2020 01: +0,1578790800
0.03,38,Jan 13 2020 01: +0,1578877200
0.03,27,Jan 14 2020 01: +0,1578963600
0.03,30,Jan 15 2020 01: +0,1579050000
0.03,20,Jan 16 2020 01: +0,1579136400
0.03,45,Jan 17 2020 01: +0,1579222800
0.03,55,Jan 18 2020 01: +0,1579309200
0.03,24,Jan 19 2020 01: +0,1579395600
0.03,33,Jan 20 2020 01: +0,1579482000
0.03,11,Jan 21 2020 01: +0,1579568400
0.03,15,Jan 22 2020 01: +0,1579654800
0.03,19,Jan 23 2020 01: +0,1579741200
0.03,16,Jan 24 2020 01: +0,1579827600
0.03,18,Jan 25 2020 01: +0,1579914000
0.03,64,Jan 26 2020 01: +0,1580000400
0.03,30,Jan 27 2020 01: +0,1580086800
0.03,22,Jan 28 2020 01: +0,1580173200
0.03,20,Jan 29 2020 01: +0,1580259600
0.03,26,Jan 30 2020 01: +0,1580346000
0.03,15,Jan 31 2020 01: +0,1580432400
0.03,17,Feb 01 2020 01: +0,1580518800
0.03,20,Feb 02 2020 01: +0,1580605200
0.03,23,Feb 03 2020 01: +0,1580691600
0.03,37,Feb 04 2020 01: +0,1580778000
0.03,33,Feb 05 2020 01: +0,1580864400
0.03,20,Feb 06 2020 01: +0,1580950800
0.03,34,Feb 07 2020 01: +0,1581037200
0.03,55,Feb 08 2020 01: +0,1581123600
0.03,30,Feb 09 2020 01: +0,1581210000
0.03,22,Feb 10 2020 01: +0,1581296400
0.03,17,Feb 11 2020 01: +0,1581382800
0.03,44,Feb 12 2020 01: +0,1581469200
0.03,34,Feb 13 2020 01: +0,1581555600
0.03,40,Feb 14 2020 01: +0,1581642000
0.03,28,Feb 15 2020 01: +0,1581728400
0.03,27,Feb 16 2020 01: +0,1581814800
0.03,18,Feb 17 2020 01: +0,1581901200
0.03,40,Feb 18 2020 01: +0,1581987600
0.03,52,Feb 19 2020 01: +0,1582074000
0.03,37,Feb 20 2020 01: +0,1582160400
0.03,45,Feb 21 2020 01: +0,1582246800
0.03,53,Feb 22 2020 01: +0,1582333200
0.03,30,Feb 23 2020 01: +0,1582419600
0.03,47,Feb 24 2020 01: +0,1582506000
0.03,46,Feb 25 2020 01: +0,1582592400
0.03,38,Feb 26 2020 01: +0,1582678800
0.03,33,Feb 27 2020 01: +0,1582765200
0.03,44,Feb 28 2020 01: +0,1582851600
0.03,43,Feb 29 2020 01: +0,1582938000
0.03,29,Mar 01 2020 01: +0,1583024400
0.03,38,Mar 02 2020 01: +0,1583110800
0.03,50,Mar 03 2020 01: +0,1583197200
0.03,52,Mar 04 2020 01: +0,1583283600
0.03,60,Mar 05 2020 01: +0,1583370000
0.03,53,Mar 06 2020 01: +0,1583456400
0.03,91,Mar 07 2020 01: +0,1583542800
0.03,49,Mar 08 2020 01: +0,1583629200
0.03,41,Mar 09 2020 01: +0,1583715600
0.03,128,Mar 10 2020 01: +0,1583802000
0.03,12,Mar 11 2020 01: +0,1583888400
0.03,26,Mar 12 2020 01: +0,1583974800
0.03,36,Mar 13 2020 01: +0,1584061200
0.03,64,Mar 14 2020 01: +0,1584147600
0.03,45,Mar 15 2020 01: +0,1584234000
0.03,51,Mar 16 2020 01: +0,1584320400
0.03,36,Mar 17 2020 01: +0,1584406800
0.03,32,Mar 18 2020 01: +0,1584493200
0.03,48,Mar 19 2020 01: +0,1584579600
0.03,34,Mar 20 2020 01: +0,1584666000
0.03,38,Mar 21 2020 01: +0,1584752400
0.03,77,Mar 22 2020 01: +0,1584838800
0.03,27,Mar 23 2020 01: +0,1584925200
0.03,56,Mar 24 2020 01: +0,1585011600
0.03,45,Mar 25 2020 01: +0,1585098000
0.03,63,Mar 26 2020 01: +0,1585184400
0.03,26,Mar 27 2020 01: +0,1585270800
0.03,33,Mar 28 2020 01: +0,1585357200
0.03,30,Mar 29 2020 01: +0,1585443600
0.03,37,Mar 30 2020 01: +0,1585526400
0.03,70,Mar 31 2020 01: +0,1585612800
0.03,37,Apr 01 2020 01: +0,1585699200
0.03,53,Apr 02 2020 01: +0,1585785600
0.03,66,Apr 03 2020 01: +0,1585872000
0.03,37,Apr 04 2020 01: +0,1585958400
0.03,78,Apr 05 2020 01: +0,1586044800
0.03,39,Apr 06 2020 01: +0,1586131200
0.03,43,Apr 07 2020 01: +0,1586217600
0.03,33,Apr 08 2020 01: +0,1586304000
0.03,57,Apr 09 2020 01: +0,1586390400
0.03,22,Apr 10 2020 01: +0,1586476800
0.03,100,Apr 11 2020 01: +0,1586563200
0.03,21,Apr 12 2020 01: +0,1586649600
0.03,31,Apr 13 2020 01: +0,1586736000
0.03,35,Apr 14 2020 01: +0,1586822400
0.03,58,Apr 15 2020 01: +0,1586908800
0.03,35,Apr 16 2020 01: +0,1586995200
0.03,31,Apr 17 2020 01: +0,1587081600
0.03,67,Apr 18 2020 01: +0,1587168000
0.03,18,Apr 19 2020 01: +0,1587254400
0.03,28,Apr 20 2020 01: +0,1587340800
0.03,30,Apr 21 2020 01: +0,1587427200
0.03,113,Apr 22 2020 01: +0,1587513600
0.03,24,Apr 23 2020 01: +0,1587600000
0.03,14,Apr 24 2020 01: +0,1587686400
0.03,20,Apr 25 2020 01: +0,1587772800
0.03,11,Apr 26 2020 01: +0,1587859200
0.03,21,Apr 27 2020 01: +0,1587945600
0.03,29,Apr 28 2020 01: +0,1588032000
0.03,120,Apr 29 2020 01: +0,1588118400
0.03,32,Apr 30 2020 01: +0,1588204800
0.03,16,May 01 2020 01: +0,1588291200
0.03,28,May 02 2020 01: +0,1588377600
0.03,33,May 03 2020 01: +0,1588464000
0.03,21,May 04 2020 01: +0,1588550400
0.03,27,May 05 2020 01: +0,1588636800
0.03,25,May 06 2020 01: +0,1588723200
0.03,35,May 07 2020 01: +0,1588809600
0.03,14,May 08 2020 01: +0,1588896000
0.03,26,May 09 2020 01: +0,1588982400
0.03,14,May 10 2020 01: +0,1589068800
0.03,25,May 11 2020 01: +0,1589155200
0.03,18,May 12 2020 01: +0,1589241600
0.03,37,May 13 2020 01: +0,1589328000
0.03,30,May 14 2020 01: +0,1589414400
0.03,72,May 15 2020 01: +0,1589500800
0.03,11,May 16 2020 01: +0,1589587200
0.03,18,May 17 2020 01: +0,1589673600
0.03,23,May 18 2020 01: +0,1589760000
0.03,27,May 19 2020 01: +0,1589846400
0.03,17,May 20 2020 01: +0,1589932800
0.03,27,May 21 2020 01: +0,1590019200
0.03,55,May 22 2020 01: +0,1590105600
0.03,24,May 23 2020 01: +0,1590192000
0.03,28,May 24 2020 01: +0,1590278400
0.03,15,May 25 2020 01: +0,1590364800
0.03,22,May 26 2020 01: +0,1590451200
0.03,26,May 27 2020 01: +0,1590537600
0.03,16,May 28 2020 01: +0,1590624000
0.03,42,May 29 2020 01: +0,1590710400
0.03,80,May 30 2020 01: +0,1590796800
0.03,23,May 31 2020 01: +0,1590883200
0.03,21,Jun 01 2020 01: +0,1590969600
0.03,19,Jun 02 2020 01: +0,1591056000
0.03,63,Jun 03 2020 01: +0,1591142400
0.03,77,Jun 04 2020 01: +0,1591228800
0.03,26,Jun 05 2020 01: +0,1591315200
0.03,16,Jun 06 2020 01: +0,1591401600
0.03,21,Jun 07 2020 01: +0,1591488000
0.03,26,Jun 08 2020 01: +0,1591574400
0.03,21,Jun 09 2020 01: +0,1591660800
0.03,17,Jun 10 2020 01: +0,1591747200
0.03,24,Jun 11 2020 01: +0,1591833600
0.03,15,Jun 12 2020 01: +0,1591920000
0.03,23,Jun 13 2020 01: +0,1592006400
0.03,15,Jun 14 2020 01: +0,1592092800
0.03,25,Jun 15 2020 01: +0,1592179200
0.03,11,Jun 16 2020 01: +0,1592265600
0.03,16,Jun 17 2020 01: +0,1592352000
0.03,13,Jun 18 2020 01: +0,1592438400
0.03,15,Jun 19 2020 01: +0,1592524800
0.03,24,Jun 20 2020 01: +0,1592611200
0.03,17,Jun 21 2020 01: +0,1592697600
0.03,7,Jun 22 2020 01: +0,1592784000
0.03,14,Jun 23 2020 01: +0,1592870400
0.03,12,Jun 24 2020 01: +0,1592956800
0.03,16,Jun 25 2020 01: +0,1593043200
0.03,19,Jun 26 2020 01: +0,1593129600
0.03,22,Jun 27 2020 01: +0,1593216000
0.03,11,Jun 28 2020 01: +0,1593302400
0.03,10,Jun 29 2020 01: +0,1593388800
0.03,13,Jun 30 2020 01: +0,1593475200
0.03,13,Jul 01 2020 01: +0,1593561600
0.03,46,Jul 02 2020 01: +0,1593648000
0.03,13,Jul 03 2020 01: +0,1593734400
0.03,8,Jul 04 2020 01: +0,1593820800
0.03,15,Jul 05 2020 01: +0,1593907200
0.03,25,Jul 06 2020 01: +0,1593993600
0.03,15,Jul 07 2020 01: +0,1594080000
0.03,22,Jul 08 2020 01: +0,1594166400
0.03,17,Jul 09 2020 01: +0,1594252800
0.03,11,Jul 10 2020 01: +0,1594339200
0.03,36,Jul 11 2020 01: +0,1594425600
0.03,11,Jul 12 2020 01: +0,1594512000
0.03,10,Jul 13 2020 01: +0,1594598400
0.03,12,Jul 14 2020 01: +0,1594684800
0.03,10,Jul 15 2020 01: +0,1594771200
0.03,10,Jul 16 2020 01: +0,1594857600
0.03,12,Jul 17 2020 01: +0,1594944000
0.03,12,Jul 18 2020 01: +0,1595030400
0.03,10,Jul 19 2020 01: +0,1595116800
0.03,9,Jul 20 2020 01: +0,1595203200
0.03,16,Jul 21 2020 01: +0,1595289600
0.03,35,Jul 22 2020 01: +0,1595376000
0.03,20,Jul 23 2020 01: +0,1595462400
0.03,15,Jul 24 2020 01: +0,1595548800
0.03,13,Jul 25 2020 01: +0,1595635200
0.03,11,Jul 26 2020 01: +0,1595721600
0.03,13,Jul 27 2020 01: +0,1595808000
0.03,8,Jul 28 2020 01: +0,1595894400
0.03,22,Jul 29 2020 01: +0,1595980800
0.03,14,Jul 30 2020 01: +0,1596067200
0.03,14,Jul 31 2020 01: +0,1596153600
0.03,10,Aug 01 2020 01: +0,1596240000
0.03,27,Aug 02 2020 01: +0,1596326400
0.03,7,Aug 03 2020 01: +0,1596412800
0.03,18,Aug 04 2020 01: +0,1596499200
0.03,12,Aug 05 2020 01: +0,1596585600
0.03,5,Aug 06 2020 01: +0,1596672000
0.03,9,Aug 07 2020 01: +0,1596758400
0.03,22,Aug 08 2020 01: +0,1596844800
0.03,12,Aug 09 2020 01: +0,1596931200
0.03,8,Aug 10 2020 01: +0,1597017600
0.03,10,Aug 11 2020 01: +0,1597104000
0.03,10,Aug 12 2020 01: +0,1597190400
0.03,10,Aug 13 2020 01: +0,1597276800
0.03,18,Aug 14 2020 01: +0,1597363200
0.03,11,Aug 15 2020 01: +0,1597449600
0.03,17,Aug 16 2020 01: +0,1597536000
0.03,15,Aug 17 2020 01: +0,1597622400
0.03,6,Aug 18 2020 01: +0,1597708800
0.03,8,Aug 19 2020 01: +0,1597795200
0.03,10,Aug 20 2020 01: +0,1597881600
0.03,15,Aug 21 2020 01: +0,1597968000
0.03,17,Aug 22 2020 01: +0,1598054400
0.03,35,Aug 23 2020 01: +0,1598140800
0.03,22,Aug 24 2020 01: +0,1598227200
0.03,8,Aug 25 2020 01: +0,1598313600
0.03,8,Aug 26 2020 01: +0,1598400000
0.03,11,Aug 27 2020 01: +0,1598486400
0.03,4,Aug 28 2020 01: +0,1598572800
0.03,11,Aug 29 2020 01: +0,1598659200
0.03,11,Aug 30 2020 01: +0,1598745600
0.03,24,Aug 31 2020 01: +0,1598832000
0.03,9,Sep 01 2020 01: +0,1598918400
0.03,15,Sep 02 2020 01: +0,1599004800
0.03,10,Sep 03 2020 01: +0,1599091200
0.03,9,Sep 04 2020 01: +0,1599177600
0.03,6,Sep 05 2020 01: +0,1599264000
0.03,12,Sep 06 2020 01: +0,1599350400
0.03,14,Sep 07 2020 01: +0,1599436800
0.031,5,Sep 08 2020 01: +0,1599523200
0.031,8,Sep 09 2020 01: +0,1599609600
0.03,9,Sep 10 2020 01: +0,1599696000
0.03,9,Sep 11 2020 01: +0,1599782400
0.03,10,Sep 12 2020 01: +0,1599868800
0.03,9,Sep 13 2020 01: +0,1599955200
0.03,17,Sep 14 2020 01: +0,1600041600
0.03,13,Sep 15 2020 01: +0,1600128000
0.03,32,Sep 16 2020 01: +0,1600214400
0.03,3,Sep 17 2020 01: +0,1600300800
0.03,9,Sep 18 2020 01: +0,1600387200
0.03,6,Sep 19 2020 01: +0,1600473600
0.03,6,Sep 20 2020 01: +0,1600560000
0.03,4,Sep 21 2020 01: +0,1600646400
0.03,44,Sep 22 2020 01: +0,1600732800
0.03,6,Sep 23 2020 01: +0,1600819200
0.03,8,Sep 24 2020 01: +0,1600905600
0.03,12,Sep 25 2020 01: +0,1600992000
0.03,8,Sep 26 2020 01: +0,1601078400
0.03,8,Sep 27 2020 01: +0,1601164800
0.03,6,Sep 28 2020 01: +0,1601251200
0.03,5,Sep 29 2020 01: +0,1601337600
0.03,9,Sep 30 2020 01: +0,1601424000
0.03,5,Oct 01 2020 01: +0,1601510400
0.03,11,Oct 02 2020 01: +0,1601596800
0.03,4,Oct 03 2020 01: +0,1601683200
0.03,11,Oct 04 2020 01: +0,1601769600
0.03,3,Oct 05 2020 01: +0,1601856000
0.03,13,Oct 06 2020 01: +0,1601942400
0.03,10,Oct 07 2020 01: +0,1602028800
0.03,13,Oct 08 2020 01: +0,1602115200
0.03,15,Oct 09 2020 01: +0,1602201600
0.03,9,Oct 10 2020 01: +0,1602288000
0.03,8,Oct 11 2020 01: +0,1602374400
0.03,11,Oct 12 2020 01: +0,1602460800
0.03,13,Oct 13 2020 01: +0,1602547200
0.03,8,Oct 14 2020 01: +0,1602633600
0.032,7,Oct 15 2020 01: +0,1602720000
0.03,7,Oct 16 2020 01: +0,1602806400
0.03,12,Oct 17 2020 01: +0,1602892800
0.03,8,Oct 18 2020 01: +0,1602979200
0.03,6,Oct 19 2020 01: +0,1603065600
0.03,6,Oct 20 2020 01: +0,1603152000
0.03,9,Oct 21 2020 01: +0,1603238400
0.03,6,Oct 22 2020 01: +0,1603324800
0.03,10,Oct 23 2020 01: +0,1603411200
0.03,11,Oct 24 2020 01: +0,1603497600
0.03,11,Oct 25 2020 01: +0,1603584000
0.03,9,Oct 26 2020 01: +0,1603674000
0.03,6,Oct 27 2020 01: +0,1603760400
0.03,8,Oct 28 2020 01: +0,1603846800
0.03,9,Oct 29 2020 01: +0,1603933200
0.03,14,Oct 30 2020 01: +0,1604019600
0.03,49,Oct 31 2020 01: +0,1604106000
0.083,22,Nov 01 2020 01: +0,1604192400
0.036,2,Nov 02 2020 01: +0,1604278800
0.041,7,Nov 03 2020 01: +0,1604365200
0.032,10,Nov 04 2020 01: +0,1604451600
0.03,3,Nov 05 2020 01: +0,1604538000
0.032,17,Nov 06 2020 01: +0,1604624400
0.03,7,Nov 07 2020 01: +0,1604710800
0.03,6,Nov 08 2020 01: +0,1604797200
0.03,6,Nov 09 2020 01: +0,1604883600
0.03,3,Nov 10 2020 01: +0,1604970000
0.03,10,Nov 11 2020 01: +0,1605056400
0.03,11,Nov 12 2020 01: +0,1605142800
0.032,27,Nov 13 2020 01: +0,1605229200
0.03,23,Nov 14 2020 01: +0,1605315600
0.03,6,Nov 15 2020 01: +0,1605402000
0.03,3,Nov 16 2020 01: +0,1605488400
0.03,6,Nov 17 2020 01: +0,1605574800
0.03,15,Nov 18 2020 01: +0,1605661200
0.03,13,Nov 19 2020 01: +0,1605747600
0.03,12,Nov 20 2020 01: +0,1605834000
0.03,13,Nov 21 2020 01: +0,1605920400
0.031,7,Nov 22 2020 01: +0,1606006800
0.03,4,Nov 23 2020 01: +0,1606093200
0.03,9,Nov 24 2020 01: +0,1606179600
0.03,13,Nov 25 2020 01: +0,1606266000
0.03,12,Nov 26 2020 01: +0,1606352400
0.03,11,Nov 27 2020 01: +0,1606438800
0.03,10,Nov 28 2020 01: +0,1606525200
0.03,9,Nov 29 2020 01: +0,1606611600
0.03,19,Nov 30 2020 01: +0,1606698000
0.03,10,Dec 01 2020 01: +0,1606784400
0.03,12,Dec 02 2020 01: +0,1606870800
0.03,36,Dec 03 2020 01: +0,1606957200
0.03,13,Dec 04 2020 01: +0,1607043600
0.03,7,Dec 05 2020 01: +0,1607130000
0.03,14,Dec 06 2020 01: +0,1607216400
0.03,24,Dec 07 2020 01: +0,1607302800
0.03,12,Dec 08 2020 01: +0,1607389200
0.03,8,Dec 09 2020 01: +0,1607475600
0.03,6,Dec 10 2020 01: +0,1607562000
0.03,12,Dec 11 2020 01: +0,1607648400
0.03,11,Dec 12 2020 01: +0,1607734800
0.03,17,Dec 13 2020 01: +0,1607821200
0.03,8,Dec 14 2020 01: +0,1607907600
0.032,20,Dec 15 2020 01: +0,1607994000
0.03,14,Dec 16 2020 01: +0,1608080400
0.03,22,Dec 17 2020 01: +0,1608166800
0.03,9,Dec 18 2020 01: +0,1608253200
0.03,13,Dec 19 2020 01: +0,1608339600
0.03,17,Dec 20 2020 01: +0,1608426000
0.03,8,Dec 21 2020 01: +0,1608512400
0.03,15,Dec 22 2020 01: +0,1608598800
0.03,6,Dec 23 2020 01: +0,1608685200
0.03,13,Dec 24 2020 01: +0,1608771600
0.03,9,Dec 25 2020 01: +0,1608858000
0.03,5,Dec 26 2020 01: +0,1608944400
0.03,11,Dec 27 2020 01: +0,1609030800
0.032,8,Dec 28 2020 01: +0,1609117200
0.03,9,Dec 29 2020 01: +0,1609203600
0.03,5,Dec 30 2020 01: +0,1609290000
0.031,13,Dec 31 2020 01: +0,1609376400
0.03,15,Jan 01 2021 01: +0,1609462800
0.03,15,Jan 02 2021 01: +0,1609549200
0.03,12,Jan 03 2021 01: +0,1609635600
0.03,6,Jan 04 2021 01: +0,1609722000
0.03,7,Jan 05 2021 01: +0,1609808400
0.03,5,Jan 06 2021 01: +0,1609894800
0.03,14,Jan 07 2021 01: +0,1609981200
0.036,5,Jan 08 2021 01: +0,1610067600
0.032,8,Jan 09 2021 01: +0,1610154000
0.03,8,Jan 10 2021 01: +0,1610240400
0.03,10,Jan 11 2021 01: +0,1610326800
0.033,8,Jan 12 2021 01: +0,1610413200
0.03,10,Jan 13 2021 01: +0,1610499600
0.03,9,Jan 14 2021 01: +0,1610586000
0.03,6,Jan 15 2021 01: +0,1610672400
0.03,12,Jan 16 2021 01: +0,1610758800
0.03,15,Jan 17 2021 01: +0,1610845200
0.033,16,Jan 18 2021 01: +0,1610931600
0.035,6,Jan 19 2021 01: +0,1611018000
0.033,10,Jan 20 2021 01: +0,1611104400
0.032,7,Jan 21 2021 01: +0,1611190800
0.036,11,Jan 22 2021 01: +0,1611277200
0.032,14,Jan 23 2021 01: +0,1611363600
0.036,7,Jan 24 2021 01: +0,1611450000
0.033,18,Jan 25 2021 01: +0,1611536400
0.042,6,Jan 26 2021 01: +0,1611622800
0.038,5,Jan 27 2021 01: +0,1611709200
0.035,13,Jan 28 2021 01: +0,1611795600
0.03,12,Jan 29 2021 01: +0,1611882000
0.03,7,Jan 30 2021 01: +0,1611968400
0.03,14,Jan 31 2021 01: +0,1612054800
0.033,3,Feb 01 2021 01: +0,1612141200
0.034,8,Feb 02 2021 01: +0,1612227600
0.032,7,Feb 03 2021 01: +0,1612314000
0.031,12,Feb 04 2021 01: +0,1612400400
0.032,11,Feb 05 2021 01: +0,1612486800
0.034,15,Feb 06 2021 01: +0,1612573200
0.045,6,Feb 07 2021 01: +0,1612659600
0.039,5,Feb 08 2021 01: +0,1612746000
0.033,8,Feb 09 2021 01: +0,1612832400
0.03,6,Feb 10 2021 01: +0,1612918800
0.031,11,Feb 11 2021 01: +0,1613005200
0.034,13,Feb 12 2021 01: +0,1613091600
0.035,13,Feb 13 2021 01: +0,1613178000
0.035,9,Feb 14 2021 01: +0,1613264400
0.031,8,Feb 15 2021 01: +0,1613350800
0.038,10,Feb 16 2021 01: +0,1613437200
0.044,9,Feb 17 2021 01: +0,1613523600
0.039,8,Feb 18 2021 01: +0,1613610000
0.036,6,Feb 19 2021 01: +0,1613696400
0.034,10,Feb 20 2021 01: +0,1613782800
0.038,7,Feb 21 2021 01: +0,1613869200
0.039,9,Feb 22 2021 01: +0,1613955600
0.04,9,Feb 23 2021 01: +0,1614042000
0.034,9,Feb 24 2021 01: +0,1614128400
0.039,4,Feb 25 2021 01: +0,1614214800
0.034,9,Feb 26 2021 01: +0,1614301200
0.038,13,Feb 27 2021 01: +0,1614387600
0.031,4,Feb 28 2021 01: +0,1614474000
0.036,8,Mar 01 2021 01: +0,1614560400
0.033,9,Mar 02 2021 01: +0,1614646800
0.04,17,Mar 03 2021 01: +0,1614733200
0.04,7,Mar 04 2021 01: +0,1614819600
0.044,10,Mar 05 2021 01: +0,1614906000
0.04,14,Mar 06 2021 01: +0,1614992400
0.038,9,Mar 07 2021 01: +0,1615078800
0.039,10,Mar 08 2021 01: +0,1615165200
0.04,12,Mar 09 2021 01: +0,1615251600
0.038,10,Mar 10 2021 01: +0,1615338000
0.041,12,Mar 11 2021 01: +0,1615424400
0.043,5,Mar 12 2021 01: +0,1615510800
0.042,6,Mar 13 2021 01: +0,1615597200
0.039,4,Mar 14 2021 01: +0,1615683600
0.04,10,Mar 15 2021 01: +0,1615770000
0.038,8,Mar 16 2021 01: +0,1615856400
0.041,10,Mar 17 2021 01: +0,1615942800
0.044,9,Mar 18 2021 01: +0,1616029200
0.036,8,Mar 19 2021 01: +0,1616115600
0.035,15,Mar 20 2021 01: +0,1616202000
0.04,14,Mar 21 2021 01: +0,1616288400
0.037,10,Mar 22 2021 01: +0,1616374800
0.037,11,Mar 23 2021 01: +0,1616461200
0.043,12,Mar 24 2021 01: +0,1616547600
0.044,9,Mar 25 2021 01: +0,1616634000
0.044,8,Mar 26 2021 01: +0,1616720400
0.031,4,Mar 27 2021 01: +0,1616806800
0.036,13,Mar 28 2021 01: +0,1616893200
0.04,10,Mar 29 2021 01: +0,1616976000
0.043,6,Mar 30 2021 01: +0,1617062400
0.036,6,Mar 31 2021 01: +0,1617148800
0.042,6,Apr 01 2021 01: +0,1617235200
0.044,7,Apr 02 2021 01: +0,1617321600
0.03,8,Apr 03 2021 01: +0,1617408000
0.042,6,Apr 04 2021 01: +0,1617494400
0.032,7,Apr 05 2021 01: +0,1617580800
0.038,6,Apr 06 2021 01: +0,1617667200
0.038,4,Apr 07 2021 01: +0,1617753600
0.034,3,Apr 08 2021 01: +0,1617840000
0.031,7,Apr 09 2021 01: +0,1617926400
0.03,16,Apr 10 2021 01: +0,1618012800
0.03,11,Apr 11 2021 01: +0,1618099200
0.031,7,Apr 12 2021 01: +0,1618185600
0.03,7,Apr 13 2021 01: +0,1618272000
0.031,2,Apr 14 2021 01: +0,1618358400
0.032,6,Apr 15 2021 01: +0,1618444800
0.03,11,Apr 16 2021 01: +0,1618531200
0.03,6,Apr 17 2021 01: +0,1618617600
0.033,7,Apr 18 2021 01: +0,1618704000
0.03,4,Apr 19 2021 01: +0,1618790400
0.031,12,Apr 20 2021 01: +0,1618876800
0.039,2,Apr 21 2021 01: +0,1618963200
0.032,7,Apr 22 2021 01: +0,1619049600
0.03,4,Apr 23 2021 01: +0,1619136000
0.032,5,Apr 24 2021 01: +0,1619222400
0.035,3,Apr 25 2021 01: +0,1619308800
0.035,2,Apr 26 2021 01: +0,1619395200
0.031,8,Apr 27 2021 01: +0,1619481600
0.035,11,Apr 28 2021 01: +0,1619568000
0.038,7,Apr 29 2021 01: +0,1619654400
0.037,7,Apr 30 2021 01: +0,1619740800
0.031,3,May 01 2021 01: +0,1619827200
0.03,5,May 02 2021 01: +0,1619913600
0.032,7,May 03 2021 01: +0,1620000000
0.034,5,May 04 2021 01: +0,1620086400
0.035,9,May 05 2021 01: +0,1620172800
0.031,7,May 06 2021 01: +0,1620259200
0.032,9,May 07 2021 01: +0,1620345600
0.035,8,May 08 2021 01: +0,1620432000
0.041,9,May 09 2021 01: +0,1620518400
0.033,12,May 10 2021 01: +0,1620604800
0.035,6,May 11 2021 01: +0,1620691200
0.031,7,May 12 2021 01: +0,1620777600
0.044,6,May 13 2021 01: +0,1620864000
0.036,14,May 14 2021 01: +0,1620950400
0.035,11,May 15 2021 01: +0,1621036800
0.035,6,May 16 2021 01: +0,1621123200
0.038,10,May 17 2021 01: +0,1621209600
0.045,3,May 18 2021 01: +0,1621296000
0.037,6,May 19 2021 01: +0,1621382400
0.045,7,May 20 2021 01: +0,1621468800
0.048,7,May 21 2021 01: +0,1621555200
0.038,3,May 22 2021 01: +0,1621641600
0.034,3,May 23 2021 01: +0,1621728000
0.037,10,May 24 2021 01: +0,1621814400
0.038,2,May 25 2021 01: +0,1621900800
0.046,5,May 26 2021 01: +0,1621987200
0.043,6,May 27 2021 01: +0,1622073600
0.042,3,May 28 2021 01: +0,1622160000
0.034,7,May 29 2021 01: +0,1622246400
0.034,4,May 30 2021 01: +0,1622332800
0.045,8,May 31 2021 01: +0,1622419200
0.045,4,Jun 01 2021 01: +0,1622505600
0.04,7,Jun 02 2021 01: +0,1622592000
0.042,6,Jun 03 2021 01: +0,1622678400
0.051,5,Jun 04 2021 01: +0,1622764800
0.039,7,Jun 05 2021 01: +0,1622851200
0.048,9,Jun 06 2021 01: +0,1622937600
0.043,6,Jun 07 2021 01: +0,1623024000
0.045,8,Jun 08 2021 01: +0,1623110400
0.039,7,Jun 09 2021 01: +0,1623196800
0.051,7,Jun 10 2021 01: +0,1623283200
0.039,12,Jun 11 2021 01: +0,1623369600
0.044,4,Jun 12 2021 01: +0,1623456000
0.042,7,Jun 13 2021 01: +0,1623542400
0.05,8,Jun 14 2021 01: +0,1623628800
0.047,7,Jun 15 2021 01: +0,1623715200
0.047,4,Jun 16 2021 01: +0,1623801600
0.045,4,Jun 17 2021 01: +0,1623888000
0.051,10,Jun 18 2021 01: +0,1623974400
0.05,6,Jun 19 2021 01: +0,1624060800
0.053,7,Jun 20 2021 01: +0,1624147200
0.048,4,Jun 21 2021 01: +0,1624233600
0.047,2,Jun 22 2021 01: +0,1624320000
0.048,6,Jun 23 2021 01: +0,1624406400
0.049,2,Jun 24 2021 01: +0,1624492800
0.049,5,Jun 25 2021 01: +0,1624579200
0.043,2,Jun 26 2021 01: +0,1624665600
0.043,5,Jun 27 2021 01: +0,1624752000
0.044,3,Jun 28 2021 01: +0,1624838400
0.036,4,Jun 29 2021 01: +0,1624924800
0.048,4,Jun 30 2021 01: +0,1625011200
0.05,3,Jul 01 2021 01: +0,1625097600
0.037,5,Jul 02 2021 01: +0,1625184000
0.048,6,Jul 03 2021 01: +0,1625270400
0.042,5,Jul 04 2021 01: +0,1625356800
0.049,3,Jul 05 2021 01: +0,1625443200
0.047,3,Jul 06 2021 01: +0,1625529600
0.049,3,Jul 07 2021 01: +0,1625616000
0.034,14,Jul 08 2021 01: +0,1625702400
0.042,7,Jul 09 2021 01: +0,1625788800
0.043,3,Jul 10 2021 01: +0,1625875200
0.041,4,Jul 11 2021 01: +0,1625961600
0.047,3,Jul 12 2021 01: +0,1626048000
0.043,4,Jul 13 2021 01: +0,1626134400
0.03,3,Jul 14 2021 01: +0,1626220800
0.045,4,Jul 15 2021 01: +0,1626307200
0.06,3,Jul 16 2021 01: +0,1626393600
0.034,2,Jul 17 2021 01: +0,1626480000
0.052,18,Jul 18 2021 01: +0,1626566400
0.053,6,Jul 19 2021 01: +0,1626652800
0.048,6,Jul 20 2021 01: +0,1626739200
0.056,3,Jul 21 2021 01: +0,1626825600
0.049,5,Jul 22 2021 01: +0,1626912000
0.055,4,Jul 23 2021 01: +0,1626998400
0.04,5,Jul 24 2021 01: +0,1627084800
0.057,2,Jul 25 2021 01: +0,1627171200
0.052,21,Jul 26 2021 01: +0,1627257600
0.062,2,Jul 27 2021 01: +0,1627344000
0.079,5,Jul 28 2021 01: +0,1627430400
0.081,2,Jul 29 2021 01: +0,1627516800
0.077,2,Jul 30 2021 01: +0,1627603200
0.055,4,Jul 31 2021 01: +0,1627689600
0.075,4,Aug 01 2021 01: +0,1627776000
0.044,4,Aug 02 2021 01: +0,1627862400
0.053,6,Aug 03 2021 01: +0,1627948800
0.058,3,Aug 04 2021 01: +0,1628035200
0.059,3,Aug 05 2021 01: +0,1628121600
0.057,1,Aug 06 2021 01: +0,1628208000
0.054,5,Aug 07 2021 01: +0,1628294400
0.06,3,Aug 08 2021 01: +0,1628380800
0.06,1,Aug 09 2021 01: +0,1628467200
0.053,4,Aug 10 2021 01: +0,1628553600
0.062,3,Aug 11 2021 01: +0,1628640000
0.065,3,Aug 12 2021 01: +0,1628726400
0.067,10,Aug 13 2021 01: +0,1628812800
0.064,9,Aug 14 2021 01: +0,1628899200
0.071,6,Aug 15 2021 01: +0,1628985600
0.074,3,Aug 16 2021 01: +0,1629072000
0.063,3,Aug 17 2021 01: +0,1629158400
0.067,3,Aug 18 2021 01: +0,1629244800
0.054,4,Aug 19 2021 01: +0,1629331200
0.058,4,Aug 20 2021 01: +0,1629417600
0.065,5,Aug 21 2021 01: +0,1629504000
0.06,2,Aug 22 2021 01: +0,1629590400
0.058,6,Aug 23 2021 01: +0,1629676800
0.054,9,Aug 24 2021 01: +0,1629763200
0.055,5,Aug 25 2021 01: +0,1629849600
0.065,4,Aug 26 2021 01: +0,1629936000
0.053,3,Aug 27 2021 01: +0,1630022400
0.063,5,Aug 28 2021 01: +0,1630108800
0.058,2,Aug 29 2021 01: +0,1630195200
0.063,6,Aug 30 2021 01: +0,1630281600
0.057,3,Aug 31 2021 01: +0,1630368000
0.06,3,Sep 01 2021 01: +0,1630454400
0.046,3,Sep 02 2021 01: +0,1630540800
0.051,5,Sep 03 2021 01: +0,1630627200
0.053,9,Sep 04 2021 01: +0,1630713600
0.051,3,Sep 05 2021 01: +0,1630800000
0.058,8,Sep 06 2021 01: +0,1630886400
0.048,4,Sep 07 2021 01: +0,1630972800
0.057,5,Sep 08 2021 01: +0,1631059200
0.056,9,Sep 09 2021 01: +0,1631145600
0.059,5,Sep 10 2021 01: +0,1631232000
0.068,2,Sep 11 2021 01: +0,1631318400
0.056,3,Sep 12 2021 01: +0,1631404800
0.055,3,Sep 13 2021 01: +0,1631491200
0.055,4,Sep 14 2021 01: +0,1631577600
0.052,2,Sep 15 2021 01: +0,1631664000
0.052,4,Sep 16 2021 01: +0,1631750400
0.047,8,Sep 17 2021 01: +0,1631836800
0.052,12,Sep 18 2021 01: +0,1631923200
0.062,3,Sep 19 2021 01: +0,1632009600
0.059,3,Sep 21 2021 01: +0,1632182400
0.051,9,Sep 22 2021 01: +0,1632268800
0.055,5,Sep 23 2021 01: +0,1632355200
0.051,7,Sep 24 2021 01: +0,1632441600
0.046,2,Sep 25 2021 01: +0,1632528000
0.043,3,Sep 26 2021 01: +0,1632614400
0.047,3,Sep 27 2021 01: +0,1632700800
0.051,4,Sep 28 2021 01: +0,1632787200
0.043,8,Sep 29 2021 01: +0,1632873600
0.039,2,Sep 30 2021 01: +0,1632960000
0.052,2,Oct 01 2021 01: +0,1633046400
0.047,5,Oct 02 2021 01: +0,1633132800
0.046,5,Oct 03 2021 01: +0,1633219200
0.04,3,Oct 04 2021 01: +0,1633305600
0.046,6,Oct 05 2021 01: +0,1633392000
0.049,7,Oct 06 2021 01: +0,1633478400
0.058,5,Oct 07 2021 01: +0,1633564800
0.052,10,Oct 08 2021 01: +0,1633651200
0.046,8,Oct 09 2021 01: +0,1633737600
0.053,2,Oct 10 2021 01: +0,1633824000
0.05,2,Oct 11 2021 01: +0,1633910400
0.048,4,Oct 12 2021 01: +0,1633996800
0.051,3,Oct 13 2021 01: +0,1634083200
0.053,2,Oct 14 2021 01: +0,1634169600
0.061,5,Oct 15 2021 01: +0,1634256000
0.052,7,Oct 16 2021 01: +0,1634342400
0.067,2,Oct 17 2021 01: +0,1634428800
0.055,3,Oct 18 2021 01: +0,1634515200
0.063,3,Oct 19 2021 01: +0,1634601600
0.052,3,Oct 20 2021 01: +0,1634688000
0.051,2,Oct 21 2021 01: +0,1634774400
0.049,5,Oct 22 2021 01: +0,1634860800
0.055,3,Oct 23 2021 01: +0,1634947200
0.048,2,Oct 24 2021 01: +0,1635033600
0.045,5,Oct 25 2021 01: +0,1635120000
0.043,2,Oct 26 2021 01: +0,1635206400
0.041,8,Oct 27 2021 01: +0,1635292800
0.056,7,Oct 28 2021 01: +0,1635379200
0.048,13,Oct 29 2021 01: +0,1635465600
0.053,3,Oct 30 2021 01: +0,1635552000
0.051,7,Oct 31 2021 01: +0,1635638400
0.047,4,Nov 01 2021 01: +0,1635728400
0.046,6,Nov 02 2021 01: +0,1635814800
0.048,9,Nov 03 2021 01: +0,1635901200
0.049,5,Nov 04 2021 01: +0,1635987600
0.05,2,Nov 05 2021 01: +0,1636074000
0.049,6,Nov 06 2021 01: +0,1636160400
0.055,4,Nov 07 2021 01: +0,1636246800
0.053,7,Nov 08 2021 01: +0,1636333200
0.049,11,Nov 09 2021 01: +0,1636419600
0.052,6,Nov 10 2021 01: +0,1636506000
0.052,6,Nov 11 2021 01: +0,1636592400
0.053,2,Nov 12 2021 01: +0,1636678800
0.051,6,Nov 13 2021 01: +0,1636765200
0.047,5,Nov 14 2021 01: +0,1636851600
0.049,3,Nov 15 2021 01: +0,1636938000
0.044,6,Nov 16 2021 01: +0,1637024400
0.046,8,Nov 17 2021 01: +0,1637110800
0.052,9,Nov 18 2021 01: +0,1637197200
0.052,2,Nov 19 2021 01: +0,1637283600
0.051,4,Nov 20 2021 01: +0,1637370000
0.049,4,Nov 21 2021 01: +0,1637456400
0.048,6,Nov 22 2021 01: +0,1637542800
0.05,4,Nov 23 2021 01: +0,1637629200
0.048,8,Nov 24 2021 01: +0,1637715600
0.045,6,Nov 25 2021 01: +0,1637802000
0.045,3,Nov 26 2021 01: +0,1637888400
0.049,3,Nov 27 2021 01: +0,1637974800
0.049,4,Nov 28 2021 01: +0,1638061200
0.053,5,Nov 29 2021 01: +0,1638147600
0.044,8,Nov 30 2021 01: +0,1638234000
0.042,5,Dec 01 2021 01: +0,1638320400
0.053,5,Dec 02 2021 01: +0,1638406800
0.052,2,Dec 03 2021 01: +0,1638493200
0.047,4,Dec 04 2021 01: +0,1638579600
0.051,4,Dec 05 2021 01: +0,1638666000
0.044,6,Dec 06 2021 01: +0,1638752400
0.043,5,Dec 07 2021 01: +0,1638838800
0.051,2,Dec 08 2021 01: +0,1638925200
0.046,3,Dec 09 2021 01: +0,1639011600
0.042,4,Dec 10 2021 01: +0,1639098000
0.059,4,Dec 11 2021 01: +0,1639184400
0.05,3,Dec 12 2021 01: +0,1639270800
0.052,5,Dec 13 2021 01: +0,1639357200
0.037,2,Dec 14 2021 01: +0,1639443600
0.052,3,Dec 15 2021 01: +0,1639530000
0.048,4,Dec 16 2021 01: +0,1639616400
0.054,3,Dec 17 2021 01: +0,1639702800
0.054,5,Dec 18 2021 01: +0,1639789200
0.054,6,Dec 19 2021 01: +0,1639875600
0.044,2,Dec 20 2021 01: +0,1639962000
0.05,3,Dec 21 2021 01: +0,1640048400
0.056,4,Dec 22 2021 01: +0,1640134800
0.043,2,Dec 23 2021 01: +0,1640221200
0.055,3,Dec 24 2021 01: +0,1640307600
0.051,4,Dec 25 2021 01: +0,1640394000
0.06,5,Dec 26 2021 01: +0,1640480400
0.044,3,Dec 27 2021 01: +0,1640566800
0.045,6,Dec 28 2021 01: +0,1640653200
0.041,3,Dec 29 2021 01: +0,1640739600
0.049,3,Dec 30 2021 01: +0,1640826000
0.055,2,Dec 31 2021 01: +0,1640912400
0.058,3,Jan 01 2022 01: +0,1640998800
0.05,4,Jan 02 2022 01: +0,1641085200
0.053,3,Jan 03 2022 01: +0,1641171600
0.052,6,Jan 04 2022 01: +0,1641258000
0.05,5,Jan 05 2022 01: +0,1641344400
0.055,4,Jan 06 2022 01: +0,1641430800
0.062,3,Jan 07 2022 01: +0,1641517200
0.05,3,Jan 08 2022 01: +0,1641603600
0.055,4,Jan 09 2022 01: +0,1641690000
0.054,3,Jan 10 2022 01: +0,1641776400
0.066,4,Jan 11 2022 01: +0,1641862800
0.057,3,Jan 12 2022 01: +0,1641949200
0.054,5,Jan 13 2022 01: +0,1642035600
0.058,3,Jan 14 2022 01: +0,1642122000
0.049,4,Jan 15 2022 01: +0,1642208400
0.065,3,Jan 16 2022 01: +0,1642294800
0.057,2,Jan 17 2022 01: +0,1642381200
0.062,7,Jan 18 2022 01: +0,1642467600
0.054,4,Jan 19 2022 01: +0,1642554000
0.058,4,Jan 20 2022 01: +0,1642640400
0.06,4,Jan 21 2022 01: +0,1642726800
0.051,7,Jan 22 2022 01: +0,1642813200
0.057,9,Jan 23 2022 01: +0,1642899600
0.07,5,Jan 24 2022 01: +0,1642986000
0.053,8,Jan 25 2022 01: +0,1643072400
0.054,5,Jan 26 2022 01: +0,1643158800
0.055,5,Jan 27 2022 01: +0,1643245200
0.06,4,Jan 28 2022 01: +0,1643331600
0.056,10,Jan 29 2022 01: +0,1643418000
0.063,3,Jan 30 2022 01: +0,1643504400
0.055,4,Jan 31 2022 01: +0,1643590800
0.054,6,Feb 01 2022 01: +0,1643677200
0.062,4,Feb 02 2022 01: +0,1643763600
0.06,3,Feb 03 2022 01: +0,1643850000
0.055,3,Feb 04 2022 01: +0,1643936400
0.059,3,Feb 05 2022 01: +0,1644022800
0.065,3,Feb 06 2022 01: +0,1644109200
0.064,5,Feb 07 2022 01: +0,1644195600
0.061,7,Feb 08 2022 01: +0,1644282000
0.066,9,Feb 09 2022 01: +0,1644368400
0.066,3,Feb 10 2022 01: +0,1644454800
0.072,9,Feb 11 2022 01: +0,1644541200
0.06,4,Feb 12 2022 01: +0,1644627600
0.07,5,Feb 13 2022 01: +0,1644714000
0.059,2,Feb 14 2022 01: +0,1644800400
0.068,6,Feb 15 2022 01: +0,1644886800
0.066,6,Feb 16 2022 01: +0,1644973200
0.093,3,Feb 17 2022 01: +0,1645059600
0.08,6,Feb 18 2022 01: +0,1645146000
0.075,3,Feb 19 2022 01: +0,1645232400
0.063,2,Feb 20 2022 01: +0,1645318800
0.071,3,Feb 21 2022 01: +0,1645405200
0.064,2,Feb 22 2022 01: +0,1645491600
0.075,4,Feb 23 2022 01: +0,1645578000
0.082,2,Feb 24 2022 01: +0,1645664400
0.077,3,Feb 25 2022 01: +0,1645750800
0.063,5,Feb 26 2022 01: +0,1645837200
0.063,5,Feb 27 2022 01: +0,1645923600
0.075,1,Feb 28 2022 01: +0,1646010000
0.068,4,Mar 01 2022 01: +0,1646096400
0.055,5,Mar 02 2022 01: +0,1646182800
0.056,5,Mar 03 2022 01: +0,1646269200
0.053,2,Mar 04 2022 01: +0,1646355600
0.053,21,Mar 05 2022 01: +0,1646442000
0.053,10,Mar 06 2022 01: +0,1646528400
0.064,8,Mar 07 2022 01: +0,1646614800
0.044,6,Mar 08 2022 01: +0,1646701200
0.042,8,Mar 09 2022 01: +0,1646787600
0.054,2,Mar 10 2022 01: +0,1646874000
0.057,7,Mar 11 2022 01: +0,1646960400
0.06,4,Mar 12 2022 01: +0,1647046800
0.058,9,Mar 13 2022 01: +0,1647133200
0.058,5,Mar 14 2022 01: +0,1647219600
0.067,6,Mar 15 2022 01: +0,1647306000
0.063,4,Mar 16 2022 01: +0,1647392400
0.078,2,Mar 17 2022 01: +0,1647478800
0.063,1,Mar 18 2022 01: +0,1647565200
0.069,3,Mar 19 2022 01: +0,1647651600
0.075,1,Mar 20 2022 01: +0,1647738000
0.069,3,Mar 21 2022 01: +0,1647824400
0.07,4,Mar 22 2022 01: +0,1647910800
0.075,2,Mar 23 2022 01: +0,1647997200
0.069,7,Mar 24 2022 01: +0,1648083600
0.074,5,Mar 25 2022 01: +0,1648170000
0.072,3,Mar 26 2022 01: +0,1648256400
0.08,4,Mar 27 2022 01: +0,1648342800
0.073,1,Mar 28 2022 01: +0,1648425600
0.075,2,Mar 29 2022 01: +0,1648512000
0.057,1,Mar 30 2022 01: +0,1648598400
0.075,4,Mar 31 2022 01: +0,1648684800
0.077,9,Apr 01 2022 01: +0,1648771200
0.087,1,Apr 02 2022 01: +0,1648857600
0.081,4,Apr 03 2022 01: +0,1648944000
0.084,3,Apr 04 2022 01: +0,1649030400
0.053,5,Apr 05 2022 01: +0,1649116800
0.087,4,Apr 06 2022 01: +0,1649203200
0.054,2,Apr 07 2022 01: +0,1649289600
0.08,3,Apr 08 2022 01: +0,1649376000
0.073,5,Apr 09 2022 01: +0,1649462400
0.069,3,Apr 10 2022 01: +0,1649548800
0.073,5,Apr 11 2022 01: +0,1649635200
0.081,6,Apr 12 2022 01: +0,1649721600
0.085,2,Apr 13 2022 01: +0,1649808000
0.08,2,Apr 14 2022 01: +0,1649894400
0.077,2,Apr 15 2022 01: +0,1649980800
0.093,1,Apr 16 2022 01: +0,1650067200
0.058,3,Apr 19 2022 01: +0,1650326400
0.072,2,Apr 20 2022 01: +0,1650412800
0.058,3,Apr 21 2022 01: +0,1650499200
0.078,6,Apr 22 2022 01: +0,1650585600
0.076,3,Apr 24 2022 01: +0,1650758400
0.076,1,Apr 25 2022 01: +0,1650844800
0.089,2,Apr 26 2022 01: +0,1650931200
0.054,3,Apr 27 2022 01: +0,1651017600
0.084,2,Apr 28 2022 01: +0,1651104000
0.072,4,Apr 29 2022 01: +0,1651190400
0.074,3,Apr 30 2022 01: +0,1651276800
0.066,5,May 01 2022 01: +0,1651363200
0.075,1,May 02 2022 01: +0,1651449600
0.071,3,May 03 2022 01: +0,1651536000
0.063,1,May 04 2022 01: +0,1651622400
0.063,3,May 05 2022 01: +0,1651708800
0.061,5,May 06 2022 01: +0,1651795200
0.064,4,May 07 2022 01: +0,1651881600
0.07,6,May 08 2022 01: +0,1651968000
0.075,4,May 09 2022 01: +0,1652054400
0.065,2,May 10 2022 01: +0,1652140800
0.074,2,May 11 2022 01: +0,1652227200
0.08,2,May 12 2022 01: +0,1652313600
0.073,1,May 13 2022 01: +0,1652400000
0.076,1,May 14 2022 01: +0,1652486400
0.076,2,May 15 2022 01: +0,1652572800
0.058,5,May 16 2022 01: +0,1652659200
0.061,4,May 17 2022 01: +0,1652745600
0.064,5,May 18 2022 01: +0,1652832000
0.072,2,May 19 2022 01: +0,1652918400
0.078,3,May 20 2022 01: +0,1653004800
0.069,2,May 21 2022 01: +0,1653091200
0.068,6,May 22 2022 01: +0,1653177600
0.066,3,May 23 2022 01: +0,1653264000
0.07,3,May 24 2022 01: +0,1653350400
0.07,3,May 25 2022 01: +0,1653436800
0.071,1,May 26 2022 01: +0,1653523200
0.068,4,May 27 2022 01: +0,1653609600
0.083,2,May 28 2022 01: +0,1653696000
0.067,2,May 29 2022 01: +0,1653782400
0.072,3,May 30 2022 01: +0,1653868800
0.076,2,May 31 2022 01: +0,1653955200
0.065,3,Jun 01 2022 01: +0,1654041600
0.073,5,Jun 02 2022 01: +0,1654128000
0.068,3,Jun 03 2022 01: +0,1654214400
0.064,2,Jun 04 2022 01: +0,1654300800
0.07,2,Jun 05 2022 01: +0,1654387200
0.072,3,Jun 06 2022 01: +0,1654473600
0.069,3,Jun 07 2022 01: +0,1654560000
0.067,3,Jun 08 2022 01: +0,1654646400
0.075,1,Jun 09 2022 01: +0,1654732800
0.068,4,Jun 10 2022 01: +0,1654819200
0.061,2,Jun 11 2022 01: +0,1654905600
0.066,3,Jun 12 2022 01: +0,1654992000
0.069,2,Jun 13 2022 01: +0,1655078400
0.061,3,Jun 14 2022 01: +0,1655164800
0.07,4,Jun 15 2022 01: +0,1655251200
0.077,2,Jun 16 2022 01: +0,1655337600
0.079,3,Jun 17 2022 01: +0,1655424000
0.043,4,Jun 18 2022 01: +0,1655510400
0.066,3,Jun 19 2022 01: +0,1655596800
0.064,2,Jun 20 2022 01: +0,1655683200
0.073,2,Jun 21 2022 01: +0,1655769600
0.075,1,Jun 22 2022 01: +0,1655856000
0.064,2,Jun 23 2022 01: +0,1655942400
0.06,5,Jun 24 2022 01: +0,1656028800
0.065,6,Jun 25 2022 01: +0,1656115200
0.074,3,Jun 26 2022 01: +0,1656201600
0.076,1,Jun 27 2022 01: +0,1656288000
0.075,4,Jun 28 2022 01: +0,1656374400
0.064,6,Jun 29 2022 01: +0,1656460800
0.055,2,Jun 30 2022 01: +0,1656547200
0.056,3,Jul 01 2022 01: +0,1656633600
0.076,1,Jul 02 2022 01: +0,1656720000
0.068,2,Jul 03 2022 01: +0,1656806400
0.043,2,Jul 04 2022 01: +0,1656892800
0.051,3,Jul 05 2022 01: +0,1656979200
0.05,3,Jul 06 2022 01: +0,1657065600
0.065,2,Jul 07 2022 01: +0,1657152000
0.058,3,Jul 08 2022 01: +0,1657238400
0.055,3,Jul 09 2022 01: +0,1657324800
0.054,2,Jul 10 2022 01: +0,1657411200
0.065,4,Jul 11 2022 01: +0,1657497600
0.059,3,Jul 12 2022 01: +0,1657584000
0.076,29,Jul 13 2022 01: +0,1657670400
0.053,2,Jul 14 2022 01: +0,1657756800
0.063,1,Jul 15 2022 01: +0,1657843200
0.066,5,Jul 16 2022 01: +0,1657929600
0.063,4,Jul 17 2022 01: +0,1658016000
0.073,5,Jul 18 2022 01: +0,1658102400
0.065,4,Jul 19 2022 01: +0,1658188800
0.076,1,Jul 20 2022 01: +0,1658275200
0.062,3,Jul 21 2022 01: +0,1658361600
0.064,3,Jul 22 2022 01: +0,1658448000
0.073,3,Jul 23 2022 01: +0,1658534400
0.062,4,Jul 24 2022 01: +0,1658620800
0.062,7,Jul 25 2022 01: +0,1658707200
0.069,5,Jul 26 2022 01: +0,1658793600
0.075,2,Jul 27 2022 01: +0,1658880000
0.075,2,Jul 28 2022 01: +0,1658966400
0.066,3,Jul 29 2022 01: +0,1659052800
0.076,5,Jul 30 2022 01: +0,1659139200
0.058,1,Jul 31 2022 01: +0,1659225600
0.08,6,Aug 01 2022 01: +0,1659312000
0.085,1,Aug 02 2022 01: +0,1659398400
0.073,2,Aug 03 2022 01: +0,1659484800
0.075,2,Aug 04 2022 01: +0,1659571200
0.086,3,Aug 05 2022 01: +0,1659657600
0.067,2,Aug 07 2022 01: +0,1659830400
0.062,6,Aug 08 2022 01: +0,1659916800
0.075,1,Aug 09 2022 01: +0,1660003200
0.074,3,Aug 10 2022 01: +0,1660089600
0.067,4,Aug 11 2022 01: +0,1660176000
0.07,2,Aug 12 2022 01: +0,1660262400
0.067,3,Aug 13 2022 01: +0,1660348800
0.07,3,Aug 14 2022 01: +0,1660435200
0.079,2,Aug 15 2022 01: +0,1660521600
0.079,7,Aug 16 2022 01: +0,1660608000
0.065,2,Aug 17 2022 01: +0,1660694400
0.073,4,Aug 18 2022 01: +0,1660780800
0.075,4,Aug 19 2022 01: +0,1660867200
0.058,7,Aug 20 2022 01: +0,1660953600
0.048,4,Aug 21 2022 01: +0,1661040000
0.072,2,Aug 22 2022 01: +0,1661126400
0.076,4,Aug 23 2022 01: +0,1661212800
0.068,4,Aug 24 2022 01: +0,1661299200
0.066,7,Aug 25 2022 01: +0,1661385600
0.068,9,Aug 26 2022 01: +0,1661472000
0.076,3,Aug 27 2022 01: +0,1661558400
0.076,1,Aug 28 2022 01: +0,1661644800
0.064,3,Aug 29 2022 01: +0,1661731200
0.067,4,Aug 30 2022 01: +0,1661817600
0.075,2,Aug 31 2022 01: +0,1661904000
0.076,5,Sep 01 2022 01: +0,1661990400
0.049,10,Sep 02 2022 01: +0,1662076800
0.083,7,Sep 03 2022 01: +0,1662163200
0.087,2,Sep 04 2022 01: +0,1662249600
0.076,1,Sep 05 2022 01: +0,1662336000
0.079,3,Sep 06 2022 01: +0,1662422400
0.085,1,Sep 07 2022 01: +0,1662508800
0.081,2,Sep 08 2022 01: +0,1662595200
0.085,2,Sep 09 2022 01: +0,1662681600
0.078,2,Sep 10 2022 01: +0,1662768000
0.085,4,Sep 11 2022 01: +0,1662854400
0.087,1,Sep 12 2022 01: +0,1662940800
0.083,2,Sep 13 2022 01: +0,1663027200
0.095,2,Sep 14 2022 01: +0,1663113600
0.082,3,Sep 15 2022 01: +0,1663200000
0.08,3,Sep 16 2022 01: +0,1663286400
0.065,4,Sep 17 2022 01: +0,1663372800
0.067,3,Sep 18 2022 01: +0,1663459200
0.073,4,Sep 19 2022 01: +0,1663545600
0.067,1,Sep 20 2022 01: +0,1663632000
0.066,3,Sep 21 2022 01: +0,1663718400
0.091,1,Sep 22 2022 01: +0,1663804800
0.083,1,Sep 23 2022 01: +0,1663891200
0.054,3,Sep 24 2022 01: +0,1663977600
0.08,2,Sep 25 2022 01: +0,1664064000
0.086,5,Sep 26 2022 01: +0,1664150400
0.081,2,Sep 27 2022 01: +0,1664236800
0.069,2,Sep 28 2022 01: +0,1664323200
0.064,1,Sep 29 2022 01: +0,1664409600
0.096,5,Sep 30 2022 01: +0,1664496000
0.072,8,Oct 01 2022 01: +0,1664582400
0.081,3,Oct 02 2022 01: +0,1664668800
0.089,2,Oct 03 2022 01: +0,1664755200
0.079,1,Oct 04 2022 01: +0,1664841600
0.065,5,Oct 05 2022 01: +0,1664928000
0.073,3,Oct 07 2022 01: +0,1665100800
0.066,3,Oct 08 2022 01: +0,1665187200
0.078,7,Oct 09 2022 01: +0,1665273600
0.066,2,Oct 10 2022 01: +0,1665360000
0.064,18,Oct 11 2022 01: +0,1665446400
0.07,4,Oct 12 2022 01: +0,1665532800
0.072,3,Oct 13 2022 01: +0,1665619200
0.069,2,Oct 15 2022 01: +0,1665792000
0.073,5,Oct 16 2022 01: +0,1665878400
0.078,2,Oct 17 2022 01: +0,1665964800
0.071,3,Oct 18 2022 01: +0,1666051200
0.067,3,Oct 19 2022 01: +0,1666137600
0.057,4,Oct 20 2022 01: +0,1666224000
0.065,3,Oct 21 2022 01: +0,1666310400
0.07,5,Oct 22 2022 01: +0,1666396800
0.061,5,Oct 23 2022 01: +0,1666483200
0.059,5,Oct 24 2022 01: +0,1666569600
0.054,19,Oct 25 2022 01: +0,1666656000
0.074,3,Oct 26 2022 01: +0,1666742400
0.06,2,Oct 27 2022 01: +0,1666828800
0.062,7,Oct 28 2022 01: +0,1666915200
0.057,3,Oct 29 2022 01: +0,1667001600
0.057,5,Oct 30 2022 01: +0,1667088000
0.066,1,Oct 31 2022 01: +0,1667178000
0.072,3,Nov 01 2022 01: +0,1667264400
0.063,4,Nov 02 2022 01: +0,1667350800
0.074,1,Nov 03 2022 01: +0,1667437200
0.061,8,Nov 04 2022 01: +0,1667523600
0.058,4,Nov 05 2022 01: +0,1667610000
0.063,3,Nov 06 2022 01: +0,1667696400
0.06,3,Nov 07 2022 01: +0,1667782800
0.062,9,Nov 08 2022 01: +0,1667869200
0.062,6,Nov 09 2022 01: +0,1667955600
0.073,9,Nov 10 2022 01: +0,1668042000
0.067,3,Nov 11 2022 01: +0,1668128400
0.061,5,Nov 12 2022 01: +0,1668214800
0.077,6,Nov 13 2022 01: +0,1668301200
0.075,1,Nov 14 2022 01: +0,1668387600
0.066,2,Nov 15 2022 01: +0,1668474000
0.073,7,Nov 16 2022 01: +0,1668560400
0.08,2,Nov 17 2022 01: +0,1668646800
0.07,4,Nov 18 2022 01: +0,1668733200
0.07,4,Nov 19 2022 01: +0,1668819600
0.076,3,Nov 20 2022 01: +0,1668906000
0.063,3,Nov 21 2022 01: +0,1668992400
0.078,2,Nov 22 2022 01: +0,1669078800
0.078,8,Nov 23 2022 01: +0,1669165200
0.067,5,Nov 24 2022 01: +0,1669251600
0.076,1,Nov 25 2022 01: +0,1669338000
0.076,5,Nov 26 2022 01: +0,1669424400
0.077,4,Nov 27 2022 01: +0,1669510800
0.065,3,Nov 28 2022 01: +0,1669597200
0.079,3,Nov 29 2022 01: +0,1669683600
0.07,3,Nov 30 2022 01: +0,1669770000
0.085,4,Dec 01 2022 01: +0,1669856400
0.084,3,Dec 02 2022 01: +0,1669942800
0.086,3,Dec 03 2022 01: +0,1670029200
0.086,1,Dec 04 2022 01: +0,1670115600
0.077,10,Dec 05 2022 01: +0,1670202000
0.085,3,Dec 06 2022 01: +0,1670288400
0.083,2,Dec 07 2022 01: +0,1670374800
0.081,11,Dec 08 2022 01: +0,1670461200
0.068,1,Dec 09 2022 01: +0,1670547600
0.077,3,Dec 10 2022 01: +0,1670634000
0.084,4,Dec 11 2022 01: +0,1670720400
0.067,20,Dec 12 2022 01: +0,1670806800
0.055,6,Dec 13 2022 01: +0,1670893200
0.083,3,Dec 14 2022 01: +0,1670979600
0.076,3,Dec 15 2022 01: +0,1671066000
0.068,2,Dec 16 2022 01: +0,1671152400
0.082,2,Dec 17 2022 01: +0,1671238800
0.081,3,Dec 18 2022 01: +0,1671325200
0.07,3,Dec 19 2022 01: +0,1671411600
0.078,2,Dec 20 2022 01: +0,1671498000
0.079,3,Dec 21 2022 01: +0,1671584400
0.083,2,Dec 22 2022 01: +0,1671670800
0.064,2,Dec 23 2022 01: +0,1671757200
0.084,2,Dec 24 2022 01: +0,1671843600
0.062,7,Dec 25 2022 01: +0,1671930000
0.075,3,Dec 26 2022 01: +0,1672016400
0.075,2,Dec 27 2022 01: +0,1672102800
0.061,3,Dec 28 2022 01: +0,1672189200
0.073,5,Dec 29 2022 01: +0,1672275600
0.081,2,Dec 30 2022 01: +0,1672362000
0.076,5,Dec 31 2022 01: +0,1672448400
0.08,1,Jan 01 2023 01: +0,1672534800
0.082,2,Jan 02 2023 01: +0,1672621200
0.081,1,Jan 03 2023 01: +0,1672707600
0.084,4,Jan 04 2023 01: +0,1672794000
0.091,2,Jan 05 2023 01: +0,1672880400
0.071,4,Jan 06 2023 01: +0,1672966800
0.077,3,Jan 07 2023 01: +0,1673053200
0.085,4,Jan 08 2023 01: +0,1673139600
0.084,2,Jan 09 2023 01: +0,1673226000
0.081,3,Jan 10 2023 01: +0,1673312400
0.086,4,Jan 11 2023 01: +0,1673398800
0.083,1,Jan 12 2023 01: +0,1673485200
0.082,4,Jan 13 2023 01: +0,1673571600
0.092,4,Jan 14 2023 01: +0,1673658000
0.086,5,Jan 15 2023 01: +0,1673744400
0.091,6,Jan 16 2023 01: +0,1673830800
0.093,3,Jan 17 2023 01: +0,1673917200
0.081,4,Jan 18 2023 01: +0,1674003600
0.088,4,Jan 19 2023 01: +0,1674090000
0.082,4,Jan 20 2023 01: +0,1674176400
0.076,1,Jan 21 2023 01: +0,1674262800
0.08,6,Jan 22 2023 01: +0,1674349200
0.087,6,Jan 23 2023 01: +0,1674435600
0.105,3,Jan 24 2023 01: +0,1674522000
0.118,7,Jan 25 2023 01: +0,1674608400
0.11,3,Jan 26 2023 01: +0,1674694800
0.103,2,Jan 27 2023 01: +0,1674781200
0.102,8,Jan 28 2023 01: +0,1674867600
0.104,1,Jan 29 2023 01: +0,1674954000
0.07,2,Jan 30 2023 01: +0,1675040400
0.082,3,Jan 31 2023 01: +0,1675126800
0.103,2,Feb 01 2023 01: +0,1675213200
0.098,2,Feb 02 2023 01: +0,1675299600
0.073,5,Feb 03 2023 01: +0,1675386000
0.094,5,Feb 04 2023 01: +0,1675472400
0.098,2,Feb 05 2023 01: +0,1675558800
0.107,3,Feb 06 2023 01: +0,1675645200
0.101,2,Feb 07 2023 01: +0,1675731600
0.1,4,Feb 08 2023 01: +0,1675818000
0.101,1,Feb 09 2023 01: +0,1675904400
0.076,3,Feb 10 2023 01: +0,1675990800
0.075,6,Feb 11 2023 01: +0,1676077200
0.101,3,Feb 12 2023 01: +0,1676163600
0.082,5,Feb 13 2023 01: +0,1676250000
0.074,3,Feb 14 2023 01: +0,1676336400
0.085,2,Feb 15 2023 06: +0,1676440800
0.085,1,Feb 15 2023 08: +0,1676448000
0.09,1,Feb 15 2023 10: +0,1676455200
0.064,1,Feb 15 2023 11: +0,1676458800
0.095,2,Feb 15 2023 19: +0,1676487600
0.097,2,Feb 16 2023 10: +0,1676541600
0.091,1,Feb 16 2023 16: +0,1676563200
0.1,1,Feb 16 2023 22: +0,1676584800
0.099,1,Feb 17 2023 21: +0,1676667600
0.081,1,Feb 18 2023 05: +0,1676696400
0.1,1,Feb 18 2023 06: +0,1676700000
0.093,2,Feb 18 2023 17: +0,1676739600
0.061,1,Feb 19 2023 00: +0,1676764800
0.057,1,Feb 19 2023 05: +0,1676782800
0.098,1,Feb 19 2023 12: +0,1676808000
0.071,1,Feb 19 2023 13: +0,1676811600
0.106,1,Feb 19 2023 15: +0,1676818800
0.122,42,Feb 20 2023 00: +0,1676851200
0.138,1,Feb 20 2023 01: +0,1676854800
0.138,1,Feb 20 2023 05: +0,1676869200
0.124,1,Feb 20 2023 21: +0,1676926800
0.138,1,Feb 20 2023 22: +0,1676930400
0.138,1,Feb 21 2023 00: +0,1676937600
0.071,1,Feb 21 2023 01: +0,1676941200
0.061,1,Feb 21 2023 11: +0,1676977200
0.061,1,Feb 21 2023 15: +0,1676991600
0.138,1,Feb 21 2023 17: +0,1676998800
0.091,1,Feb 21 2023 22: +0,1677016800
0.094,1,Feb 22 2023 11: +0,1677063600
0.081,1,Feb 22 2023 12: +0,1677067200
0.095,1,Feb 22 2023 14: +0,1677074400
0.03,1,Feb 22 2023 16: +0,1677081600
0.071,1,Feb 22 2023 17: +0,1677085200
0.078,1,Feb 22 2023 22: +0,1677103200
0.097,2,Feb 22 2023 23: +0,1677106800
0.051,1,Feb 23 2023 13: +0,1677157200
0.081,1,Feb 23 2023 16: +0,1677168000
0.094,1,Feb 23 2023 17: +0,1677171600
0.093,1,Feb 23 2023 18: +0,1677175200
0.072,1,Feb 23 2023 22: +0,1677189600
0.09,1,Feb 24 2023 08: +0,1677225600
0.074,1,Feb 24 2023 13: +0,1677243600
0.072,1,Feb 24 2023 19: +0,1677265200
0.096,1,Feb 24 2023 20: +0,1677268800
0.096,1,Feb 24 2023 21: +0,1677272400
0.089,2,Feb 24 2023 22: +0,1677276000
0.095,1,Feb 25 2023 08: +0,1677312000
0.097,4,Feb 25 2023 11: +0,1677322800
0.1,1,Feb 25 2023 17: +0,1677344400
0.122,1,Feb 25 2023 21: +0,1677358800
0.091,1,Feb 25 2023 22: +0,1677362400
0.11,1,Feb 26 2023 14: +0,1677420000
0.102,2,Feb 26 2023 16: +0,1677427200
0.064,1,Feb 26 2023 17: +0,1677430800
0.087,1,Feb 26 2023 20: +0,1677441600
0.085,1,Feb 27 2023 06: +0,1677477600
0.076,1,Feb 27 2023 20: +0,1677528000
0.086,2,Feb 28 2023 18: +0,1677607200
0.095,1,Mar 01 2023 01: +0,1677632400
0.057,1,Mar 01 2023 12: +0,1677672000
0.041,1,Mar 01 2023 21: +0,1677704400
0.08,1,Mar 02 2023 02: +0,1677722400
0.095,1,Mar 02 2023 08: +0,1677744000
0.106,1,Mar 02 2023 14: +0,1677765600
0.064,1,Mar 02 2023 22: +0,1677794400
0.082,1,Mar 03 2023 17: +0,1677862800
0.089,2,Mar 03 2023 19: +0,1677870000
0.082,1,Mar 03 2023 20: +0,1677873600
0.085,1,Mar 03 2023 23: +0,1677884400
0.038,1,Mar 04 2023 07: +0,1677913200
0.071,1,Mar 04 2023 08: +0,1677916800
0.084,1,Mar 04 2023 11: +0,1677927600
0.09,1,Mar 04 2023 15: +0,1677942000
0.064,2,Mar 04 2023 17: +0,1677949200
0.096,2,Mar 04 2023 22: +0,1677967200
0.073,1,Mar 04 2023 23: +0,1677970800
0.096,1,Mar 05 2023 01: +0,1677978000
0.096,1,Mar 05 2023 11: +0,1678014000
0.081,2,Mar 05 2023 13: +0,1678021200
0.084,1,Mar 05 2023 19: +0,1678042800
0.069,2,Mar 05 2023 20: +0,1678046400
0.096,1,Mar 05 2023 22: +0,1678053600
0.096,1,Mar 06 2023 04: +0,1678075200
0.079,2,Mar 06 2023 14: +0,1678111200
0.074,1,Mar 07 2023 03: +0,1678158000
0.074,1,Mar 07 2023 09: +0,1678179600
0.064,1,Mar 07 2023 17: +0,1678208400
0.087,1,Mar 07 2023 19: +0,1678215600
0.087,1,Mar 07 2023 20: +0,1678219200
0.059,1,Mar 07 2023 23: +0,1678230000
0.091,1,Mar 08 2023 05: +0,1678251600
0.062,1,Mar 08 2023 12: +0,1678276800
0.095,2,Mar 08 2023 15: +0,1678287600
0.08,1,Mar 09 2023 18: +0,1678384800
0.087,1,Mar 09 2023 22: +0,1678399200
0.069,1,Mar 10 2023 00: +0,1678406400
0.093,1,Mar 10 2023 09: +0,1678438800
0.093,1,Mar 10 2023 13: +0,1678453200
0.087,1,Mar 10 2023 19: +0,1678474800
0.075,1,Mar 10 2023 22: +0,1678485600
0.055,1,Mar 10 2023 23: +0,1678489200
0.076,1,Mar 11 2023 02: +0,1678500000
0.081,1,Mar 11 2023 13: +0,1678539600
0.082,1,Mar 11 2023 18: +0,1678557600
0.063,1,Mar 12 2023 02: +0,1678586400
0.063,1,Mar 12 2023 04: +0,1678593600
0.085,1,Mar 12 2023 13: +0,1678626000
0.075,1,Mar 12 2023 15: +0,1678633200
0.08,1,Mar 13 2023 11: +0,1678705200
0.037,1,Mar 13 2023 20: +0,1678737600
0.088,1,Mar 13 2023 21: +0,1678741200
0.062,1,Mar 14 2023 04: +0,1678766400
0.097,1,Mar 14 2023 05: +0,1678770000
0.06,2,Mar 14 2023 12: +0,1678795200
0.041,1,Mar 14 2023 13: +0,1678798800
0.082,1,Mar 14 2023 14: +0,1678802400
0.062,1,Mar 14 2023 19: +0,1678820400
0.05,1,Mar 14 2023 23: +0,1678834800
0.047,1,Mar 15 2023 01: +0,1678842000
0.091,1,Mar 15 2023 06: +0,1678860000
0.08,2,Mar 15 2023 13: +0,1678885200
0.079,2,Mar 15 2023 17: +0,1678899600
0.059,2,Mar 15 2023 20: +0,1678910400
0.059,1,Mar 15 2023 23: +0,1678921200
0.059,1,Mar 16 2023 05: +0,1678942800
0.051,1,Mar 16 2023 07: +0,1678950000
0.079,2,Mar 16 2023 09: +0,1678957200
0.08,1,Mar 16 2023 15: +0,1678978800
0.081,1,Mar 16 2023 17: +0,1678986000
0.081,1,Mar 16 2023 19: +0,1678993200
0.081,2,Mar 16 2023 21: +0,1679000400
0.077,1,Mar 16 2023 23: +0,1679007600
0.062,2,Mar 17 2023 01: +0,1679014800
0.091,1,Mar 17 2023 03: +0,1679022000
0.081,1,Mar 17 2023 06: +0,1679032800
0.059,2,Mar 17 2023 14: +0,1679061600
0.061,1,Mar 17 2023 17: +0,1679072400
0.076,1,Mar 18 2023 00: +0,1679097600
0.054,1,Mar 18 2023 05: +0,1679115600
0.066,2,Mar 18 2023 14: +0,1679148000
0.06,1,Mar 18 2023 17: +0,1679158800
0.064,1,Mar 18 2023 20: +0,1679169600
0.05,1,Mar 18 2023 22: +0,1679176800
0.046,2,Mar 19 2023 16: +0,1679241600
0.07,1,Mar 19 2023 17: +0,1679245200
0.059,1,Mar 19 2023 23: +0,1679266800
0.056,1,Mar 20 2023 01: +0,1679274000
0.06,1,Mar 20 2023 07: +0,1679295600
0.051,2,Mar 20 2023 08: +0,1679299200
0.053,2,Mar 20 2023 09: +0,1679302800
0.069,2,Mar 20 2023 13: +0,1679317200
0.061,2,Mar 20 2023 14: +0,1679320800
0.061,1,Mar 20 2023 16: +0,1679328000
0.078,1,Mar 20 2023 21: +0,1679346000
0.057,2,Mar 20 2023 23: +0,1679353200
0.04,1,Mar 21 2023 04: +0,1679371200
0.052,1,Mar 21 2023 07: +0,1679382000
0.078,3,Mar 21 2023 10: +0,1679392800
0.074,1,Mar 21 2023 15: +0,1679410800
0.078,1,Mar 21 2023 16: +0,1679414400
0.064,1,Mar 21 2023 20: +0,1679428800
0.062,1,Mar 21 2023 22: +0,1679436000
0.063,2,Mar 22 2023 03: +0,1679454000
0.064,1,Mar 22 2023 05: +0,1679461200
0.064,1,Mar 22 2023 06: +0,1679464800
0.037,1,Mar 22 2023 08: +0,1679472000
0.052,1,Mar 22 2023 20: +0,1679515200
0.03,1,Mar 23 2023 02: +0,1679536800
0.03,1,Mar 23 2023 05: +0,1679547600
0.04,1,Mar 23 2023 10: +0,1679565600
0.038,1,Mar 23 2023 14: +0,1679580000
0.05,1,Mar 23 2023 15: +0,1679583600
0.03,1,Mar 23 2023 16: +0,1679587200
0.046,1,Mar 23 2023 18: +0,1679594400
0.046,1,Mar 24 2023 01: +0,1679619600
0.051,1,Mar 24 2023 08: +0,1679644800
0.043,1,Mar 24 2023 09: +0,1679648400
0.05,1,Mar 24 2023 10: +0,1679652000
0.041,1,Mar 24 2023 11: +0,1679655600
0.051,1,Mar 24 2023 12: +0,1679659200
0.056,1,Mar 24 2023 13: +0,1679662800
0.056,1,Mar 24 2023 15: +0,1679670000
0.063,4,Mar 24 2023 16: +0,1679673600
0.031,1,Mar 24 2023 18: +0,1679680800
0.039,1,Mar 24 2023 22: +0,1679695200
0.068,1,Mar 25 2023 09: +0,1679734800
0.05,1,Mar 25 2023 12: +0,1679745600
0.05,1,Mar 25 2023 18: +0,1679767200
0.06,1,Mar 26 2023 16: +0,1679842800
0.045,1,Mar 26 2023 17: +0,1679846400
0.053,1,Mar 26 2023 18: +0,1679850000
0.03,1,Mar 26 2023 21: +0,1679860800
0.056,1,Mar 27 2023 02: +0,1679878800
0.06,1,Mar 27 2023 22: +0,1679950800
0.051,1,Mar 28 2023 00: +0,1679958000
0.061,1,Mar 28 2023 02: +0,1679965200
0.048,1,Mar 28 2023 04: +0,1679972400
0.053,1,Mar 28 2023 08: +0,1679986800
0.03,1,Mar 28 2023 12: +0,1680001200
0.064,1,Mar 28 2023 14: +0,1680008400
0.078,1,Mar 28 2023 18: +0,1680022800
0.053,1,Mar 28 2023 19: +0,1680026400
0.065,2,Mar 28 2023 23: +0,1680040800
0.062,1,Mar 29 2023 00: +0,1680044400
0.054,1,Mar 29 2023 04: +0,1680058800
0.053,1,Mar 29 2023 09: +0,1680076800
0.05,1,Mar 29 2023 10: +0,1680080400
0.03,2,Mar 29 2023 11: +0,1680084000
0.053,1,Mar 29 2023 13: +0,1680091200
0.065,1,Mar 29 2023 14: +0,1680094800
0.045,1,Mar 29 2023 16: +0,1680102000
0.066,1,Mar 29 2023 19: +0,1680112800
0.056,3,Mar 30 2023 04: +0,1680145200
0.047,2,Mar 30 2023 14: +0,1680181200
0.06,1,Mar 30 2023 18: +0,1680195600
0.06,1,Mar 30 2023 19: +0,1680199200
0.065,3,Mar 30 2023 22: +0,1680210000
0.073,2,Mar 31 2023 09: +0,1680249600
0.061,1,Apr 01 2023 22: +0,1680382800
0.047,1,Apr 02 2023 05: +0,1680408000
0.066,1,Apr 02 2023 12: +0,1680433200
0.07,1,Apr 02 2023 19: +0,1680458400
0.046,1,Apr 02 2023 20: +0,1680462000
0.056,2,Apr 03 2023 00: +0,1680476400
0.05,1,Apr 03 2023 08: +0,1680505200
0.058,1,Apr 03 2023 17: +0,1680537600
0.056,1,Apr 03 2023 20: +0,1680548400
0.04,1,Apr 04 2023 01: +0,1680566400
0.062,1,Apr 04 2023 07: +0,1680588000
0.064,1,Apr 04 2023 12: +0,1680606000
0.049,1,Apr 04 2023 21: +0,1680638400
0.048,1,Apr 05 2023 12: +0,1680692400
0.064,1,Apr 05 2023 22: +0,1680728400
0.064,1,Apr 05 2023 23: +0,1680732000
0.063,4,Apr 06 2023 04: +0,1680750000
0.063,1,Apr 06 2023 13: +0,1680782400
0.063,3,Apr 06 2023 18: +0,1680800400
0.072,3,Apr 07 2023 00: +0,1680822000
0.04,1,Apr 07 2023 09: +0,1680854400
0.048,1,Apr 07 2023 20: +0,1680894000
0.037,1,Apr 07 2023 23: +0,1680904800
0.059,1,Apr 08 2023 11: +0,1680948000
0.06,1,Apr 08 2023 22: +0,1680987600
0.066,2,Apr 09 2023 02: +0,1681002000
0.061,1,Apr 09 2023 03: +0,1681005600
0.051,2,Apr 09 2023 10: +0,1681030800
0.062,1,Apr 09 2023 15: +0,1681048800
0.062,1,Apr 09 2023 22: +0,1681074000
0.062,3,Apr 09 2023 23: +0,1681077600
0.07,1,Apr 10 2023 05: +0,1681099200
0.062,1,Apr 10 2023 18: +0,1681146000
0.063,1,Apr 10 2023 23: +0,1681164000
0.03,1,Apr 11 2023 04: +0,1681182000
0.056,1,Apr 11 2023 10: +0,1681203600
0.038,1,Apr 11 2023 16: +0,1681225200
0.07,1,Apr 11 2023 20: +0,1681239600
0.055,1,Apr 12 2023 00: +0,1681254000
0.061,1,Apr 12 2023 09: +0,1681286400
0.062,1,Apr 12 2023 18: +0,1681318800
0.062,1,Apr 13 2023 08: +0,1681369200
0.046,1,Apr 13 2023 09: +0,1681372800
0.061,1,Apr 13 2023 16: +0,1681398000
0.063,1,Apr 13 2023 21: +0,1681416000
0.061,1,Apr 13 2023 22: +0,1681419600
0.061,1,Apr 14 2023 00: +0,1681426800
0.06,1,Apr 14 2023 05: +0,1681444800
0.048,4,Apr 14 2023 10: +0,1681462800
0.062,1,Apr 14 2023 21: +0,1681502400
0.062,1,Apr 14 2023 22: +0,1681506000
0.059,1,Apr 15 2023 09: +0,1681545600
0.063,1,Apr 15 2023 11: +0,1681552800
0.063,1,Apr 15 2023 19: +0,1681581600
0.062,1,Apr 15 2023 22: +0,1681592400
0.072,1,Apr 15 2023 23: +0,1681596000
0.061,3,Apr 16 2023 05: +0,1681617600
0.03,1,Apr 16 2023 07: +0,1681624800
0.063,1,Apr 16 2023 22: +0,1681678800
0.059,1,Apr 16 2023 23: +0,1681682400
0.044,1,Apr 17 2023 00: +0,1681686000
0.063,1,Apr 17 2023 08: +0,1681714800
0.063,1,Apr 17 2023 09: +0,1681718400
0.043,1,Apr 17 2023 11: +0,1681725600
0.061,1,Apr 17 2023 13: +0,1681732800
0.057,1,Apr 17 2023 19: +0,1681754400
0.062,1,Apr 17 2023 21: +0,1681761600
0.061,1,Apr 18 2023 01: +0,1681776000
0.055,1,Apr 18 2023 11: +0,1681812000
0.08,1,Apr 18 2023 18: +0,1681837200
0.056,1,Apr 18 2023 23: +0,1681855200
0.064,1,Apr 19 2023 09: +0,1681891200
0.062,1,Apr 19 2023 10: +0,1681894800
0.064,1,Apr 19 2023 14: +0,1681909200
0.066,1,Apr 20 2023 04: +0,1681959600
0.032,1,Apr 20 2023 07: +0,1681970400
0.058,2,Apr 20 2023 12: +0,1681988400
0.062,1,Apr 20 2023 13: +0,1681992000
0.063,1,Apr 20 2023 17: +0,1682006400
0.062,1,Apr 20 2023 23: +0,1682028000
0.062,1,Apr 21 2023 06: +0,1682053200
0.062,1,Apr 21 2023 08: +0,1682060400
0.062,1,Apr 21 2023 11: +0,1682071200
0.062,1,Apr 21 2023 14: +0,1682082000
0.061,1,Apr 21 2023 16: +0,1682089200
0.062,1,Apr 21 2023 18: +0,1682096400
0.08,1,Apr 21 2023 20: +0,1682103600
0.06,1,Apr 21 2023 23: +0,1682114400
0.061,2,Apr 22 2023 10: +0,1682154000
0.064,1,Apr 22 2023 11: +0,1682157600
0.049,1,Apr 22 2023 17: +0,1682179200
0.064,1,Apr 23 2023 04: +0,1682218800
0.05,2,Apr 23 2023 05: +0,1682222400
0.064,1,Apr 23 2023 08: +0,1682233200
0.051,1,Apr 23 2023 13: +0,1682251200
0.056,1,Apr 23 2023 14: +0,1682254800
0.065,1,Apr 23 2023 15: +0,1682258400
0.071,1,Apr 23 2023 19: +0,1682272800
0.071,2,Apr 24 2023 01: +0,1682294400
0.062,1,Apr 24 2023 05: +0,1682308800
0.071,1,Apr 24 2023 08: +0,1682319600
0.061,2,Apr 24 2023 14: +0,1682341200
0.056,1,Apr 24 2023 19: +0,1682359200
0.062,1,Apr 24 2023 20: +0,1682362800
0.062,1,Apr 24 2023 21: +0,1682366400
0.055,2,Apr 24 2023 22: +0,1682370000
0.06,1,Apr 25 2023 01: +0,1682380800
0.061,3,Apr 25 2023 03: +0,1682388000
0.036,1,Apr 25 2023 11: +0,1682416800
0.051,1,Apr 25 2023 12: +0,1682420400
0.041,1,Apr 25 2023 15: +0,1682431200
0.062,2,Apr 25 2023 16: +0,1682434800
0.065,2,Apr 25 2023 21: +0,1682452800
0.054,1,Apr 26 2023 02: +0,1682470800
0.065,1,Apr 26 2023 03: +0,1682474400
0.054,1,Apr 26 2023 04: +0,1682478000
0.06,1,Apr 26 2023 08: +0,1682492400
0.056,1,Apr 26 2023 10: +0,1682499600
0.08,1,Apr 26 2023 12: +0,1682506800
0.065,1,Apr 26 2023 20: +0,1682535600
0.066,1,Apr 27 2023 04: +0,1682564400
0.049,1,Apr 27 2023 08: +0,1682578800
0.049,1,Apr 27 2023 09: +0,1682582400
0.049,1,Apr 27 2023 15: +0,1682604000
0.066,7,Apr 27 2023 19: +0,1682618400
0.073,2,Apr 27 2023 21: +0,1682625600
0.067,2,Apr 27 2023 22: +0,1682629200
0.041,1,Apr 28 2023 03: +0,1682647200
0.046,1,Apr 28 2023 08: +0,1682665200
0.044,1,Apr 28 2023 11: +0,1682676000
0.046,2,Apr 28 2023 15: +0,1682690400
0.055,2,Apr 28 2023 17: +0,1682697600
0.06,1,Apr 28 2023 19: +0,1682704800
0.06,1,Apr 29 2023 02: +0,1682730000
0.06,1,Apr 29 2023 09: +0,1682755200
0.062,2,Apr 29 2023 18: +0,1682787600
0.06,1,Apr 29 2023 23: +0,1682805600
0.044,1,Apr 30 2023 03: +0,1682820000
0.072,1,Apr 30 2023 12: +0,1682852400
0.06,1,Apr 30 2023 13: +0,1682856000
0.06,2,Apr 30 2023 16: +0,1682866800
0.066,1,Apr 30 2023 19: +0,1682877600
0.066,1,Apr 30 2023 21: +0,1682884800
0.06,1,May 01 2023 11: +0,1682935200
0.065,1,May 01 2023 12: +0,1682938800
0.055,1,May 01 2023 17: +0,1682956800
0.058,1,May 01 2023 18: +0,1682960400
0.048,1,May 01 2023 19: +0,1682964000
0.056,2,May 01 2023 20: +0,1682967600
0.066,1,May 02 2023 06: +0,1683003600
0.061,1,May 02 2023 10: +0,1683018000
0.066,1,May 02 2023 20: +0,1683054000
0.067,1,May 02 2023 22: +0,1683061200
0.076,2,May 03 2023 02: +0,1683075600
0.055,1,May 03 2023 05: +0,1683086400
0.067,1,May 03 2023 11: +0,1683108000
0.042,1,May 03 2023 16: +0,1683126000
0.042,1,May 03 2023 18: +0,1683133200
0.079,3,May 03 2023 19: +0,1683136800
0.064,1,May 03 2023 20: +0,1683140400
0.062,1,May 04 2023 00: +0,1683154800
0.062,1,May 04 2023 10: +0,1683190800
0.068,1,May 04 2023 17: +0,1683216000
0.041,1,May 04 2023 19: +0,1683223200
0.06,1,May 05 2023 04: +0,1683255600
0.06,1,May 05 2023 18: +0,1683306000
0.06,1,May 05 2023 19: +0,1683309600
0.07,1,May 05 2023 22: +0,1683320400
0.07,1,May 06 2023 12: +0,1683370800
0.043,1,May 06 2023 17: +0,1683388800
0.064,1,May 06 2023 19: +0,1683396000
0.041,1,May 06 2023 21: +0,1683403200
0.072,1,May 06 2023 23: +0,1683410400
0.072,1,May 07 2023 11: +0,1683453600
0.079,2,May 07 2023 13: +0,1683460800
0.07,1,May 07 2023 19: +0,1683482400
0.045,1,May 07 2023 20: +0,1683486000
0.061,1,May 07 2023 22: +0,1683493200
0.043,1,May 08 2023 00: +0,1683500400
0.059,1,May 08 2023 07: +0,1683525600
0.042,3,May 08 2023 09: +0,1683532800
0.069,1,May 08 2023 15: +0,1683554400
0.06,2,May 08 2023 17: +0,1683561600
0.061,1,May 08 2023 21: +0,1683576000
0.055,1,May 08 2023 23: +0,1683583200
0.042,2,May 09 2023 07: +0,1683612000
0.037,1,May 09 2023 08: +0,1683615600
0.063,3,May 09 2023 11: +0,1683626400
0.037,2,May 09 2023 12: +0,1683630000
0.05,2,May 09 2023 14: +0,1683637200
0.063,1,May 09 2023 16: +0,1683644400
0.04,1,May 09 2023 19: +0,1683655200
0.033,1,May 10 2023 01: +0,1683676800
0.07,1,May 10 2023 09: +0,1683705600
0.045,1,May 10 2023 10: +0,1683709200
0.045,1,May 10 2023 14: +0,1683723600
0.03,1,May 10 2023 17: +0,1683734400
0.063,3,May 10 2023 22: +0,1683752400
0.046,1,May 10 2023 23: +0,1683756000
0.071,1,May 11 2023 09: +0,1683792000
0.059,1,May 11 2023 14: +0,1683810000
0.064,1,May 11 2023 18: +0,1683824400
0.055,2,May 11 2023 19: +0,1683828000
0.065,1,May 11 2023 23: +0,1683842400
0.054,1,May 12 2023 01: +0,1683849600
0.066,1,May 12 2023 14: +0,1683896400
0.064,1,May 12 2023 17: +0,1683907200
0.08,1,May 12 2023 19: +0,1683914400
0.056,1,May 12 2023 23: +0,1683928800
0.065,2,May 13 2023 06: +0,1683954000
0.071,1,May 13 2023 21: +0,1684008000
0.072,5,May 14 2023 08: +0,1684047600
0.04,1,May 14 2023 13: +0,1684065600
0.04,1,May 14 2023 18: +0,1684083600
0.06,2,May 14 2023 21: +0,1684094400
0.073,1,May 15 2023 20: +0,1684177200
0.037,1,May 15 2023 21: +0,1684180800
0.074,1,May 15 2023 23: +0,1684188000
0.03,1,May 16 2023 00: +0,1684191600
0.073,1,May 16 2023 04: +0,1684206000
0.06,1,May 16 2023 18: +0,1684256400
0.072,1,May 17 2023 04: +0,1684292400
0.049,1,May 17 2023 08: +0,1684306800
0.061,1,May 17 2023 14: +0,1684328400
0.05,1,May 17 2023 19: +0,1684346400
0.037,1,May 18 2023 03: +0,1684375200
0.064,1,May 18 2023 06: +0,1684386000
0.059,1,May 18 2023 07: +0,1684389600
0.065,1,May 18 2023 08: +0,1684393200
0.065,2,May 18 2023 09: +0,1684396800
0.031,1,May 18 2023 10: +0,1684400400
0.06,1,May 18 2023 17: +0,1684425600
0.06,1,May 18 2023 19: +0,1684432800
0.063,1,May 19 2023 07: +0,1684476000
0.063,1,May 19 2023 08: +0,1684479600
0.04,1,May 19 2023 11: +0,1684490400
0.068,2,May 19 2023 17: +0,1684512000
0.072,1,May 19 2023 18: +0,1684515600
0.072,1,May 20 2023 00: +0,1684537200
0.055,1,May 20 2023 10: +0,1684573200
0.059,1,May 20 2023 11: +0,1684576800
0.063,1,May 20 2023 15: +0,1684591200
0.065,1,May 20 2023 21: +0,1684612800
0.066,1,May 21 2023 11: +0,1684663200
0.049,1,May 21 2023 15: +0,1684677600
0.057,1,May 21 2023 18: +0,1684688400
0.056,1,May 21 2023 19: +0,1684692000
0.06,1,May 21 2023 21: +0,1684699200
0.065,1,May 21 2023 23: +0,1684706400
0.055,2,May 22 2023 18: +0,1684774800
0.058,2,May 22 2023 22: +0,1684789200
0.05,1,May 23 2023 02: +0,1684803600
0.05,1,May 23 2023 06: +0,1684818000
0.05,2,May 23 2023 18: +0,1684861200
0.03,1,May 23 2023 23: +0,1684879200
0.046,1,May 24 2023 02: +0,1684890000
0.05,2,May 24 2023 05: +0,1684900800
0.06,1,May 24 2023 13: +0,1684929600
0.063,1,May 25 2023 04: +0,1684983600
0.06,1,May 25 2023 19: +0,1685037600
0.042,1,May 25 2023 21: +0,1685044800
0.043,1,May 25 2023 23: +0,1685052000
0.041,1,May 26 2023 07: +0,1685080800
0.061,2,May 26 2023 11: +0,1685095200
0.064,1,May 26 2023 13: +0,1685102400
0.066,1,May 26 2023 20: +0,1685127600
0.066,1,May 27 2023 09: +0,1685174400
0.056,1,May 27 2023 11: +0,1685181600
0.052,1,May 27 2023 15: +0,1685196000
0.066,2,May 27 2023 21: +0,1685217600
0.05,1,May 28 2023 03: +0,1685239200
0.066,1,May 28 2023 12: +0,1685271600
0.046,3,May 28 2023 19: +0,1685296800
0.041,1,May 29 2023 00: +0,1685314800
0.041,1,May 29 2023 02: +0,1685322000
0.064,2,May 29 2023 03: +0,1685325600
0.044,1,May 29 2023 12: +0,1685358000
0.046,1,May 29 2023 16: +0,1685372400
0.062,2,May 29 2023 17: +0,1685376000
0.056,2,May 29 2023 18: +0,1685379600
0.065,1,May 29 2023 23: +0,1685397600
0.042,3,May 30 2023 02: +0,1685408400
0.044,1,May 30 2023 04: +0,1685415600
0.065,2,May 30 2023 08: +0,1685430000
0.044,1,May 30 2023 11: +0,1685440800
0.078,1,May 30 2023 18: +0,1685466000
0.044,1,May 30 2023 20: +0,1685473200
0.047,1,May 30 2023 22: +0,1685480400
0.047,1,May 30 2023 23: +0,1685484000
0.065,1,May 31 2023 07: +0,1685512800
0.065,1,May 31 2023 12: +0,1685530800
0.065,1,May 31 2023 13: +0,1685534400
0.073,1,May 31 2023 20: +0,1685559600
0.069,1,May 31 2023 21: +0,1685563200
0.069,1,Jun 01 2023 00: +0,1685574000
0.047,1,Jun 01 2023 07: +0,1685599200
0.047,2,Jun 01 2023 08: +0,1685602800
0.042,1,Jun 01 2023 13: +0,1685620800
0.039,1,Jun 01 2023 14: +0,1685624400
0.045,2,Jun 01 2023 20: +0,1685646000
0.059,1,Jun 01 2023 22: +0,1685653200
0.044,1,Jun 02 2023 01: +0,1685664000
0.046,1,Jun 02 2023 03: +0,1685671200
0.068,1,Jun 02 2023 11: +0,1685700000
0.072,1,Jun 02 2023 15: +0,1685714400
0.068,2,Jun 02 2023 17: +0,1685721600
0.058,1,Jun 02 2023 18: +0,1685725200
0.06,1,Jun 02 2023 20: +0,1685732400
0.064,1,Jun 02 2023 23: +0,1685743200
0.047,1,Jun 03 2023 10: +0,1685782800
0.064,1,Jun 03 2023 14: +0,1685797200
0.046,1,Jun 03 2023 20: +0,1685818800
0.048,1,Jun 04 2023 05: +0,1685851200
0.04,1,Jun 04 2023 12: +0,1685876400
0.043,1,Jun 04 2023 14: +0,1685883600
0.08,2,Jun 04 2023 23: +0,1685916000
0.061,4,Jun 05 2023 08: +0,1685948400
0.044,1,Jun 05 2023 16: +0,1685977200
0.04,1,Jun 05 2023 19: +0,1685988000
0.064,1,Jun 05 2023 20: +0,1685991600
0.044,1,Jun 05 2023 22: +0,1685998800
0.072,1,Jun 06 2023 03: +0,1686016800
0.063,1,Jun 06 2023 12: +0,1686049200
0.039,1,Jun 06 2023 20: +0,1686078000
0.046,1,Jun 07 2023 04: +0,1686106800
0.061,1,Jun 07 2023 19: +0,1686160800
0.061,1,Jun 07 2023 20: +0,1686164400
0.055,2,Jun 08 2023 12: +0,1686222000
0.049,1,Jun 08 2023 17: +0,1686240000
0.072,1,Jun 08 2023 19: +0,1686247200
0.039,1,Jun 08 2023 20: +0,1686250800
0.034,1,Jun 08 2023 21: +0,1686254400
0.062,2,Jun 08 2023 23: +0,1686261600
0.072,1,Jun 09 2023 02: +0,1686272400
0.04,1,Jun 09 2023 16: +0,1686322800
0.058,1,Jun 09 2023 19: +0,1686333600
0.047,1,Jun 10 2023 00: +0,1686351600
0.042,1,Jun 10 2023 01: +0,1686355200
0.062,1,Jun 10 2023 10: +0,1686387600
0.071,1,Jun 10 2023 16: +0,1686409200
0.047,1,Jun 10 2023 19: +0,1686420000
0.056,1,Jun 10 2023 21: +0,1686427200
0.033,2,Jun 11 2023 06: +0,1686459600
0.047,1,Jun 11 2023 09: +0,1686470400
0.061,1,Jun 11 2023 11: +0,1686477600
0.042,1,Jun 11 2023 14: +0,1686488400
0.076,1,Jun 11 2023 22: +0,1686517200
0.071,1,Jun 11 2023 23: +0,1686520800
0.061,1,Jun 12 2023 12: +0,1686567600
0.061,1,Jun 12 2023 14: +0,1686574800
0.048,2,Jun 12 2023 17: +0,1686585600
0.076,1,Jun 12 2023 20: +0,1686596400
0.031,1,Jun 12 2023 22: +0,1686603600
0.047,1,Jun 13 2023 00: +0,1686610800
0.043,1,Jun 13 2023 10: +0,1686646800
0.068,1,Jun 13 2023 12: +0,1686654000
0.076,1,Jun 13 2023 16: +0,1686668400
0.059,2,Jun 13 2023 21: +0,1686686400
0.044,2,Jun 13 2023 22: +0,1686690000
0.06,1,Jun 13 2023 23: +0,1686693600
0.06,1,Jun 14 2023 09: +0,1686729600
0.047,1,Jun 14 2023 11: +0,1686736800
0.059,1,Jun 14 2023 12: +0,1686740400
0.039,1,Jun 14 2023 14: +0,1686747600
0.059,1,Jun 14 2023 17: +0,1686758400
0.047,1,Jun 14 2023 18: +0,1686762000
0.06,1,Jun 14 2023 20: +0,1686769200
0.071,9,Jun 14 2023 23: +0,1686780000
0.063,1,Jun 15 2023 08: +0,1686812400
0.055,1,Jun 15 2023 13: +0,1686830400
0.031,1,Jun 15 2023 15: +0,1686837600
0.061,1,Jun 15 2023 18: +0,1686848400
0.037,1,Jun 15 2023 20: +0,1686855600
0.055,1,Jun 15 2023 22: +0,1686862800
0.055,1,Jun 16 2023 00: +0,1686870000
0.055,1,Jun 16 2023 09: +0,1686902400
0.055,1,Jun 16 2023 14: +0,1686920400
0.068,1,Jun 16 2023 20: +0,1686942000
0.077,1,Jun 17 2023 18: +0,1687021200
0.05,1,Jun 18 2023 16: +0,1687100400
0.059,2,Jun 18 2023 17: +0,1687104000
0.069,1,Jun 18 2023 22: +0,1687122000
0.068,1,Jun 19 2023 05: +0,1687147200
0.038,2,Jun 19 2023 11: +0,1687168800
0.055,1,Jun 19 2023 15: +0,1687183200
0.03,1,Jun 19 2023 23: +0,1687212000
0.068,2,Jun 20 2023 01: +0,1687219200
0.047,1,Jun 20 2023 06: +0,1687237200
0.039,1,Jun 20 2023 07: +0,1687240800
0.046,1,Jun 20 2023 10: +0,1687251600
0.065,1,Jun 20 2023 12: +0,1687258800
0.047,2,Jun 20 2023 15: +0,1687269600
0.047,2,Jun 20 2023 18: +0,1687280400
0.071,1,Jun 21 2023 04: +0,1687316400
0.067,1,Jun 21 2023 13: +0,1687348800
0.05,1,Jun 21 2023 15: +0,1687356000
0.04,1,Jun 22 2023 07: +0,1687413600
0.046,1,Jun 22 2023 08: +0,1687417200
0.069,1,Jun 22 2023 15: +0,1687442400
0.046,1,Jun 22 2023 16: +0,1687446000
0.066,1,Jun 22 2023 21: +0,1687464000
0.055,1,Jun 22 2023 23: +0,1687471200
0.046,1,Jun 23 2023 03: +0,1687485600
0.058,1,Jun 23 2023 13: +0,1687521600
0.066,1,Jun 23 2023 18: +0,1687539600
0.046,1,Jun 24 2023 00: +0,1687561200
0.046,1,Jun 24 2023 09: +0,1687593600
0.066,1,Jun 24 2023 13: +0,1687608000
0.046,1,Jun 24 2023 15: +0,1687615200
0.059,1,Jun 24 2023 16: +0,1687618800
0.046,1,Jun 24 2023 19: +0,1687629600
0.056,1,Jun 25 2023 20: +0,1687719600
0.073,2,Jun 25 2023 22: +0,1687726800
0.046,1,Jun 26 2023 05: +0,1687752000
0.033,1,Jun 26 2023 12: +0,1687777200
0.046,1,Jun 26 2023 14: +0,1687784400
0.063,1,Jun 26 2023 21: +0,1687809600
0.048,1,Jun 27 2023 08: +0,1687849200
0.045,1,Jun 27 2023 10: +0,1687856400
0.067,1,Jun 27 2023 16: +0,1687878000
0.056,1,Jun 27 2023 17: +0,1687881600
0.051,1,Jun 28 2023 06: +0,1687928400
0.045,1,Jun 28 2023 15: +0,1687960800
0.059,2,Jun 28 2023 19: +0,1687975200
0.051,1,Jun 29 2023 02: +0,1688000400
0.069,1,Jun 29 2023 14: +0,1688043600
0.066,2,Jun 29 2023 20: +0,1688065200
0.065,4,Jun 29 2023 21: +0,1688068800
0.034,1,Jun 30 2023 09: +0,1688112000
0.045,2,Jun 30 2023 10: +0,1688115600
0.066,1,Jun 30 2023 14: +0,1688130000
0.065,1,Jun 30 2023 20: +0,1688151600
0.064,1,Jul 01 2023 00: +0,1688166000
0.059,1,Jul 01 2023 19: +0,1688234400
0.054,2,Jul 01 2023 22: +0,1688245200
0.063,1,Jul 02 2023 05: +0,1688270400
0.049,1,Jul 02 2023 10: +0,1688288400
0.04,1,Jul 02 2023 16: +0,1688310000
0.057,1,Jul 03 2023 11: +0,1688378400
0.052,1,Jul 03 2023 20: +0,1688410800
0.042,1,Jul 03 2023 22: +0,1688418000
0.046,1,Jul 04 2023 14: +0,1688475600
0.057,1,Jul 04 2023 19: +0,1688493600
0.042,1,Jul 05 2023 03: +0,1688522400
0.046,1,Jul 05 2023 12: +0,1688554800
0.038,1,Jul 05 2023 13: +0,1688558400
0.042,1,Jul 05 2023 16: +0,1688569200
0.049,1,Jul 06 2023 12: +0,1688641200
0.05,1,Jul 06 2023 22: +0,1688677200
0.037,1,Jul 07 2023 01: +0,1688688000
0.038,1,Jul 07 2023 19: +0,1688752800
0.037,1,Jul 08 2023 04: +0,1688785200
0.038,1,Jul 08 2023 05: +0,1688788800
0.063,3,Jul 08 2023 16: +0,1688828400
0.051,1,Jul 08 2023 20: +0,1688842800
0.05,1,Jul 08 2023 23: +0,1688853600
0.05,1,Jul 09 2023 00: +0,1688857200
0.048,1,Jul 09 2023 03: +0,1688868000
0.04,1,Jul 09 2023 12: +0,1688900400
0.054,2,Jul 09 2023 15: +0,1688911200
0.037,1,Jul 09 2023 18: +0,1688922000
0.033,1,Jul 10 2023 11: +0,1688983200
0.049,1,Jul 11 2023 08: +0,1689058800
0.047,1,Jul 12 2023 10: +0,1689152400
0.049,2,Jul 12 2023 14: +0,1689166800
0.038,1,Jul 13 2023 12: +0,1689246000
0.038,1,Jul 13 2023 13: +0,1689249600
0.046,1,Jul 13 2023 18: +0,1689267600
0.046,1,Jul 13 2023 20: +0,1689274800
0.058,1,Jul 14 2023 06: +0,1689310800
0.039,1,Jul 14 2023 13: +0,1689336000
0.048,1,Jul 14 2023 22: +0,1689368400
0.038,1,Jul 15 2023 00: +0,1689375600
0.048,2,Jul 15 2023 02: +0,1689382800
0.037,1,Jul 15 2023 13: +0,1689422400
0.052,2,Jul 15 2023 18: +0,1689440400
0.041,1,Jul 16 2023 02: +0,1689469200
0.052,2,Jul 16 2023 18: +0,1689526800
0.032,1,Jul 16 2023 20: +0,1689534000
0.053,1,Jul 17 2023 04: +0,1689562800
0.03,1,Jul 17 2023 09: +0,1689580800
0.069,2,Jul 17 2023 19: +0,1689616800
0.052,1,Jul 17 2023 22: +0,1689627600
0.038,1,Jul 18 2023 04: +0,1689649200
0.053,3,Jul 18 2023 19: +0,1689703200
0.062,6,Jul 19 2023 02: +0,1689728400
0.07,1,Jul 19 2023 12: +0,1689764400
0.038,1,Jul 19 2023 18: +0,1689786000
0.054,1,Jul 19 2023 19: +0,1689789600
0.056,5,Jul 20 2023 10: +0,1689843600
0.038,1,Jul 20 2023 17: +0,1689868800
0.063,1,Jul 20 2023 22: +0,1689886800
0.052,1,Jul 21 2023 01: +0,1689897600
0.063,1,Jul 21 2023 14: +0,1689944400
0.051,1,Jul 21 2023 16: +0,1689951600
0.052,1,Jul 21 2023 21: +0,1689969600
0.06,1,Jul 22 2023 07: +0,1690005600
0.054,1,Jul 22 2023 17: +0,1690041600
0.058,1,Jul 22 2023 22: +0,1690059600
0.054,1,Jul 24 2023 02: +0,1690160400
0.058,3,Jul 24 2023 09: +0,1690185600
0.058,3,Jul 24 2023 14: +0,1690203600
0.056,1,Jul 24 2023 19: +0,1690221600
0.053,1,Jul 24 2023 23: +0,1690236000
0.06,1,Jul 25 2023 04: +0,1690254000
0.053,3,Jul 25 2023 12: +0,1690282800
0.054,1,Jul 25 2023 14: +0,1690290000
0.063,3,Jul 25 2023 18: +0,1690304400
0.054,1,Jul 26 2023 00: +0,1690326000
0.046,1,Jul 26 2023 06: +0,1690347600
0.069,2,Jul 26 2023 20: +0,1690398000
0.054,1,Jul 27 2023 07: +0,1690437600
0.054,1,Jul 27 2023 09: +0,1690444800
0.054,1,Jul 27 2023 15: +0,1690466400
0.07,1,Jul 27 2023 16: +0,1690470000
0.054,1,Jul 27 2023 20: +0,1690484400
0.045,1,Jul 28 2023 00: +0,1690498800
0.064,1,Jul 28 2023 16: +0,1690556400
0.053,2,Jul 28 2023 22: +0,1690578000
0.06,1,Jul 29 2023 04: +0,1690599600
0.061,1,Jul 29 2023 10: +0,1690621200
0.078,2,Jul 29 2023 16: +0,1690642800
0.064,1,Jul 29 2023 17: +0,1690646400
0.067,1,Jul 29 2023 20: +0,1690657200
0.066,1,Jul 30 2023 03: +0,1690682400
0.068,1,Jul 30 2023 13: +0,1690718400
0.068,1,Jul 30 2023 15: +0,1690725600
0.06,1,Jul 30 2023 16: +0,1690729200
0.068,1,Jul 30 2023 17: +0,1690732800
0.04,1,Jul 31 2023 08: +0,1690786800
0.078,1,Jul 31 2023 14: +0,1690808400
0.06,1,Jul 31 2023 22: +0,1690837200
0.06,1,Aug 01 2023 11: +0,1690884000
0.061,2,Aug 02 2023 07: +0,1690956000
0.06,1,Aug 02 2023 18: +0,1690995600
0.06,1,Aug 02 2023 19: +0,1690999200
0.063,1,Aug 03 2023 08: +0,1691046000
0.061,2,Aug 03 2023 09: +0,1691049600
0.03,1,Aug 03 2023 11: +0,1691056800
0.06,1,Aug 03 2023 20: +0,1691089200
0.069,1,Aug 04 2023 02: +0,1691110800
0.07,1,Aug 04 2023 09: +0,1691136000
0.038,1,Aug 04 2023 10: +0,1691139600
0.077,5,Aug 05 2023 02: +0,1691197200
0.063,1,Aug 05 2023 08: +0,1691218800
0.087,3,Aug 05 2023 16: +0,1691247600
0.063,2,Aug 05 2023 18: +0,1691254800
0.063,1,Aug 06 2023 08: +0,1691305200
0.05,1,Aug 06 2023 11: +0,1691316000
0.072,1,Aug 06 2023 14: +0,1691326800
0.055,1,Aug 06 2023 18: +0,1691341200
0.055,1,Aug 06 2023 19: +0,1691344800
0.055,1,Aug 06 2023 20: +0,1691348400
0.071,1,Aug 07 2023 23: +0,1691445600
0.07,1,Aug 08 2023 07: +0,1691474400
0.071,2,Aug 08 2023 13: +0,1691496000
0.07,1,Aug 09 2023 09: +0,1691568000
0.055,1,Aug 09 2023 15: +0,1691589600
0.049,1,Aug 10 2023 01: +0,1691625600
0.068,4,Aug 10 2023 21: +0,1691697600
0.087,1,Aug 11 2023 17: +0,1691769600
0.069,1,Aug 12 2023 13: +0,1691841600
0.071,1,Aug 12 2023 17: +0,1691856000
0.072,1,Aug 12 2023 19: +0,1691863200
0.049,3,Aug 13 2023 04: +0,1691895600
0.066,1,Aug 13 2023 17: +0,1691942400
0.049,1,Aug 13 2023 19: +0,1691949600
0.078,1,Aug 13 2023 21: +0,1691956800
0.065,1,Aug 14 2023 00: +0,1691967600
0.055,1,Aug 14 2023 02: +0,1691974800
0.078,2,Aug 14 2023 12: +0,1692010800
0.078,1,Aug 14 2023 14: +0,1692018000
0.078,1,Aug 14 2023 15: +0,1692021600
0.078,1,Aug 14 2023 17: +0,1692028800
0.055,2,Aug 14 2023 18: +0,1692032400
0.046,1,Aug 14 2023 20: +0,1692039600
0.048,1,Aug 14 2023 23: +0,1692050400
0.045,1,Aug 15 2023 10: +0,1692090000
0.055,1,Aug 15 2023 16: +0,1692111600
0.069,2,Aug 16 2023 13: +0,1692187200
0.069,1,Aug 16 2023 23: +0,1692223200
0.054,1,Aug 17 2023 00: +0,1692226800
0.065,1,Aug 17 2023 01: +0,1692230400
0.049,1,Aug 17 2023 13: +0,1692273600
0.069,3,Aug 17 2023 14: +0,1692277200
0.079,1,Aug 17 2023 20: +0,1692298800
0.069,1,Aug 18 2023 11: +0,1692352800
0.069,1,Aug 19 2023 01: +0,1692403200
0.054,1,Aug 19 2023 03: +0,1692410400
0.047,1,Aug 19 2023 08: +0,1692428400
0.069,1,Aug 19 2023 21: +0,1692475200
0.045,1,Aug 20 2023 04: +0,1692500400
0.056,1,Aug 20 2023 12: +0,1692529200
0.045,1,Aug 20 2023 23: +0,1692568800
0.069,2,Aug 21 2023 03: +0,1692583200
0.051,1,Aug 21 2023 04: +0,1692586800
0.072,5,Aug 21 2023 20: +0,1692644400
0.057,1,Aug 21 2023 21: +0,1692648000
0.072,5,Aug 22 2023 00: +0,1692658800
0.055,1,Aug 22 2023 01: +0,1692662400
0.073,1,Aug 22 2023 16: +0,1692716400
0.079,20,Aug 23 2023 17: +0,1692806400
0.079,1,Aug 24 2023 17: +0,1692892800
0.069,2,Aug 27 2023 03: +0,1693101600
0.079,15,Aug 27 2023 04: +0,1693105200
0.079,1,Aug 27 2023 11: +0,1693130400
0.076,2,Aug 27 2023 19: +0,1693159200
0.064,1,Aug 27 2023 20: +0,1693162800
0.078,1,Aug 28 2023 16: +0,1693234800
0.078,1,Aug 28 2023 23: +0,1693260000
0.03,1,Aug 29 2023 00: +0,1693263600
0.057,1,Aug 29 2023 07: +0,1693288800
0.059,1,Aug 29 2023 10: +0,1693299600
0.079,1,Aug 29 2023 14: +0,1693314000
0.085,1,Aug 29 2023 21: +0,1693339200
0.07,1,Aug 30 2023 11: +0,1693389600
0.061,1,Aug 30 2023 13: +0,1693396800
0.05,2,Aug 30 2023 20: +0,1693422000
0.047,1,Aug 30 2023 21: +0,1693425600
0.062,1,Aug 31 2023 03: +0,1693447200
0.078,1,Aug 31 2023 18: +0,1693501200
0.09,1,Aug 31 2023 21: +0,1693512000
0.056,1,Sep 01 2023 01: +0,1693526400
0.046,1,Sep 01 2023 05: +0,1693540800
0.077,1,Sep 01 2023 12: +0,1693566000
0.077,1,Sep 01 2023 17: +0,1693584000
0.049,4,Sep 01 2023 18: +0,1693587600
0.053,1,Sep 02 2023 01: +0,1693612800
0.065,1,Sep 02 2023 14: +0,1693659600
0.056,1,Sep 02 2023 21: +0,1693684800
0.054,1,Sep 03 2023 01: +0,1693699200
0.073,1,Sep 03 2023 07: +0,1693720800
0.056,20,Sep 03 2023 11: +0,1693735200
0.073,1,Sep 04 2023 09: +0,1693814400
0.056,1,Sep 04 2023 14: +0,1693832400
0.059,1,Sep 05 2023 02: +0,1693875600
0.05,1,Sep 05 2023 09: +0,1693900800
0.049,1,Sep 06 2023 11: +0,1693994400
0.064,1,Sep 06 2023 19: +0,1694023200
0.063,1,Sep 06 2023 20: +0,1694026800
0.063,1,Sep 07 2023 00: +0,1694041200
0.063,1,Sep 07 2023 10: +0,1694077200
0.043,1,Sep 07 2023 11: +0,1694080800
0.052,1,Sep 07 2023 14: +0,1694091600
0.063,1,Sep 07 2023 17: +0,1694102400
0.063,1,Sep 07 2023 20: +0,1694113200
0.062,2,Sep 08 2023 09: +0,1694160000
0.062,1,Sep 08 2023 10: +0,1694163600
0.062,2,Sep 08 2023 16: +0,1694185200
0.062,1,Sep 08 2023 17: +0,1694188800
0.077,1,Sep 08 2023 19: +0,1694196000
0.078,1,Sep 08 2023 21: +0,1694203200
0.078,1,Sep 08 2023 22: +0,1694206800
0.064,1,Sep 09 2023 07: +0,1694239200
0.064,7,Sep 09 2023 08: +0,1694242800
0.064,1,Sep 09 2023 12: +0,1694257200
0.064,1,Sep 09 2023 13: +0,1694260800
0.064,1,Sep 09 2023 17: +0,1694275200
0.064,1,Sep 09 2023 18: +0,1694278800
0.054,1,Sep 09 2023 20: +0,1694286000
0.069,1,Sep 09 2023 22: +0,1694293200
0.059,2,Sep 10 2023 12: +0,1694343600
0.072,2,Sep 10 2023 23: +0,1694383200
0.05,1,Sep 11 2023 02: +0,1694394000
0.065,2,Sep 11 2023 16: +0,1694444400
0.064,8,Sep 11 2023 17: +0,1694448000
0.078,1,Sep 11 2023 20: +0,1694458800
0.046,1,Sep 12 2023 00: +0,1694473200
0.034,1,Sep 12 2023 08: +0,1694502000
0.044,1,Sep 12 2023 10: +0,1694509200
0.08,3,Sep 12 2023 15: +0,1694527200
0.065,1,Sep 12 2023 17: +0,1694534400
0.064,1,Sep 12 2023 20: +0,1694545200
0.05,1,Sep 12 2023 21: +0,1694548800
0.059,1,Sep 13 2023 06: +0,1694581200
0.078,3,Sep 13 2023 13: +0,1694606400
0.053,1,Sep 13 2023 17: +0,1694620800
0.053,1,Sep 13 2023 23: +0,1694642400
0.053,1,Sep 14 2023 10: +0,1694682000
0.066,2,Sep 14 2023 12: +0,1694689200
0.066,3,Sep 14 2023 13: +0,1694692800
0.069,1,Sep 14 2023 22: +0,1694725200
0.089,1,Sep 15 2023 03: +0,1694743200
0.077,1,Sep 15 2023 16: +0,1694790000
0.047,1,Sep 16 2023 13: +0,1694865600
0.069,1,Sep 16 2023 15: +0,1694872800
0.086,6,Sep 16 2023 17: +0,1694880000
0.046,1,Sep 17 2023 03: +0,1694916000
0.086,2,Sep 17 2023 12: +0,1694948400
0.086,3,Sep 17 2023 14: +0,1694955600
0.071,1,Sep 17 2023 15: +0,1694959200
0.074,2,Sep 18 2023 06: +0,1695013200
0.046,1,Sep 18 2023 10: +0,1695027600
0.079,2,Sep 18 2023 19: +0,1695060000
0.055,1,Sep 18 2023 21: +0,1695067200
0.076,1,Sep 19 2023 14: +0,1695128400
0.055,1,Sep 19 2023 15: +0,1695132000
0.081,2,Sep 20 2023 15: +0,1695218400
0.08,1,Sep 20 2023 19: +0,1695232800
0.081,1,Sep 20 2023 21: +0,1695240000
0.056,1,Sep 21 2023 10: +0,1695286800
0.09,2,Sep 21 2023 11: +0,1695290400
0.045,1,Sep 21 2023 12: +0,1695294000
0.088,1,Sep 21 2023 19: +0,1695319200
0.075,1,Sep 22 2023 01: +0,1695340800
0.077,1,Sep 22 2023 08: +0,1695366000
0.081,2,Sep 22 2023 12: +0,1695380400
0.083,3,Sep 22 2023 21: +0,1695412800
0.09,1,Sep 23 2023 02: +0,1695430800
0.074,1,Sep 23 2023 12: +0,1695466800
0.053,1,Sep 23 2023 17: +0,1695484800
0.081,1,Sep 24 2023 00: +0,1695510000
0.08,1,Sep 24 2023 13: +0,1695556800
0.07,1,Sep 24 2023 23: +0,1695592800
0.066,1,Sep 25 2023 00: +0,1695596400
0.045,2,Sep 25 2023 16: +0,1695654000
0.04,1,Sep 25 2023 20: +0,1695668400
0.085,1,Sep 26 2023 17: +0,1695744000
0.085,1,Sep 27 2023 12: +0,1695812400
0.085,1,Sep 27 2023 13: +0,1695816000
0.098,4,Sep 28 2023 04: +0,1695870000
0.059,1,Sep 28 2023 08: +0,1695884400
0.087,1,Sep 28 2023 19: +0,1695924000
0.093,1,Sep 28 2023 21: +0,1695931200
0.07,2,Sep 29 2023 06: +0,1695963600
0.046,1,Sep 29 2023 10: +0,1695978000
0.045,4,Sep 29 2023 12: +0,1695985200
0.095,1,Sep 29 2023 18: +0,1696006800
0.07,1,Sep 30 2023 09: +0,1696060800
0.092,1,Sep 30 2023 19: +0,1696096800
0.057,1,Oct 01 2023 17: +0,1696176000
0.078,1,Oct 01 2023 22: +0,1696194000
0.048,1,Oct 02 2023 10: +0,1696237200
0.06,1,Oct 02 2023 20: +0,1696273200
0.057,2,Oct 03 2023 06: +0,1696309200
0.053,1,Oct 03 2023 07: +0,1696312800
0.07,1,Oct 03 2023 19: +0,1696356000
0.059,1,Oct 04 2023 00: +0,1696374000
0.038,1,Oct 04 2023 11: +0,1696413600
0.061,1,Oct 04 2023 12: +0,1696417200
0.069,1,Oct 04 2023 18: +0,1696438800
0.041,1,Oct 05 2023 01: +0,1696464000
0.069,1,Oct 05 2023 12: +0,1696503600
0.045,1,Oct 05 2023 20: +0,1696532400
0.065,2,Oct 05 2023 21: +0,1696536000
0.048,1,Oct 06 2023 00: +0,1696546800
0.048,1,Oct 06 2023 19: +0,1696615200
0.087,1,Oct 06 2023 20: +0,1696618800
0.086,1,Oct 06 2023 21: +0,1696622400
0.086,2,Oct 06 2023 22: +0,1696626000
0.044,1,Oct 07 2023 10: +0,1696669200
0.044,1,Oct 07 2023 16: +0,1696690800
0.03,1,Oct 07 2023 21: +0,1696708800
0.046,1,Oct 08 2023 13: +0,1696766400
0.079,1,Oct 08 2023 17: +0,1696780800
0.065,1,Oct 09 2023 05: +0,1696824000
0.048,1,Oct 09 2023 08: +0,1696834800
0.048,1,Oct 09 2023 09: +0,1696838400
0.055,2,Oct 09 2023 14: +0,1696856400
0.079,1,Oct 09 2023 17: +0,1696867200
0.048,1,Oct 10 2023 14: +0,1696942800
0.09,1,Oct 10 2023 17: +0,1696953600
0.059,1,Oct 10 2023 23: +0,1696975200
0.072,2,Oct 11 2023 03: +0,1696989600
0.048,1,Oct 11 2023 13: +0,1697025600
0.081,1,Oct 11 2023 19: +0,1697047200
0.09,1,Oct 12 2023 07: +0,1697090400
0.081,1,Oct 12 2023 15: +0,1697119200
0.096,1,Oct 12 2023 21: +0,1697140800
0.061,1,Oct 13 2023 00: +0,1697151600
0.069,2,Oct 13 2023 18: +0,1697216400
0.059,1,Oct 13 2023 22: +0,1697230800
0.088,1,Oct 14 2023 14: +0,1697288400
0.078,2,Oct 16 2023 00: +0,1697410800
0.076,1,Oct 16 2023 10: +0,1697446800
0.057,1,Oct 16 2023 12: +0,1697454000
0.05,1,Oct 16 2023 17: +0,1697472000
0.058,1,Oct 17 2023 00: +0,1697497200
0.08,1,Oct 17 2023 14: +0,1697547600
0.084,1,Oct 18 2023 12: +0,1697626800
0.084,1,Oct 18 2023 14: +0,1697634000
0.091,1,Oct 19 2023 03: +0,1697680800
0.05,1,Oct 20 2023 03: +0,1697767200
0.083,1,Oct 20 2023 20: +0,1697828400
0.091,1,Oct 20 2023 22: +0,1697835600
0.084,1,Oct 21 2023 19: +0,1697911200
0.099,1,Oct 22 2023 04: +0,1697943600
0.086,1,Oct 22 2023 17: +0,1697990400
0.076,1,Oct 22 2023 18: +0,1697994000
0.086,1,Oct 22 2023 19: +0,1697997600
0.053,1,Oct 23 2023 01: +0,1698019200
0.054,1,Oct 23 2023 19: +0,1698084000
0.063,1,Oct 24 2023 18: +0,1698166800
0.057,1,Oct 25 2023 00: +0,1698188400
0.063,1,Oct 25 2023 12: +0,1698231600
0.071,1,Oct 25 2023 14: +0,1698238800
0.053,1,Oct 26 2023 01: +0,1698278400
0.082,1,Oct 26 2023 06: +0,1698296400
0.068,2,Oct 26 2023 15: +0,1698328800
0.071,1,Oct 26 2023 17: +0,1698336000
0.078,1,Oct 27 2023 02: +0,1698368400
0.082,2,Oct 27 2023 11: +0,1698400800
0.059,1,Oct 27 2023 17: +0,1698422400
0.059,1,Oct 28 2023 01: +0,1698451200
0.081,1,Oct 28 2023 17: +0,1698508800
0.06,1,Oct 29 2023 02: +0,1698544800
0.067,1,Oct 29 2023 03: +0,1698548400
0.057,1,Oct 29 2023 12: +0,1698580800
0.086,1,Oct 29 2023 16: +0,1698595200
0.056,1,Oct 30 2023 01: +0,1698627600
0.063,1,Oct 30 2023 22: +0,1698703200
0.057,1,Oct 31 2023 21: +0,1698786000
0.073,1,Nov 01 2023 10: +0,1698832800
0.069,1,Nov 01 2023 19: +0,1698865200
0.075,1,Nov 01 2023 23: +0,1698879600
0.063,1,Nov 02 2023 06: +0,1698904800
0.075,1,Nov 02 2023 12: +0,1698926400
0.066,1,Nov 02 2023 18: +0,1698948000
0.074,1,Nov 03 2023 11: +0,1699009200
0.087,1,Nov 03 2023 21: +0,1699045200
0.078,1,Nov 04 2023 13: +0,1699102800
0.071,1,Nov 04 2023 14: +0,1699106400
0.082,2,Nov 04 2023 21: +0,1699131600
0.078,1,Nov 04 2023 23: +0,1699138800
0.089,1,Nov 05 2023 04: +0,1699156800
0.066,1,Nov 05 2023 15: +0,1699196400
0.059,1,Nov 05 2023 18: +0,1699207200
0.079,1,Nov 06 2023 09: +0,1699261200
0.078,1,Nov 06 2023 10: +0,1699264800
0.079,1,Nov 06 2023 11: +0,1699268400
0.082,1,Nov 06 2023 14: +0,1699279200
0.079,1,Nov 06 2023 17: +0,1699290000
0.088,1,Nov 07 2023 13: +0,1699362000
0.081,1,Nov 08 2023 11: +0,1699441200
0.081,1,Nov 08 2023 16: +0,1699459200
0.074,1,Nov 09 2023 14: +0,1699538400
0.067,1,Nov 09 2023 15: +0,1699542000
0.067,1,Nov 09 2023 18: +0,1699552800
0.088,1,Nov 10 2023 09: +0,1699606800
0.082,1,Nov 10 2023 21: +0,1699650000
0.063,1,Nov 10 2023 22: +0,1699653600
0.088,1,Nov 11 2023 01: +0,1699664400
0.058,1,Nov 11 2023 23: +0,1699743600
0.084,6,Nov 12 2023 12: +0,1699790400
0.096,16,Nov 12 2023 23: +0,1699830000
0.095,1,Nov 13 2023 12: +0,1699876800
0.059,1,Nov 13 2023 22: +0,1699912800
0.099,4,Nov 14 2023 17: +0,1699981200
0.053,1,Nov 15 2023 03: +0,1700017200
0.101,1,Nov 15 2023 08: +0,1700035200
0.058,1,Nov 16 2023 00: +0,1700092800
0.055,2,Nov 16 2023 01: +0,1700096400
0.104,1,Nov 16 2023 18: +0,1700157600
0.062,1,Nov 16 2023 23: +0,1700175600
0.04,1,Nov 17 2023 03: +0,1700190000
0.089,1,Nov 17 2023 23: +0,1700262000
0.086,1,Nov 18 2023 02: +0,1700272800
0.089,3,Nov 18 2023 23: +0,1700348400
0.088,1,Nov 19 2023 05: +0,1700370000
0.088,1,Nov 19 2023 06: +0,1700373600
0.05,1,Nov 19 2023 20: +0,1700424000
0.072,1,Nov 20 2023 12: +0,1700481600
0.074,1,Nov 20 2023 15: +0,1700492400
0.082,2,Nov 20 2023 16: +0,1700496000
0.089,1,Nov 20 2023 21: +0,1700514000
0.087,1,Nov 21 2023 15: +0,1700578800
0.05,1,Nov 21 2023 23: +0,1700607600
0.055,1,Nov 22 2023 15: +0,1700665200
0.053,2,Nov 23 2023 06: +0,1700719200
0.05,1,Nov 23 2023 15: +0,1700751600
0.079,1,Nov 23 2023 22: +0,1700776800
0.055,1,Nov 24 2023 02: +0,1700791200
0.045,1,Nov 24 2023 15: +0,1700838000
0.051,1,Nov 24 2023 20: +0,1700856000
0.032,1,Nov 25 2023 01: +0,1700874000
0.051,1,Nov 25 2023 17: +0,1700931600
0.051,2,Nov 25 2023 18: +0,1700935200
0.06,1,Nov 26 2023 14: +0,1701007200
0.048,1,Nov 26 2023 17: +0,1701018000
0.07,1,Nov 26 2023 18: +0,1701021600
0.044,1,Nov 26 2023 21: +0,1701032400
0.072,2,Nov 27 2023 00: +0,1701043200
0.072,1,Nov 27 2023 01: +0,1701046800
0.072,1,Nov 27 2023 03: +0,1701054000
0.05,2,Nov 27 2023 15: +0,1701097200
0.046,1,Nov 27 2023 19: +0,1701111600
0.04,1,Nov 27 2023 23: +0,1701126000
0.042,1,Nov 29 2023 13: +0,1701262800
0.068,1,Nov 29 2023 15: +0,1701270000
0.036,1,Nov 29 2023 22: +0,1701295200
0.044,1,Nov 30 2023 02: +0,1701309600
0.041,1,Nov 30 2023 08: +0,1701331200
0.044,1,Nov 30 2023 10: +0,1701338400
0.064,1,Nov 30 2023 13: +0,1701349200
0.079,1,Nov 30 2023 17: +0,1701363600
0.064,1,Nov 30 2023 22: +0,1701381600
0.034,1,Dec 01 2023 00: +0,1701388800
0.041,1,Dec 01 2023 02: +0,1701396000
0.042,1,Dec 01 2023 03: +0,1701399600
0.069,1,Dec 01 2023 12: +0,1701432000
0.071,4,Dec 01 2023 15: +0,1701442800
0.045,1,Dec 01 2023 17: +0,1701450000
0.071,1,Dec 02 2023 14: +0,1701525600
0.087,1,Dec 02 2023 19: +0,1701543600
0.072,1,Dec 03 2023 03: +0,1701572400
0.067,2,Dec 03 2023 16: +0,1701619200
0.071,1,Dec 03 2023 19: +0,1701630000
0.042,1,Dec 04 2023 00: +0,1701648000
0.042,1,Dec 04 2023 03: +0,1701658800
0.062,1,Dec 06 2023 15: +0,1701874800
0.069,1,Dec 06 2023 17: +0,1701882000
0.069,1,Dec 07 2023 19: +0,1701975600
0.069,1,Dec 08 2023 22: +0,1702072800
0.069,1,Dec 09 2023 00: +0,1702080000
0.042,2,Dec 09 2023 04: +0,1702094400
0.041,1,Dec 09 2023 05: +0,1702098000
0.041,1,Dec 09 2023 07: +0,1702105200
0.044,1,Dec 10 2023 11: +0,1702206000
0.04,1,Dec 11 2023 00: +0,1702252800
0.039,1,Dec 11 2023 06: +0,1702274400
0.065,1,Dec 11 2023 07: +0,1702278000
0.065,1,Dec 11 2023 08: +0,1702281600
0.063,2,Dec 11 2023 13: +0,1702299600
0.059,1,Dec 11 2023 15: +0,1702306800
0.043,1,Dec 11 2023 18: +0,1702317600
0.051,1,Dec 11 2023 19: +0,1702321200
0.068,1,Dec 12 2023 01: +0,1702342800
0.076,1,Dec 12 2023 09: +0,1702371600
0.065,1,Dec 12 2023 18: +0,1702404000
0.067,2,Dec 13 2023 01: +0,1702429200
0.07,2,Dec 14 2023 00: +0,1702512000
0.07,1,Dec 14 2023 21: +0,1702587600
0.036,1,Dec 15 2023 02: +0,1702605600
0.07,1,Dec 15 2023 19: +0,1702666800
0.069,1,Dec 17 2023 00: +0,1702771200
0.069,1,Dec 17 2023 14: +0,1702821600
0.071,1,Dec 19 2023 18: +0,1703008800
0.032,1,Dec 19 2023 22: +0,1703023200
0.063,1,Dec 20 2023 09: +0,1703062800
0.053,2,Dec 20 2023 19: +0,1703098800
0.037,1,Dec 20 2023 20: +0,1703102400
0.037,1,Dec 20 2023 22: +0,1703109600
0.06,1,Dec 21 2023 00: +0,1703116800
0.047,2,Dec 21 2023 11: +0,1703156400
0.079,10,Dec 21 2023 16: +0,1703174400
0.056,1,Dec 22 2023 07: +0,1703228400
0.057,1,Dec 22 2023 10: +0,1703239200
0.072,1,Dec 22 2023 13: +0,1703250000
0.069,1,Dec 22 2023 22: +0,1703282400
0.072,1,Dec 23 2023 02: +0,1703296800
0.072,1,Dec 24 2023 15: +0,1703430000
0.072,3,Dec 24 2023 20: +0,1703448000
0.039,1,Dec 24 2023 23: +0,1703458800
0.039,1,Dec 25 2023 00: +0,1703462400
0.072,1,Dec 25 2023 05: +0,1703480400
0.07,1,Dec 25 2023 17: +0,1703523600
0.041,1,Dec 25 2023 18: +0,1703527200
0.034,2,Dec 25 2023 23: +0,1703545200
0.03,2,Dec 26 2023 17: +0,1703610000
0.03,1,Dec 27 2023 08: +0,1703664000
0.032,1,Dec 27 2023 14: +0,1703685600
0.068,1,Dec 27 2023 18: +0,1703700000
0.068,1,Dec 28 2023 11: +0,1703761200
0.033,1,Dec 29 2023 11: +0,1703847600
0.032,1,Dec 29 2023 14: +0,1703858400
0.032,1,Dec 29 2023 17: +0,1703869200
0.037,1,Dec 29 2023 18: +0,1703872800
0.032,1,Dec 29 2023 19: +0,1703876400
0.032,1,Dec 29 2023 20: +0,1703880000
0.032,1,Dec 30 2023 05: +0,1703912400
0.032,1,Dec 30 2023 14: +0,1703944800
0.039,1,Dec 30 2023 19: +0,1703962800
0.038,1,Dec 31 2023 09: +0,1704013200
0.037,1,Dec 31 2023 20: +0,1704052800
0.041,1,Dec 31 2023 21: +0,1704056400
0.037,1,Jan 01 2024 01: +0,1704070800
0.037,1,Jan 01 2024 03: +0,1704078000
0.071,2,Jan 01 2024 09: +0,1704099600
0.054,1,Jan 01 2024 22: +0,1704146400
0.07,1,Jan 02 2024 02: +0,1704160800
0.055,1,Jan 02 2024 03: +0,1704164400
0.054,1,Jan 02 2024 10: +0,1704189600
0.034,1,Jan 02 2024 12: +0,1704196800
0.032,1,Jan 02 2024 18: +0,1704218400
0.053,1,Jan 02 2024 22: +0,1704232800
0.035,1,Jan 03 2024 01: +0,1704243600
0.048,1,Jan 03 2024 22: +0,1704319200
0.069,1,Jan 04 2024 15: +0,1704380400
0.055,1,Jan 04 2024 20: +0,1704398400
0.054,1,Jan 05 2024 13: +0,1704459600
0.071,1,Jan 05 2024 15: +0,1704466800
0.033,1,Jan 05 2024 19: +0,1704481200
0.043,2,Jan 05 2024 21: +0,1704488400
0.033,1,Jan 05 2024 22: +0,1704492000
0.068,22,Jan 06 2024 01: +0,1704502800
0.03,1,Jan 06 2024 10: +0,1704535200
0.052,1,Jan 06 2024 18: +0,1704564000
0.048,1,Jan 06 2024 19: +0,1704567600
0.069,1,Jan 06 2024 20: +0,1704571200
0.086,5,Jan 06 2024 22: +0,1704578400
0.077,1,Jan 07 2024 11: +0,1704625200
0.106,10,Jan 07 2024 12: +0,1704628800
0.11,10,Jan 07 2024 13: +0,1704632400
0.107,1,Jan 07 2024 18: +0,1704650400
0.063,1,Jan 08 2024 09: +0,1704704400
0.063,1,Jan 08 2024 18: +0,1704736800
0.063,1,Jan 08 2024 19: +0,1704740400
0.106,1,Jan 08 2024 20: +0,1704744000
0.107,1,Jan 08 2024 21: +0,1704747600
0.063,1,Jan 09 2024 00: +0,1704758400
0.107,1,Jan 09 2024 02: +0,1704765600
0.071,2,Jan 09 2024 11: +0,1704798000
0.071,1,Jan 09 2024 17: +0,1704819600
0.063,1,Jan 09 2024 21: +0,1704834000
0.061,2,Jan 10 2024 13: +0,1704891600
0.059,1,Jan 10 2024 23: +0,1704927600
0.06,1,Jan 11 2024 00: +0,1704931200
0.063,1,Jan 11 2024 14: +0,1704981600
0.073,1,Jan 11 2024 22: +0,1705010400
0.061,1,Jan 12 2024 15: +0,1705071600
0.04,1,Jan 13 2024 09: +0,1705136400
0.061,3,Jan 13 2024 10: +0,1705140000
0.063,1,Jan 13 2024 16: +0,1705161600
0.073,1,Jan 13 2024 21: +0,1705179600
0.061,1,Jan 15 2024 14: +0,1705327200
0.084,3,Jan 15 2024 16: +0,1705334400
0.071,1,Jan 16 2024 14: +0,1705413600
0.055,1,Jan 16 2024 16: +0,1705420800
0.099,1,Jan 17 2024 17: +0,1705510800
0.112,28,Jan 17 2024 21: +0,1705525200
0.112,2,Jan 17 2024 22: +0,1705528800
0.112,2,Jan 18 2024 03: +0,1705546800
0.112,6,Jan 18 2024 05: +0,1705554000
0.106,4,Jan 18 2024 15: +0,1705590000
0.107,1,Jan 18 2024 17: +0,1705597200
0.081,2,Jan 19 2024 00: +0,1705622400
0.107,1,Jan 19 2024 21: +0,1705698000
0.087,1,Jan 20 2024 02: +0,1705716000
0.087,1,Jan 20 2024 08: +0,1705737600
0.107,1,Jan 20 2024 23: +0,1705791600
0.107,4,Jan 21 2024 21: +0,1705870800
0.08,1,Jan 22 2024 14: +0,1705932000
0.079,1,Jan 23 2024 08: +0,1705996800
0.079,1,Jan 23 2024 14: +0,1706018400
0.103,1,Jan 23 2024 16: +0,1706025600
0.111,1,Jan 23 2024 19: +0,1706036400
0.079,1,Jan 24 2024 13: +0,1706101200
0.102,1,Jan 24 2024 20: +0,1706126400
0.078,1,Jan 25 2024 04: +0,1706155200
0.079,1,Jan 25 2024 05: +0,1706158800
0.112,1,Jan 25 2024 16: +0,1706198400
0.059,1,Jan 26 2024 09: +0,1706259600
0.046,1,Jan 27 2024 10: +0,1706349600
0.099,1,Jan 28 2024 18: +0,1706464800
0.104,1,Jan 28 2024 21: +0,1706475600
0.099,1,Jan 29 2024 14: +0,1706536800
0.098,1,Jan 29 2024 21: +0,1706562000
0.112,2,Jan 30 2024 10: +0,1706608800
0.102,1,Jan 31 2024 21: +0,1706734800
0.064,1,Feb 01 2024 20: +0,1706817600
0.07,1,Feb 02 2024 21: +0,1706907600
0.07,1,Feb 04 2024 18: +0,1707069600
0.056,1,Feb 05 2024 21: +0,1707166800
0.073,2,Feb 06 2024 18: +0,1707242400
0.052,1,Feb 07 2024 15: +0,1707318000
0.094,1,Feb 08 2024 08: +0,1707379200
0.071,1,Feb 08 2024 13: +0,1707397200
0.101,10,Feb 10 2024 04: +0,1707537600
0.052,1,Feb 10 2024 10: +0,1707559200
0.105,1,Feb 10 2024 17: +0,1707584400
0.064,1,Feb 11 2024 11: +0,1707649200
0.1,1,Feb 11 2024 18: +0,1707674400
0.072,1,Feb 12 2024 07: +0,1707721200
0.072,1,Feb 12 2024 20: +0,1707768000
0.052,1,Feb 12 2024 21: +0,1707771600
0.095,2,Feb 13 2024 00: +0,1707782400
0.052,1,Feb 13 2024 11: +0,1707822000
0.109,1,Feb 13 2024 21: +0,1707858000
0.049,1,Feb 14 2024 08: +0,1707897600
0.049,1,Feb 14 2024 14: +0,1707919200
0.057,1,Feb 14 2024 17: +0,1707930000
0.077,1,Feb 15 2024 04: +0,1707969600
0.067,1,Feb 15 2024 07: +0,1707980400
0.061,1,Feb 15 2024 08: +0,1707984000
0.061,1,Feb 15 2024 22: +0,1708034400
0.06,1,Feb 16 2024 16: +0,1708099200
0.081,3,Feb 17 2024 12: +0,1708171200
0.058,1,Feb 18 2024 03: +0,1708225200
0.095,1,Feb 19 2024 20: +0,1708372800
0.049,1,Feb 19 2024 23: +0,1708383600
0.088,1,Feb 20 2024 03: +0,1708398000
0.045,1,Feb 20 2024 08: +0,1708416000
0.058,2,Feb 21 2024 10: +0,1708509600
0.03,1,Feb 21 2024 12: +0,1708516800
0.061,1,Feb 21 2024 18: +0,1708538400
0.071,1,Feb 22 2024 14: +0,1708610400
0.076,5,Feb 22 2024 21: +0,1708635600
0.051,1,Feb 23 2024 16: +0,1708704000
0.049,1,Feb 23 2024 21: +0,1708722000
0.032,2,Feb 24 2024 00: +0,1708732800
0.075,2,Feb 24 2024 15: +0,1708786800
0.03,1,Feb 25 2024 11: +0,1708858800
0.03,1,Feb 25 2024 21: +0,1708894800
0.03,1,Feb 26 2024 18: +0,1708970400
0.057,1,Feb 28 2024 08: +0,1709107200
0.068,8,Feb 28 2024 14: +0,1709128800
0.047,1,Feb 28 2024 18: +0,1709143200
0.047,1,Feb 28 2024 19: +0,1709146800
0.032,1,Feb 29 2024 08: +0,1709193600
0.047,1,Mar 01 2024 00: +0,1709251200
0.04,1,Mar 01 2024 04: +0,1709265600
0.068,1,Mar 01 2024 12: +0,1709294400
0.077,1,Mar 01 2024 21: +0,1709326800
0.075,1,Mar 01 2024 23: +0,1709334000
0.087,1,Mar 02 2024 04: +0,1709352000
0.076,1,Mar 02 2024 15: +0,1709391600
0.086,1,Mar 02 2024 17: +0,1709398800
0.078,1,Mar 03 2024 12: +0,1709467200
0.078,1,Mar 03 2024 14: +0,1709474400
0.059,2,Mar 04 2024 12: +0,1709553600
0.085,1,Mar 04 2024 18: +0,1709575200
0.086,1,Mar 05 2024 13: +0,1709643600
0.099,1,Mar 05 2024 19: +0,1709665200
0.094,1,Mar 06 2024 11: +0,1709722800
0.096,1,Mar 06 2024 15: +0,1709737200
0.097,1,Mar 06 2024 17: +0,1709744400
0.096,1,Mar 06 2024 22: +0,1709762400
0.051,3,Mar 07 2024 06: +0,1709791200
0.101,1,Mar 07 2024 17: +0,1709830800
0.104,1,Mar 08 2024 17: +0,1709917200
0.081,1,Mar 08 2024 19: +0,1709924400
0.096,2,Mar 08 2024 21: +0,1709931600
0.081,1,Mar 08 2024 22: +0,1709935200
0.099,1,Mar 09 2024 16: +0,1710000000
0.05,1,Mar 09 2024 19: +0,1710010800
0.105,2,Mar 10 2024 09: +0,1710061200
0.062,1,Mar 10 2024 15: +0,1710082800
0.044,1,Mar 10 2024 20: +0,1710100800
0.062,1,Mar 10 2024 23: +0,1710111600
0.117,1,Mar 11 2024 06: +0,1710136800
0.061,1,Mar 11 2024 11: +0,1710154800
0.054,2,Mar 12 2024 07: +0,1710226800
0.077,1,Mar 12 2024 17: +0,1710262800
0.041,1,Mar 12 2024 21: +0,1710277200
0.03,1,Mar 12 2024 23: +0,1710284400
0.045,1,Mar 14 2024 06: +0,1710396000
0.055,1,Mar 14 2024 13: +0,1710421200
0.061,1,Mar 15 2024 10: +0,1710496800
0.061,2,Mar 15 2024 14: +0,1710511200
0.03,1,Mar 16 2024 04: +0,1710561600
0.06,1,Mar 16 2024 15: +0,1710601200
0.06,1,Mar 16 2024 21: +0,1710622800
0.08,1,Mar 17 2024 01: +0,1710637200
0.06,1,Mar 17 2024 14: +0,1710684000
0.071,1,Mar 17 2024 17: +0,1710694800
0.053,1,Mar 17 2024 18: +0,1710698400
0.077,1,Mar 18 2024 00: +0,1710720000
0.051,1,Mar 18 2024 11: +0,1710759600
0.063,1,Mar 18 2024 15: +0,1710774000
0.077,1,Mar 19 2024 14: +0,1710856800
0.085,8,Mar 19 2024 17: +0,1710867600
0.043,1,Mar 19 2024 20: +0,1710878400
0.125,1,Mar 20 2024 18: +0,1710957600
0.051,1,Mar 21 2024 00: +0,1710979200
0.135,1,Mar 21 2024 08: +0,1711008000
0.118,2,Mar 22 2024 12: +0,1711108800
0.147,3,Mar 23 2024 05: +0,1711170000
0.073,1,Mar 23 2024 21: +0,1711227600
0.127,1,Mar 24 2024 16: +0,1711296000
0.079,1,Mar 24 2024 21: +0,1711314000
0.139,2,Mar 25 2024 04: +0,1711339200
0.228,1,Mar 26 2024 14: +0,1711461600
0.087,1,Mar 26 2024 17: +0,1711472400
0.094,1,Mar 27 2024 06: +0,1711519200
0.06,1,Mar 27 2024 13: +0,1711544400
0.083,1,Mar 27 2024 21: +0,1711573200
0.214,1,Mar 29 2024 01: +0,1711674000
0.06,1,Mar 30 2024 10: +0,1711792800
0.103,1,Mar 31 2024 14: +0,1711890000
0.103,1,Mar 31 2024 20: +0,1711911600
0.127,1,Apr 02 2024 11: +0,1712052000
0.103,1,Apr 02 2024 12: +0,1712055600
0.059,1,Apr 02 2024 16: +0,1712070000
0.059,1,Apr 03 2024 18: +0,1712163600
0.105,1,Apr 04 2024 09: +0,1712217600
0.105,1,Apr 05 2024 04: +0,1712286000
0.105,1,Apr 05 2024 05: +0,1712289600
0.108,1,Apr 05 2024 23: +0,1712354400
0.168,1,Apr 06 2024 06: +0,1712379600
0.104,1,Apr 06 2024 14: +0,1712408400
0.104,1,Apr 06 2024 15: +0,1712412000
0.108,1,Apr 07 2024 11: +0,1712484000
0.12,1,Apr 07 2024 16: +0,1712502000
0.061,1,Apr 07 2024 19: +0,1712512800
0.129,1,Apr 08 2024 19: +0,1712599200
0.108,1,Apr 08 2024 20: +0,1712602800
0.082,1,Apr 08 2024 23: +0,1712613600
0.12,1,Apr 10 2024 06: +0,1712725200
0.087,1,Apr 10 2024 21: +0,1712779200
0.109,1,Apr 11 2024 15: +0,1712844000
0.12,1,Apr 12 2024 16: +0,1712934000
0.12,1,Apr 12 2024 21: +0,1712952000
0.104,1,Apr 12 2024 22: +0,1712955600
0.12,2,Apr 13 2024 16: +0,1713020400
0.108,2,Apr 13 2024 19: +0,1713031200
0.112,5,Apr 14 2024 19: +0,1713117600
0.089,1,Apr 14 2024 23: +0,1713132000
0.12,1,Apr 15 2024 15: +0,1713189600
0.092,1,Apr 16 2024 01: +0,1713225600
0.12,1,Apr 16 2024 17: +0,1713283200
0.12,1,Apr 16 2024 18: +0,1713286800
0.068,1,Apr 16 2024 23: +0,1713304800
0.068,2,Apr 17 2024 00: +0,1713308400
0.098,1,Apr 17 2024 11: +0,1713348000
0.03,1,Apr 17 2024 19: +0,1713376800
0.068,1,Apr 18 2024 17: +0,1713456000
0.102,1,Apr 19 2024 06: +0,1713502800
0.102,1,Apr 19 2024 20: +0,1713553200
0.068,1,Apr 20 2024 00: +0,1713567600
0.083,2,Apr 20 2024 20: +0,1713639600
0.068,1,Apr 21 2024 01: +0,1713657600
0.068,1,Apr 21 2024 09: +0,1713686400
0.068,1,Apr 21 2024 19: +0,1713722400
0.068,3,Apr 21 2024 21: +0,1713729600
0.077,1,Apr 22 2024 00: +0,1713740400
0.069,1,Apr 22 2024 10: +0,1713776400
0.059,1,Apr 22 2024 21: +0,1713816000
0.068,1,Apr 23 2024 06: +0,1713848400
0.068,1,Apr 23 2024 16: +0,1713884400
0.068,1,Apr 23 2024 18: +0,1713891600
0.089,1,Apr 23 2024 22: +0,1713906000
0.104,1,Apr 24 2024 01: +0,1713916800
0.104,1,Apr 24 2024 09: +0,1713945600
0.096,2,Apr 24 2024 18: +0,1713978000
0.103,1,Apr 25 2024 04: +0,1714014000
0.068,1,Apr 25 2024 14: +0,1714050000
0.104,1,Apr 25 2024 18: +0,1714064400
0.113,1,Apr 26 2024 21: +0,1714161600
0.039,1,Apr 27 2024 10: +0,1714208400
0.089,2,Apr 27 2024 12: +0,1714215600
0.085,1,Apr 27 2024 22: +0,1714251600
0.077,6,Apr 28 2024 08: +0,1714287600
0.077,5,Apr 28 2024 13: +0,1714305600
0.085,1,Apr 29 2024 00: +0,1714345200
0.085,1,Apr 29 2024 07: +0,1714370400
0.086,1,Apr 30 2024 21: +0,1714507200
0.08,1,May 01 2024 15: +0,1714572000
0.085,1,May 01 2024 17: +0,1714579200
0.088,1,May 02 2024 04: +0,1714618800
0.085,1,May 02 2024 11: +0,1714644000
0.085,1,May 02 2024 18: +0,1714669200
0.085,2,May 02 2024 19: +0,1714672800
0.088,1,May 03 2024 02: +0,1714698000
0.088,1,May 03 2024 13: +0,1714737600
0.085,1,May 03 2024 20: +0,1714762800
0.088,1,May 04 2024 15: +0,1714831200
0.081,1,May 04 2024 19: +0,1714845600
0.089,5,May 04 2024 22: +0,1714856400
0.086,1,May 05 2024 11: +0,1714903200
0.086,1,May 05 2024 15: +0,1714917600
0.112,4,May 05 2024 22: +0,1714942800
0.086,1,May 06 2024 19: +0,1715018400
0.086,1,May 06 2024 21: +0,1715025600
0.086,1,May 07 2024 18: +0,1715101200
0.086,1,May 08 2024 16: +0,1715180400
0.089,2,May 08 2024 21: +0,1715198400
0.089,1,May 09 2024 07: +0,1715234400
0.099,2,May 10 2024 00: +0,1715295600
0.085,1,May 10 2024 17: +0,1715356800
0.085,1,May 10 2024 20: +0,1715367600
0.085,1,May 11 2024 07: +0,1715407200
0.085,1,May 11 2024 12: +0,1715425200
0.092,1,May 11 2024 20: +0,1715454000
0.098,1,May 12 2024 10: +0,1715504400
0.085,1,May 12 2024 17: +0,1715529600
0.094,1,May 12 2024 20: +0,1715540400
0.085,1,May 13 2024 11: +0,1715594400
0.092,1,May 13 2024 21: +0,1715630400
0.111,4,May 14 2024 14: +0,1715691600
0.111,1,May 14 2024 17: +0,1715702400
0.111,1,May 14 2024 19: +0,1715709600
0.111,1,May 14 2024 22: +0,1715720400
0.111,1,May 15 2024 10: +0,1715763600
0.111,1,May 16 2024 02: +0,1715821200
0.119,1,May 17 2024 14: +0,1715950800
0.12,1,May 17 2024 22: +0,1715979600
0.118,1,May 18 2024 14: +0,1716037200
0.094,1,May 18 2024 19: +0,1716055200
0.088,1,May 19 2024 09: +0,1716105600
0.118,1,May 20 2024 12: +0,1716202800
0.102,1,May 21 2024 08: +0,1716274800
0.094,1,May 21 2024 19: +0,1716314400
0.094,1,May 22 2024 05: +0,1716350400
0.095,1,May 23 2024 00: +0,1716418800
0.09,1,May 23 2024 04: +0,1716433200
0.1,2,May 23 2024 12: +0,1716462000
0.096,1,May 23 2024 23: +0,1716501600
0.102,1,May 24 2024 09: +0,1716537600
0.096,1,May 24 2024 22: +0,1716584400
0.094,1,May 25 2024 02: +0,1716598800
0.094,1,May 26 2024 15: +0,1716732000
0.102,1,May 26 2024 18: +0,1716742800
0.055,1,May 27 2024 11: +0,1716804000
0.094,1,May 27 2024 16: +0,1716822000
0.102,2,May 28 2024 03: +0,1716861600
0.118,1,May 28 2024 08: +0,1716879600
0.111,1,May 29 2024 01: +0,1716940800
0.055,1,May 29 2024 05: +0,1716955200
0.118,1,May 30 2024 11: +0,1717063200
0.118,1,May 31 2024 09: +0,1717142400
0.118,1,Jun 01 2024 10: +0,1717232400
0.108,1,Jun 02 2024 12: +0,1717326000
0.118,1,Jun 03 2024 10: +0,1717405200
0.085,2,Jun 03 2024 15: +0,1717423200
0.125,1,Jun 03 2024 18: +0,1717434000
0.118,1,Jun 04 2024 17: +0,1717516800
0.103,2,Jun 04 2024 19: +0,1717524000
0.118,1,Jun 05 2024 10: +0,1717578000
0.103,1,Jun 06 2024 04: +0,1717642800
0.103,1,Jun 06 2024 09: +0,1717660800
0.111,1,Jun 06 2024 10: +0,1717664400
0.118,1,Jun 06 2024 17: +0,1717689600
0.126,1,Jun 07 2024 10: +0,1717750800
0.085,1,Jun 08 2024 03: +0,1717812000
0.118,1,Jun 08 2024 15: +0,1717855200
0.118,1,Jun 09 2024 13: +0,1717934400
0.118,1,Jun 09 2024 15: +0,1717941600
0.085,1,Jun 09 2024 22: +0,1717966800
0.119,1,Jun 10 2024 04: +0,1717988400
0.119,1,Jun 10 2024 07: +0,1717999200
0.134,1,Jun 10 2024 10: +0,1718010000
0.126,1,Jun 11 2024 10: +0,1718096400
0.103,1,Jun 11 2024 18: +0,1718125200
0.103,1,Jun 12 2024 23: +0,1718229600
0.126,1,Jun 13 2024 04: +0,1718247600
0.128,1,Jun 13 2024 12: +0,1718276400
0.094,1,Jun 13 2024 21: +0,1718308800
0.126,1,Jun 14 2024 00: +0,1718319600
0.126,1,Jun 14 2024 19: +0,1718388000
0.101,1,Jun 15 2024 00: +0,1718406000
0.101,1,Jun 15 2024 04: +0,1718420400
