price,quantity,date,unix timestamp
0.033,93,Nov 19 2019 01: +0,1574125200
0.035,83,Nov 20 2019 01: +0,1574211600
0.03,56,Nov 21 2019 01: +0,1574298000
0.03,65,Nov 22 2019 01: +0,1574384400
0.033,59,Nov 23 2019 01: +0,1574470800
0.035,40,Nov 24 2019 01: +0,1574557200
0.033,41,Nov 25 2019 01: +0,1574643600
0.043,44,Nov 26 2019 01: +0,1574730000
0.047,43,Nov 27 2019 01: +0,1574816400
0.03,30,Nov 28 2019 01: +0,1574902800
0.076,46,Nov 29 2019 01: +0,1574989200
0.064,35,Nov 30 2019 01: +0,1575075600
0.053,44,Dec 01 2019 01: +0,1575162000
0.057,23,Dec 02 2019 01: +0,1575248400
0.06,29,Dec 03 2019 01: +0,1575334800
0.03,57,Dec 04 2019 01: +0,1575421200
0.034,51,Dec 05 2019 01: +0,1575507600
0.039,47,Dec 06 2019 01: +0,1575594000
0.038,32,Dec 07 2019 01: +0,1575680400
0.041,34,Dec 08 2019 01: +0,1575766800
0.037,29,Dec 09 2019 01: +0,1575853200
0.052,24,Dec 10 2019 01: +0,1575939600
0.038,33,Dec 11 2019 01: +0,1576026000
0.051,36,Dec 12 2019 01: +0,1576112400
0.054,41,Dec 13 2019 01: +0,1576198800
0.068,36,Dec 14 2019 01: +0,1576285200
0.075,26,Dec 15 2019 01: +0,1576371600
0.076,27,Dec 16 2019 01: +0,1576458000
0.092,29,Dec 17 2019 01: +0,1576544400
0.086,39,Dec 18 2019 01: +0,1576630800
0.091,35,Dec 19 2019 01: +0,1576717200
0.083,33,Dec 20 2019 01: +0,1576803600
0.108,36,Dec 21 2019 01: +0,1576890000
0.123,21,Dec 22 2019 01: +0,1576976400
0.12,17,Dec 23 2019 01: +0,1577062800
0.159,26,Dec 24 2019 01: +0,1577149200
0.067,70,Dec 25 2019 01: +0,1577235600
0.084,39,Dec 26 2019 01: +0,1577322000
0.095,38,Dec 27 2019 01: +0,1577408400
0.108,41,Dec 28 2019 01: +0,1577494800
0.105,27,Dec 29 2019 01: +0,1577581200
0.097,47,Dec 30 2019 01: +0,1577667600
0.076,30,Dec 31 2019 01: +0,1577754000
0.085,35,Jan 01 2020 01: +0,1577840400
0.078,42,Jan 02 2020 01: +0,1577926800
0.068,39,Jan 03 2020 01: +0,1578013200
0.087,33,Jan 04 2020 01: +0,1578099600
0.088,22,Jan 05 2020 01: +0,1578186000
0.086,33,Jan 06 2020 01: +0,1578272400
0.099,43,Jan 07 2020 01: +0,1578358800
0.094,45,Jan 08 2020 01: +0,1578445200
0.096,42,Jan 09 2020 01: +0,1578531600
0.094,31,Jan 10 2020 01: +0,1578618000
0.093,36,Jan 11 2020 01: +0,1578704400
0.098,49,Jan 12 2020 01: +0,1578790800
0.097,24,Jan 13 2020 01: +0,1578877200
0.083,39,Jan 14 2020 01: +0,1578963600
0.082,95,Jan 15 2020 01: +0,1579050000
0.071,46,Jan 16 2020 01: +0,1579136400
0.07,65,Jan 17 2020 01: +0,1579222800
0.075,60,Jan 18 2020 01: +0,1579309200
0.079,47,Jan 19 2020 01: +0,1579395600
0.088,40,Jan 20 2020 01: +0,1579482000
0.076,34,Jan 21 2020 01: +0,1579568400
0.07,36,Jan 22 2020 01: +0,1579654800
0.067,54,Jan 23 2020 01: +0,1579741200
0.066,56,Jan 24 2020 01: +0,1579827600
0.069,46,Jan 25 2020 01: +0,1579914000
0.063,54,Jan 26 2020 01: +0,1580000400
0.066,40,Jan 27 2020 01: +0,1580086800
0.067,61,Jan 28 2020 01: +0,1580173200
0.059,95,Jan 29 2020 01: +0,1580259600
0.054,96,Jan 30 2020 01: +0,1580346000
0.06,46,Jan 31 2020 01: +0,1580432400
0.056,55,Feb 01 2020 01: +0,1580518800
0.068,53,Feb 02 2020 01: +0,1580605200
0.076,26,Feb 03 2020 01: +0,1580691600
0.077,46,Feb 04 2020 01: +0,1580778000
0.077,63,Feb 05 2020 01: +0,1580864400
0.076,61,Feb 06 2020 01: +0,1580950800
0.07,65,Feb 07 2020 01: +0,1581037200
0.069,95,Feb 08 2020 01: +0,1581123600
0.064,52,Feb 09 2020 01: +0,1581210000
0.06,81,Feb 10 2020 01: +0,1581296400
0.065,65,Feb 11 2020 01: +0,1581382800
0.064,73,Feb 12 2020 01: +0,1581469200
0.061,64,Feb 13 2020 01: +0,1581555600
0.06,71,Feb 14 2020 01: +0,1581642000
0.058,64,Feb 15 2020 01: +0,1581728400
0.065,74,Feb 16 2020 01: +0,1581814800
0.061,58,Feb 17 2020 01: +0,1581901200
0.06,54,Feb 18 2020 01: +0,1581987600
0.057,112,Feb 19 2020 01: +0,1582074000
0.058,99,Feb 20 2020 01: +0,1582160400
0.053,62,Feb 21 2020 01: +0,1582246800
0.051,71,Feb 22 2020 01: +0,1582333200
0.052,77,Feb 23 2020 01: +0,1582419600
0.051,76,Feb 24 2020 01: +0,1582506000
0.048,86,Feb 25 2020 01: +0,1582592400
0.046,75,Feb 26 2020 01: +0,1582678800
0.046,77,Feb 27 2020 01: +0,1582765200
0.041,71,Feb 28 2020 01: +0,1582851600
0.04,131,Feb 29 2020 01: +0,1582938000
0.039,86,Mar 01 2020 01: +0,1583024400
0.039,88,Mar 02 2020 01: +0,1583110800
0.04,88,Mar 03 2020 01: +0,1583197200
0.038,90,Mar 04 2020 01: +0,1583283600
0.034,91,Mar 05 2020 01: +0,1583370000
0.037,87,Mar 06 2020 01: +0,1583456400
0.033,68,Mar 07 2020 01: +0,1583542800
0.033,121,Mar 08 2020 01: +0,1583629200
0.031,79,Mar 09 2020 01: +0,1583715600
0.032,99,Mar 10 2020 01: +0,1583802000
0.03,59,Mar 11 2020 01: +0,1583888400
0.031,76,Mar 12 2020 01: +0,1583974800
0.032,76,Mar 13 2020 01: +0,1584061200
0.03,72,Mar 14 2020 01: +0,1584147600
0.03,76,Mar 15 2020 01: +0,1584234000
0.031,91,Mar 16 2020 01: +0,1584320400
0.03,74,Mar 17 2020 01: +0,1584406800
0.03,82,Mar 18 2020 01: +0,1584493200
0.032,74,Mar 19 2020 01: +0,1584579600
0.031,72,Mar 20 2020 01: +0,1584666000
0.031,61,Mar 21 2020 01: +0,1584752400
0.034,67,Mar 22 2020 01: +0,1584838800
0.036,66,Mar 23 2020 01: +0,1584925200
0.037,80,Mar 24 2020 01: +0,1585011600
0.036,99,Mar 25 2020 01: +0,1585098000
0.032,40,Mar 26 2020 01: +0,1585184400
0.033,57,Mar 27 2020 01: +0,1585270800
0.032,71,Mar 28 2020 01: +0,1585357200
0.033,83,Mar 29 2020 01: +0,1585443600
0.03,56,Mar 30 2020 01: +0,1585526400
0.032,116,Mar 31 2020 01: +0,1585612800
0.033,88,Apr 01 2020 01: +0,1585699200
0.033,72,Apr 02 2020 01: +0,1585785600
0.035,80,Apr 03 2020 01: +0,1585872000
0.036,86,Apr 04 2020 01: +0,1585958400
0.039,85,Apr 05 2020 01: +0,1586044800
0.041,85,Apr 06 2020 01: +0,1586131200
0.042,66,Apr 07 2020 01: +0,1586217600
0.042,87,Apr 08 2020 01: +0,1586304000
0.042,47,Apr 09 2020 01: +0,1586390400
0.043,67,Apr 10 2020 01: +0,1586476800
0.046,71,Apr 11 2020 01: +0,1586563200
0.054,75,Apr 12 2020 01: +0,1586649600
0.055,49,Apr 13 2020 01: +0,1586736000
0.054,49,Apr 14 2020 01: +0,1586822400
0.048,45,Apr 15 2020 01: +0,1586908800
0.053,68,Apr 16 2020 01: +0,1586995200
0.055,40,Apr 17 2020 01: +0,1587081600
0.053,50,Apr 18 2020 01: +0,1587168000
0.057,39,Apr 19 2020 01: +0,1587254400
0.061,39,Apr 20 2020 01: +0,1587340800
0.065,33,Apr 21 2020 01: +0,1587427200
0.064,30,Apr 22 2020 01: +0,1587513600
0.057,25,Apr 23 2020 01: +0,1587600000
0.053,28,Apr 24 2020 01: +0,1587686400
0.057,31,Apr 25 2020 01: +0,1587772800
0.053,42,Apr 26 2020 01: +0,1587859200
0.055,45,Apr 27 2020 01: +0,1587945600
0.057,30,Apr 28 2020 01: +0,1588032000
0.059,29,Apr 29 2020 01: +0,1588118400
0.056,41,Apr 30 2020 01: +0,1588204800
0.067,41,May 01 2020 01: +0,1588291200
0.069,34,May 02 2020 01: +0,1588377600
0.07,50,May 03 2020 01: +0,1588464000
0.066,30,May 04 2020 01: +0,1588550400
0.076,39,May 05 2020 01: +0,1588636800
0.082,27,May 06 2020 01: +0,1588723200
0.082,37,May 07 2020 01: +0,1588809600
0.085,23,May 08 2020 01: +0,1588896000
0.089,30,May 09 2020 01: +0,1588982400
0.093,26,May 10 2020 01: +0,1589068800
0.087,21,May 11 2020 01: +0,1589155200
0.096,33,May 12 2020 01: +0,1589241600
0.094,28,May 13 2020 01: +0,1589328000
0.098,19,May 14 2020 01: +0,1589414400
0.096,24,May 15 2020 01: +0,1589500800
0.094,21,May 16 2020 01: +0,1589587200
0.104,38,May 17 2020 01: +0,1589673600
0.106,39,May 18 2020 01: +0,1589760000
0.135,22,May 19 2020 01: +0,1589846400
0.153,18,May 20 2020 01: +0,1589932800
0.147,24,May 21 2020 01: +0,1590019200
0.163,14,May 22 2020 01: +0,1590105600
0.16,21,May 23 2020 01: +0,1590192000
0.148,15,May 24 2020 01: +0,1590278400
0.135,27,May 25 2020 01: +0,1590364800
0.138,25,May 26 2020 01: +0,1590451200
0.148,23,May 27 2020 01: +0,1590537600
0.126,30,May 28 2020 01: +0,1590624000
0.137,20,May 29 2020 01: +0,1590710400
0.141,17,May 30 2020 01: +0,1590796800
0.153,13,May 31 2020 01: +0,1590883200
0.152,14,Jun 01 2020 01: +0,1590969600
0.148,20,Jun 02 2020 01: +0,1591056000
0.146,23,Jun 03 2020 01: +0,1591142400
0.159,16,Jun 04 2020 01: +0,1591228800
0.145,17,Jun 05 2020 01: +0,1591315200
0.149,9,Jun 06 2020 01: +0,1591401600
0.135,18,Jun 07 2020 01: +0,1591488000
0.146,17,Jun 08 2020 01: +0,1591574400
0.134,24,Jun 09 2020 01: +0,1591660800
0.137,16,Jun 10 2020 01: +0,1591747200
0.142,14,Jun 11 2020 01: +0,1591833600
0.138,24,Jun 12 2020 01: +0,1591920000
0.128,10,Jun 13 2020 01: +0,1592006400
0.127,46,Jun 14 2020 01: +0,1592092800
0.119,24,Jun 15 2020 01: +0,1592179200
0.123,17,Jun 16 2020 01: +0,1592265600
0.122,29,Jun 17 2020 01: +0,1592352000
0.127,13,Jun 18 2020 01: +0,1592438400
0.104,15,Jun 19 2020 01: +0,1592524800
0.103,25,Jun 20 2020 01: +0,1592611200
0.106,25,Jun 21 2020 01: +0,1592697600
0.114,21,Jun 22 2020 01: +0,1592784000
0.127,17,Jun 23 2020 01: +0,1592870400
0.13,26,Jun 24 2020 01: +0,1592956800
0.128,17,Jun 25 2020 01: +0,1593043200
0.12,22,Jun 26 2020 01: +0,1593129600
0.1,21,Jun 27 2020 01: +0,1593216000
0.107,19,Jun 28 2020 01: +0,1593302400
0.094,24,Jun 29 2020 01: +0,1593388800
0.104,13,Jun 30 2020 01: +0,1593475200
0.102,17,Jul 01 2020 01: +0,1593561600
0.105,19,Jul 02 2020 01: +0,1593648000
0.107,27,Jul 03 2020 01: +0,1593734400
0.109,19,Jul 04 2020 01: +0,1593820800
0.103,38,Jul 05 2020 01: +0,1593907200
0.136,29,Jul 06 2020 01: +0,1593993600
0.132,17,Jul 07 2020 01: +0,1594080000
0.131,21,Jul 08 2020 01: +0,1594166400
0.137,9,Jul 09 2020 01: +0,1594252800
0.128,9,Jul 10 2020 01: +0,1594339200
0.137,16,Jul 11 2020 01: +0,1594425600
0.134,7,Jul 12 2020 01: +0,1594512000
0.134,11,Jul 13 2020 01: +0,1594598400
0.135,16,Jul 14 2020 01: +0,1594684800
0.138,15,Jul 15 2020 01: +0,1594771200
0.197,47,Jul 16 2020 01: +0,1594857600
0.186,10,Jul 17 2020 01: +0,1594944000
0.196,14,Jul 18 2020 01: +0,1595030400
0.203,13,Jul 19 2020 01: +0,1595116800
0.174,17,Jul 20 2020 01: +0,1595203200
0.196,19,Jul 21 2020 01: +0,1595289600
0.17,9,Jul 22 2020 01: +0,1595376000
0.161,7,Jul 23 2020 01: +0,1595462400
0.169,29,Jul 24 2020 01: +0,1595548800
0.155,10,Jul 25 2020 01: +0,1595635200
0.14,19,Jul 26 2020 01: +0,1595721600
0.16,18,Jul 27 2020 01: +0,1595808000
0.167,23,Jul 28 2020 01: +0,1595894400
0.184,28,Jul 29 2020 01: +0,1595980800
0.181,12,Jul 30 2020 01: +0,1596067200
0.183,10,Jul 31 2020 01: +0,1596153600
0.194,16,Aug 01 2020 01: +0,1596240000
0.163,13,Aug 02 2020 01: +0,1596326400
0.163,13,Aug 03 2020 01: +0,1596412800
0.187,14,Aug 04 2020 01: +0,1596499200
0.18,10,Aug 05 2020 01: +0,1596585600
0.187,10,Aug 06 2020 01: +0,1596672000
0.178,10,Aug 07 2020 01: +0,1596758400
0.169,18,Aug 08 2020 01: +0,1596844800
0.165,8,Aug 09 2020 01: +0,1596931200
0.168,12,Aug 10 2020 01: +0,1597017600
0.148,15,Aug 11 2020 01: +0,1597104000
0.154,12,Aug 12 2020 01: +0,1597190400
0.157,10,Aug 13 2020 01: +0,1597276800
0.144,9,Aug 14 2020 01: +0,1597363200
0.146,16,Aug 15 2020 01: +0,1597449600
0.147,18,Aug 16 2020 01: +0,1597536000
0.138,13,Aug 17 2020 01: +0,1597622400
0.136,15,Aug 18 2020 01: +0,1597708800
0.145,14,Aug 19 2020 01: +0,1597795200
0.131,11,Aug 20 2020 01: +0,1597881600
0.145,16,Aug 21 2020 01: +0,1597968000
0.153,9,Aug 22 2020 01: +0,1598054400
0.157,13,Aug 23 2020 01: +0,1598140800
0.149,8,Aug 24 2020 01: +0,1598227200
0.135,8,Aug 25 2020 01: +0,1598313600
0.142,16,Aug 26 2020 01: +0,1598400000
0.145,15,Aug 27 2020 01: +0,1598486400
0.144,12,Aug 28 2020 01: +0,1598572800
0.151,13,Aug 29 2020 01: +0,1598659200
0.158,11,Aug 30 2020 01: +0,1598745600
0.15,6,Aug 31 2020 01: +0,1598832000
0.148,6,Sep 01 2020 01: +0,1598918400
0.153,15,Sep 02 2020 01: +0,1599004800
0.16,8,Sep 03 2020 01: +0,1599091200
0.16,13,Sep 04 2020 01: +0,1599177600
0.141,7,Sep 05 2020 01: +0,1599264000
0.149,16,Sep 06 2020 01: +0,1599350400
0.134,12,Sep 07 2020 01: +0,1599436800
0.152,9,Sep 08 2020 01: +0,1599523200
0.152,19,Sep 09 2020 01: +0,1599609600
0.168,7,Sep 10 2020 01: +0,1599696000
0.155,5,Sep 11 2020 01: +0,1599782400
0.154,14,Sep 12 2020 01: +0,1599868800
0.147,9,Sep 13 2020 01: +0,1599955200
0.154,9,Sep 14 2020 01: +0,1600041600
0.152,19,Sep 15 2020 01: +0,1600128000
0.129,9,Sep 16 2020 01: +0,1600214400
0.132,23,Sep 17 2020 01: +0,1600300800
0.131,13,Sep 18 2020 01: +0,1600387200
0.139,8,Sep 19 2020 01: +0,1600473600
0.144,19,Sep 20 2020 01: +0,1600560000
0.151,11,Sep 21 2020 01: +0,1600646400
0.143,11,Sep 22 2020 01: +0,1600732800
0.127,13,Sep 23 2020 01: +0,1600819200
0.124,8,Sep 24 2020 01: +0,1600905600
0.123,10,Sep 25 2020 01: +0,1600992000
0.122,20,Sep 26 2020 01: +0,1601078400
0.125,19,Sep 27 2020 01: +0,1601164800
0.115,18,Sep 28 2020 01: +0,1601251200
0.125,15,Sep 29 2020 01: +0,1601337600
0.135,13,Sep 30 2020 01: +0,1601424000
0.154,23,Oct 01 2020 01: +0,1601510400
0.156,6,Oct 02 2020 01: +0,1601596800
0.152,17,Oct 03 2020 01: +0,1601683200
0.157,13,Oct 04 2020 01: +0,1601769600
0.155,34,Oct 05 2020 01: +0,1601856000
0.158,13,Oct 06 2020 01: +0,1601942400
0.155,6,Oct 07 2020 01: +0,1602028800
0.139,9,Oct 08 2020 01: +0,1602115200
0.145,11,Oct 09 2020 01: +0,1602201600
0.142,7,Oct 10 2020 01: +0,1602288000
0.144,23,Oct 11 2020 01: +0,1602374400
0.144,8,Oct 12 2020 01: +0,1602460800
0.136,15,Oct 13 2020 01: +0,1602547200
0.142,8,Oct 14 2020 01: +0,1602633600
0.144,9,Oct 15 2020 01: +0,1602720000
0.15,9,Oct 16 2020 01: +0,1602806400
0.154,7,Oct 17 2020 01: +0,1602892800
0.163,26,Oct 18 2020 01: +0,1602979200
0.166,17,Oct 19 2020 01: +0,1603065600
0.17,5,Oct 20 2020 01: +0,1603152000
0.165,15,Oct 21 2020 01: +0,1603238400
0.167,11,Oct 22 2020 01: +0,1603324800
0.165,8,Oct 23 2020 01: +0,1603411200
0.157,8,Oct 24 2020 01: +0,1603497600
0.162,9,Oct 25 2020 01: +0,1603584000
0.164,7,Oct 26 2020 01: +0,1603674000
0.159,12,Oct 27 2020 01: +0,1603760400
0.166,6,Oct 28 2020 01: +0,1603846800
0.146,9,Oct 29 2020 01: +0,1603933200
0.146,9,Oct 30 2020 01: +0,1604019600
0.156,9,Oct 31 2020 01: +0,1604106000
0.151,8,Nov 01 2020 01: +0,1604192400
0.132,14,Nov 02 2020 01: +0,1604278800
0.142,8,Nov 03 2020 01: +0,1604365200
0.142,12,Nov 04 2020 01: +0,1604451600
0.145,10,Nov 05 2020 01: +0,1604538000
0.146,10,Nov 06 2020 01: +0,1604624400
0.136,12,Nov 07 2020 01: +0,1604710800
0.157,14,Nov 08 2020 01: +0,1604797200
0.153,10,Nov 09 2020 01: +0,1604883600
0.157,19,Nov 10 2020 01: +0,1604970000
0.165,6,Nov 11 2020 01: +0,1605056400
0.167,10,Nov 12 2020 01: +0,1605142800
0.17,6,Nov 13 2020 01: +0,1605229200
0.163,15,Nov 14 2020 01: +0,1605315600
0.157,15,Nov 15 2020 01: +0,1605402000
0.173,15,Nov 16 2020 01: +0,1605488400
0.157,10,Nov 17 2020 01: +0,1605574800
0.179,12,Nov 18 2020 01: +0,1605661200
0.181,14,Nov 19 2020 01: +0,1605747600
0.201,11,Nov 20 2020 01: +0,1605834000
0.222,12,Nov 21 2020 01: +0,1605920400
0.216,9,Nov 22 2020 01: +0,1606006800
0.23,19,Nov 23 2020 01: +0,1606093200
0.234,4,Nov 24 2020 01: +0,1606179600
0.207,9,Nov 25 2020 01: +0,1606266000
0.195,12,Nov 26 2020 01: +0,1606352400
0.192,12,Nov 27 2020 01: +0,1606438800
0.173,13,Nov 28 2020 01: +0,1606525200
0.178,8,Nov 29 2020 01: +0,1606611600
0.181,8,Nov 30 2020 01: +0,1606698000
0.167,18,Dec 01 2020 01: +0,1606784400
0.16,11,Dec 02 2020 01: +0,1606870800
0.164,8,Dec 03 2020 01: +0,1606957200
0.135,14,Dec 04 2020 01: +0,1607043600
0.123,5,Dec 05 2020 01: +0,1607130000
0.122,25,Dec 06 2020 01: +0,1607216400
0.126,22,Dec 07 2020 01: +0,1607302800
0.124,11,Dec 08 2020 01: +0,1607389200
0.129,4,Dec 09 2020 01: +0,1607475600
0.138,6,Dec 10 2020 01: +0,1607562000
0.133,8,Dec 11 2020 01: +0,1607648400
0.135,16,Dec 12 2020 01: +0,1607734800
0.143,17,Dec 13 2020 01: +0,1607821200
0.145,15,Dec 14 2020 01: +0,1607907600
0.164,12,Dec 15 2020 01: +0,1607994000
0.198,31,Dec 16 2020 01: +0,1608080400
0.199,9,Dec 17 2020 01: +0,1608166800
0.208,12,Dec 18 2020 01: +0,1608253200
0.186,18,Dec 19 2020 01: +0,1608339600
0.208,15,Dec 20 2020 01: +0,1608426000
0.214,4,Dec 21 2020 01: +0,1608512400
0.203,10,Dec 22 2020 01: +0,1608598800
0.192,6,Dec 23 2020 01: +0,1608685200
0.194,18,Dec 24 2020 01: +0,1608771600
0.196,17,Dec 25 2020 01: +0,1608858000
0.196,17,Dec 26 2020 01: +0,1608944400
0.207,11,Dec 27 2020 01: +0,1609030800
0.215,19,Dec 28 2020 01: +0,1609117200
0.219,16,Dec 29 2020 01: +0,1609203600
0.223,8,Dec 30 2020 01: +0,1609290000
0.252,5,Dec 31 2020 01: +0,1609376400
0.229,11,Jan 01 2021 01: +0,1609462800
0.202,12,Jan 02 2021 01: +0,1609549200
0.229,14,Jan 03 2021 01: +0,1609635600
0.231,9,Jan 04 2021 01: +0,1609722000
0.223,7,Jan 05 2021 01: +0,1609808400
0.231,6,Jan 06 2021 01: +0,1609894800
0.241,8,Jan 07 2021 01: +0,1609981200
0.234,13,Jan 08 2021 01: +0,1610067600
0.25,11,Jan 09 2021 01: +0,1610154000
0.244,12,Jan 10 2021 01: +0,1610240400
0.241,12,Jan 11 2021 01: +0,1610326800
0.281,7,Jan 12 2021 01: +0,1610413200
0.276,11,Jan 13 2021 01: +0,1610499600
0.284,5,Jan 14 2021 01: +0,1610586000
0.285,30,Jan 15 2021 01: +0,1610672400
0.358,4,Jan 16 2021 01: +0,1610758800
0.274,7,Jan 17 2021 01: +0,1610845200
0.303,4,Jan 18 2021 01: +0,1610931600
0.281,5,Jan 19 2021 01: +0,1611018000
0.263,13,Jan 20 2021 01: +0,1611104400
0.262,14,Jan 21 2021 01: +0,1611190800
0.262,10,Jan 22 2021 01: +0,1611277200
0.268,7,Jan 23 2021 01: +0,1611363600
0.276,8,Jan 24 2021 01: +0,1611450000
0.271,10,Jan 25 2021 01: +0,1611536400
0.265,7,Jan 26 2021 01: +0,1611622800
0.276,13,Jan 27 2021 01: +0,1611709200
0.251,16,Jan 28 2021 01: +0,1611795600
0.237,32,Jan 29 2021 01: +0,1611882000
0.238,6,Jan 30 2021 01: +0,1611968400
0.246,12,Jan 31 2021 01: +0,1612054800
0.247,14,Feb 01 2021 01: +0,1612141200
0.244,7,Feb 02 2021 01: +0,1612227600
0.245,11,Feb 03 2021 01: +0,1612314000
0.249,8,Feb 04 2021 01: +0,1612400400
0.272,13,Feb 05 2021 01: +0,1612486800
0.232,7,Feb 06 2021 01: +0,1612573200
0.221,9,Feb 07 2021 01: +0,1612659600
0.23,8,Feb 08 2021 01: +0,1612746000
0.252,11,Feb 09 2021 01: +0,1612832400
0.245,7,Feb 10 2021 01: +0,1612918800
0.246,5,Feb 11 2021 01: +0,1613005200
0.247,13,Feb 12 2021 01: +0,1613091600
0.262,11,Feb 13 2021 01: +0,1613178000
0.257,10,Feb 14 2021 01: +0,1613264400
0.27,6,Feb 15 2021 01: +0,1613350800
0.241,8,Feb 16 2021 01: +0,1613437200
0.241,12,Feb 17 2021 01: +0,1613523600
0.232,6,Feb 18 2021 01: +0,1613610000
0.224,19,Feb 19 2021 01: +0,1613696400
0.244,7,Feb 20 2021 01: +0,1613782800
0.246,7,Feb 21 2021 01: +0,1613869200
0.233,10,Feb 22 2021 01: +0,1613955600
0.23,10,Feb 23 2021 01: +0,1614042000
0.215,10,Feb 24 2021 01: +0,1614128400
0.232,11,Feb 25 2021 01: +0,1614214800
0.239,7,Feb 26 2021 01: +0,1614301200
0.219,10,Feb 27 2021 01: +0,1614387600
0.229,16,Feb 28 2021 01: +0,1614474000
0.239,7,Mar 01 2021 01: +0,1614560400
0.248,11,Mar 02 2021 01: +0,1614646800
0.249,8,Mar 03 2021 01: +0,1614733200
0.26,9,Mar 04 2021 01: +0,1614819600
0.259,22,Mar 05 2021 01: +0,1614906000
0.3,24,Mar 06 2021 01: +0,1614992400
0.295,6,Mar 07 2021 01: +0,1615078800
0.279,8,Mar 08 2021 01: +0,1615165200
0.262,7,Mar 09 2021 01: +0,1615251600
0.309,16,Mar 10 2021 01: +0,1615338000
0.252,6,Mar 11 2021 01: +0,1615424400
0.319,25,Mar 12 2021 01: +0,1615510800
0.339,13,Mar 13 2021 01: +0,1615597200
0.33,4,Mar 14 2021 01: +0,1615683600
0.263,10,Mar 15 2021 01: +0,1615770000
0.245,10,Mar 16 2021 01: +0,1615856400
0.272,14,Mar 17 2021 01: +0,1615942800
0.282,20,Mar 18 2021 01: +0,1616029200
0.231,6,Mar 19 2021 01: +0,1616115600
0.259,18,Mar 20 2021 01: +0,1616202000
0.246,8,Mar 21 2021 01: +0,1616288400
0.266,7,Mar 22 2021 01: +0,1616374800
0.264,10,Mar 23 2021 01: +0,1616461200
0.292,11,Mar 24 2021 01: +0,1616547600
0.336,9,Mar 25 2021 01: +0,1616634000
0.324,4,Mar 26 2021 01: +0,1616720400
0.3,8,Mar 27 2021 01: +0,1616806800
0.254,5,Mar 28 2021 01: +0,1616893200
0.288,3,Mar 29 2021 01: +0,1616976000
0.274,8,Mar 30 2021 01: +0,1617062400
0.286,4,Mar 31 2021 01: +0,1617148800
0.277,8,Apr 01 2021 01: +0,1617235200
0.29,6,Apr 02 2021 01: +0,1617321600
0.33,19,Apr 03 2021 01: +0,1617408000
0.339,5,Apr 04 2021 01: +0,1617494400
0.333,6,Apr 05 2021 01: +0,1617580800
0.285,3,Apr 06 2021 01: +0,1617667200
0.294,10,Apr 07 2021 01: +0,1617753600
0.302,3,Apr 08 2021 01: +0,1617840000
0.279,8,Apr 09 2021 01: +0,1617926400
0.274,14,Apr 10 2021 01: +0,1618012800
0.303,7,Apr 11 2021 01: +0,1618099200
0.263,10,Apr 12 2021 01: +0,1618185600
0.275,7,Apr 13 2021 01: +0,1618272000
0.269,18,Apr 15 2021 01: +0,1618444800
0.264,7,Apr 16 2021 01: +0,1618531200
0.274,18,Apr 17 2021 01: +0,1618617600
0.314,11,Apr 18 2021 01: +0,1618704000
0.382,62,Apr 19 2021 01: +0,1618790400
0.335,6,Apr 20 2021 01: +0,1618876800
0.417,5,Apr 21 2021 01: +0,1618963200
0.462,2,Apr 22 2021 01: +0,1619049600
0.57,18,Apr 23 2021 01: +0,1619136000
0.533,4,Apr 24 2021 01: +0,1619222400
0.501,10,Apr 25 2021 01: +0,1619308800
0.468,10,Apr 26 2021 01: +0,1619395200
0.44,7,Apr 27 2021 01: +0,1619481600
0.426,3,Apr 28 2021 01: +0,1619568000
0.392,4,Apr 29 2021 01: +0,1619654400
0.384,6,Apr 30 2021 01: +0,1619740800
0.339,2,May 02 2021 01: +0,1619913600
0.327,4,May 03 2021 01: +0,1620000000
0.33,11,May 04 2021 01: +0,1620086400
0.326,4,May 05 2021 01: +0,1620172800
0.282,7,May 06 2021 01: +0,1620259200
0.265,2,May 07 2021 01: +0,1620345600
0.27,4,May 08 2021 01: +0,1620432000
0.285,12,May 09 2021 01: +0,1620518400
0.307,27,May 10 2021 01: +0,1620604800
0.35,6,May 11 2021 01: +0,1620691200
0.362,2,May 12 2021 01: +0,1620777600
0.343,2,May 13 2021 01: +0,1620864000
0.342,21,May 14 2021 01: +0,1620950400
0.367,8,May 15 2021 01: +0,1621036800
0.371,5,May 16 2021 01: +0,1621123200
0.318,2,May 17 2021 01: +0,1621209600
0.398,4,May 18 2021 01: +0,1621296000
0.374,2,May 19 2021 01: +0,1621382400
0.394,7,May 20 2021 01: +0,1621468800
0.335,3,May 21 2021 01: +0,1621555200
0.3,2,May 22 2021 01: +0,1621641600
0.369,13,May 23 2021 01: +0,1621728000
0.352,3,May 24 2021 01: +0,1621814400
0.323,4,May 25 2021 01: +0,1621900800
0.343,2,May 26 2021 01: +0,1621987200
0.281,1,May 27 2021 01: +0,1622073600
0.328,5,May 28 2021 01: +0,1622160000
0.308,6,May 29 2021 01: +0,1622246400
0.338,2,May 30 2021 01: +0,1622332800
0.313,10,May 31 2021 01: +0,1622419200
0.287,2,Jun 01 2021 01: +0,1622505600
0.307,11,Jun 02 2021 01: +0,1622592000
0.333,6,Jun 03 2021 01: +0,1622678400
0.319,4,Jun 04 2021 01: +0,1622764800
0.302,8,Jun 05 2021 01: +0,1622851200
0.331,4,Jun 06 2021 01: +0,1622937600
0.34,6,Jun 07 2021 01: +0,1623024000
0.356,11,Jun 08 2021 01: +0,1623110400
0.381,7,Jun 09 2021 01: +0,1623196800
0.366,3,Jun 10 2021 01: +0,1623283200
0.32,2,Jun 11 2021 01: +0,1623369600
0.305,2,Jun 12 2021 01: +0,1623456000
0.336,2,Jun 13 2021 01: +0,1623542400
0.325,3,Jun 14 2021 01: +0,1623628800
0.317,3,Jun 15 2021 01: +0,1623715200
0.296,4,Jun 16 2021 01: +0,1623801600
0.343,1,Jun 17 2021 01: +0,1623888000
0.33,6,Jun 18 2021 01: +0,1623974400
0.342,5,Jun 19 2021 01: +0,1624060800
0.324,3,Jun 20 2021 01: +0,1624147200
0.336,3,Jun 21 2021 01: +0,1624233600
0.315,8,Jun 22 2021 01: +0,1624320000
0.326,6,Jun 23 2021 01: +0,1624406400
0.329,3,Jun 24 2021 01: +0,1624492800
0.305,4,Jun 25 2021 01: +0,1624579200
0.306,22,Jun 26 2021 01: +0,1624665600
0.324,12,Jun 27 2021 01: +0,1624752000
0.277,2,Jun 28 2021 01: +0,1624838400
0.281,1,Jun 29 2021 01: +0,1624924800
0.295,1,Jun 30 2021 01: +0,1625011200
0.288,3,Jul 01 2021 01: +0,1625097600
0.3,7,Jul 02 2021 01: +0,1625184000
0.246,2,Jul 03 2021 01: +0,1625270400
0.292,3,Jul 04 2021 01: +0,1625356800
0.293,5,Jul 05 2021 01: +0,1625443200
0.252,3,Jul 06 2021 01: +0,1625529600
0.262,4,Jul 07 2021 01: +0,1625616000
0.273,3,Jul 08 2021 01: +0,1625702400
0.266,3,Jul 09 2021 01: +0,1625788800
0.253,2,Jul 10 2021 01: +0,1625875200
0.262,9,Jul 11 2021 01: +0,1625961600
0.246,6,Jul 12 2021 01: +0,1626048000
0.255,5,Jul 13 2021 01: +0,1626134400
0.225,2,Jul 14 2021 01: +0,1626220800
0.241,7,Jul 15 2021 01: +0,1626307200
0.275,2,Jul 16 2021 01: +0,1626393600
0.266,4,Jul 17 2021 01: +0,1626480000
0.246,3,Jul 18 2021 01: +0,1626566400
0.233,5,Jul 19 2021 01: +0,1626652800
0.237,4,Jul 20 2021 01: +0,1626739200
0.233,5,Jul 21 2021 01: +0,1626825600
0.243,6,Jul 23 2021 01: +0,1626998400
0.252,5,Jul 24 2021 01: +0,1627084800
0.245,3,Jul 25 2021 01: +0,1627171200
0.258,2,Jul 26 2021 01: +0,1627257600
0.248,3,Jul 27 2021 01: +0,1627344000
0.254,9,Jul 28 2021 01: +0,1627430400
0.239,4,Jul 29 2021 01: +0,1627516800
0.249,8,Jul 30 2021 01: +0,1627603200
0.256,4,Jul 31 2021 01: +0,1627689600
0.259,11,Aug 01 2021 01: +0,1627776000
0.252,3,Aug 02 2021 01: +0,1627862400
0.268,2,Aug 03 2021 01: +0,1627948800
0.265,3,Aug 04 2021 01: +0,1628035200
0.253,2,Aug 05 2021 01: +0,1628121600
0.256,9,Aug 06 2021 01: +0,1628208000
0.26,4,Aug 07 2021 01: +0,1628294400
0.264,1,Aug 08 2021 01: +0,1628380800
0.259,6,Aug 09 2021 01: +0,1628467200
0.269,6,Aug 10 2021 01: +0,1628553600
0.256,8,Aug 11 2021 01: +0,1628640000
0.287,9,Aug 12 2021 01: +0,1628726400
0.307,3,Aug 13 2021 01: +0,1628812800
0.315,6,Aug 14 2021 01: +0,1628899200
0.322,4,Aug 15 2021 01: +0,1628985600
0.304,4,Aug 16 2021 01: +0,1629072000
0.31,2,Aug 17 2021 01: +0,1629158400
0.321,5,Aug 18 2021 01: +0,1629244800
0.237,6,Aug 19 2021 01: +0,1629331200
0.25,2,Aug 20 2021 01: +0,1629417600
0.291,11,Aug 21 2021 01: +0,1629504000
0.321,6,Aug 22 2021 01: +0,1629590400
0.305,7,Aug 23 2021 01: +0,1629676800
0.307,5,Aug 24 2021 01: +0,1629763200
0.31,4,Aug 25 2021 01: +0,1629849600
0.327,2,Aug 26 2021 01: +0,1629936000
0.337,4,Aug 27 2021 01: +0,1630022400
0.281,1,Aug 28 2021 01: +0,1630108800
0.334,7,Aug 29 2021 01: +0,1630195200
0.413,4,Aug 30 2021 01: +0,1630281600
0.389,2,Aug 31 2021 01: +0,1630368000
0.355,6,Sep 01 2021 01: +0,1630454400
0.285,2,Sep 02 2021 01: +0,1630540800
0.384,4,Sep 03 2021 01: +0,1630627200
0.342,2,Sep 05 2021 01: +0,1630800000
0.326,4,Sep 06 2021 01: +0,1630886400
0.334,5,Sep 07 2021 01: +0,1630972800
0.321,4,Sep 08 2021 01: +0,1631059200
0.312,4,Sep 09 2021 01: +0,1631145600
0.354,2,Sep 10 2021 01: +0,1631232000
0.325,2,Sep 11 2021 01: +0,1631318400
0.341,2,Sep 12 2021 01: +0,1631404800
0.299,4,Sep 13 2021 01: +0,1631491200
0.299,3,Sep 14 2021 01: +0,1631577600
0.294,2,Sep 15 2021 01: +0,1631664000
0.322,4,Sep 16 2021 01: +0,1631750400
0.278,2,Sep 17 2021 01: +0,1631836800
0.333,5,Sep 18 2021 01: +0,1631923200
0.331,5,Sep 19 2021 01: +0,1632009600
0.467,12,Sep 20 2021 01: +0,1632096000
0.355,5,Sep 21 2021 01: +0,1632182400
0.345,2,Sep 22 2021 01: +0,1632268800
0.267,4,Sep 23 2021 01: +0,1632355200
0.255,5,Sep 24 2021 01: +0,1632441600
0.254,3,Sep 25 2021 01: +0,1632528000
0.251,7,Sep 26 2021 01: +0,1632614400
0.251,5,Sep 27 2021 01: +0,1632700800
0.253,7,Sep 28 2021 01: +0,1632787200
0.274,8,Sep 29 2021 01: +0,1632873600
0.266,10,Sep 30 2021 01: +0,1632960000
0.258,5,Oct 01 2021 01: +0,1633046400
0.244,7,Oct 02 2021 01: +0,1633132800
0.252,4,Oct 03 2021 01: +0,1633219200
0.251,9,Oct 04 2021 01: +0,1633305600
0.242,16,Oct 05 2021 01: +0,1633392000
0.279,4,Oct 06 2021 01: +0,1633478400
0.296,5,Oct 07 2021 01: +0,1633564800
0.281,7,Oct 08 2021 01: +0,1633651200
0.287,9,Oct 09 2021 01: +0,1633737600
0.314,2,Oct 10 2021 01: +0,1633824000
0.312,7,Oct 11 2021 01: +0,1633910400
0.312,1,Oct 12 2021 01: +0,1633996800
0.294,2,Oct 13 2021 01: +0,1634083200
0.295,1,Oct 14 2021 01: +0,1634169600
0.305,4,Oct 15 2021 01: +0,1634256000
0.297,3,Oct 16 2021 01: +0,1634342400
0.301,8,Oct 17 2021 01: +0,1634428800
0.272,3,Oct 18 2021 01: +0,1634515200
0.293,6,Oct 20 2021 01: +0,1634688000
0.327,1,Oct 21 2021 01: +0,1634774400
0.298,3,Oct 22 2021 01: +0,1634860800
0.312,4,Oct 23 2021 01: +0,1634947200
0.284,9,Oct 24 2021 01: +0,1635033600
0.268,2,Oct 25 2021 01: +0,1635120000
0.271,6,Oct 26 2021 01: +0,1635206400
0.283,5,Oct 27 2021 01: +0,1635292800
0.36,10,Oct 28 2021 01: +0,1635379200
0.44,2,Oct 29 2021 01: +0,1635465600
0.335,6,Oct 30 2021 01: +0,1635552000
0.302,5,Oct 31 2021 01: +0,1635638400
0.313,3,Nov 01 2021 01: +0,1635728400
0.345,1,Nov 02 2021 01: +0,1635814800
0.338,2,Nov 03 2021 01: +0,1635901200
0.32,2,Nov 04 2021 01: +0,1635987600
0.29,3,Nov 06 2021 01: +0,1636160400
0.258,2,Nov 07 2021 01: +0,1636246800
0.273,2,Nov 08 2021 01: +0,1636333200
0.282,8,Nov 09 2021 01: +0,1636419600
0.263,5,Nov 10 2021 01: +0,1636506000
0.252,5,Nov 11 2021 01: +0,1636592400
0.272,11,Nov 12 2021 01: +0,1636678800
0.295,2,Nov 13 2021 01: +0,1636765200
0.285,5,Nov 14 2021 01: +0,1636851600
0.264,7,Nov 15 2021 01: +0,1636938000
0.277,5,Nov 16 2021 01: +0,1637024400
0.284,9,Nov 17 2021 01: +0,1637110800
0.287,5,Nov 18 2021 01: +0,1637197200
0.278,4,Nov 19 2021 01: +0,1637283600
0.279,7,Nov 20 2021 01: +0,1637370000
0.307,4,Nov 21 2021 01: +0,1637456400
0.34,5,Nov 22 2021 01: +0,1637542800
0.289,6,Nov 23 2021 01: +0,1637629200
0.309,8,Nov 24 2021 01: +0,1637715600
0.273,4,Nov 25 2021 01: +0,1637802000
0.278,2,Nov 26 2021 01: +0,1637888400
0.27,4,Nov 27 2021 01: +0,1637974800
0.235,6,Nov 28 2021 01: +0,1638061200
0.265,4,Nov 29 2021 01: +0,1638147600
0.286,2,Nov 30 2021 01: +0,1638234000
0.229,3,Dec 01 2021 01: +0,1638320400
0.207,2,Dec 02 2021 01: +0,1638406800
0.216,6,Dec 03 2021 01: +0,1638493200
0.183,1,Dec 04 2021 01: +0,1638579600
0.194,12,Dec 05 2021 01: +0,1638666000
0.207,2,Dec 06 2021 01: +0,1638752400
0.2,5,Dec 07 2021 01: +0,1638838800
0.219,12,Dec 08 2021 01: +0,1638925200
0.252,3,Dec 09 2021 01: +0,1639011600
0.256,1,Dec 10 2021 01: +0,1639098000
0.278,2,Dec 11 2021 01: +0,1639184400
0.236,4,Dec 13 2021 01: +0,1639357200
0.283,5,Dec 14 2021 01: +0,1639443600
0.282,1,Dec 15 2021 01: +0,1639530000
0.27,2,Dec 16 2021 01: +0,1639616400
0.237,4,Dec 17 2021 01: +0,1639702800
0.221,5,Dec 18 2021 01: +0,1639789200
0.229,5,Dec 19 2021 01: +0,1639875600
0.253,3,Dec 20 2021 01: +0,1639962000
0.241,4,Dec 21 2021 01: +0,1640048400
0.242,4,Dec 22 2021 01: +0,1640134800
0.225,4,Dec 23 2021 01: +0,1640221200
0.234,3,Dec 24 2021 01: +0,1640307600
0.233,3,Dec 25 2021 01: +0,1640394000
0.232,4,Dec 26 2021 01: +0,1640480400
0.246,5,Dec 27 2021 01: +0,1640566800
0.258,4,Dec 28 2021 01: +0,1640653200
0.225,4,Dec 29 2021 01: +0,1640739600
0.255,9,Dec 30 2021 01: +0,1640826000
0.268,9,Dec 31 2021 01: +0,1640912400
0.27,4,Jan 01 2022 01: +0,1640998800
0.277,5,Jan 02 2022 01: +0,1641085200
0.255,7,Jan 03 2022 01: +0,1641171600
0.296,8,Jan 04 2022 01: +0,1641258000
0.327,4,Jan 05 2022 01: +0,1641344400
0.365,1,Jan 06 2022 01: +0,1641430800
0.342,4,Jan 07 2022 01: +0,1641517200
0.366,2,Jan 08 2022 01: +0,1641603600
0.365,6,Jan 09 2022 01: +0,1641690000
0.376,3,Jan 10 2022 01: +0,1641776400
0.404,6,Jan 11 2022 01: +0,1641862800
0.442,4,Jan 12 2022 01: +0,1641949200
0.378,5,Jan 13 2022 01: +0,1642035600
0.403,2,Jan 14 2022 01: +0,1642122000
0.371,2,Jan 15 2022 01: +0,1642208400
0.393,4,Jan 16 2022 01: +0,1642294800
0.342,4,Jan 17 2022 01: +0,1642381200
0.357,3,Jan 18 2022 01: +0,1642467600
0.298,2,Jan 19 2022 01: +0,1642554000
0.265,2,Jan 20 2022 01: +0,1642640400
0.313,3,Jan 21 2022 01: +0,1642726800
0.331,1,Jan 22 2022 01: +0,1642813200
0.312,10,Jan 23 2022 01: +0,1642899600
0.323,3,Jan 24 2022 01: +0,1642986000
0.305,3,Jan 25 2022 01: +0,1643072400
0.286,7,Jan 26 2022 01: +0,1643158800
0.308,4,Jan 27 2022 01: +0,1643245200
0.265,1,Jan 28 2022 01: +0,1643331600
0.27,3,Jan 29 2022 01: +0,1643418000
0.273,7,Jan 30 2022 01: +0,1643504400
0.269,5,Jan 31 2022 01: +0,1643590800
0.282,3,Feb 01 2022 01: +0,1643677200
0.274,3,Feb 02 2022 01: +0,1643763600
0.283,5,Feb 04 2022 01: +0,1643936400
0.303,6,Feb 05 2022 01: +0,1644022800
0.317,4,Feb 06 2022 01: +0,1644109200
0.358,2,Feb 07 2022 01: +0,1644195600
0.337,2,Feb 08 2022 01: +0,1644282000
0.33,5,Feb 09 2022 01: +0,1644368400
0.343,3,Feb 10 2022 01: +0,1644454800
0.303,3,Feb 11 2022 01: +0,1644541200
0.335,4,Feb 12 2022 01: +0,1644627600
0.329,3,Feb 13 2022 01: +0,1644714000
0.332,1,Feb 14 2022 01: +0,1644800400
0.311,2,Feb 15 2022 01: +0,1644886800
0.355,9,Feb 16 2022 01: +0,1644973200
0.353,5,Feb 17 2022 01: +0,1645059600
0.389,1,Feb 18 2022 01: +0,1645146000
0.388,6,Feb 19 2022 01: +0,1645232400
0.373,5,Feb 20 2022 01: +0,1645318800
0.377,1,Feb 21 2022 01: +0,1645405200
0.334,3,Feb 22 2022 01: +0,1645491600
0.367,2,Feb 23 2022 01: +0,1645578000
0.366,1,Feb 24 2022 01: +0,1645664400
0.374,3,Feb 25 2022 01: +0,1645750800
0.387,3,Feb 26 2022 01: +0,1645837200
0.389,4,Feb 27 2022 01: +0,1645923600
0.427,3,Feb 28 2022 01: +0,1646010000
0.425,3,Mar 01 2022 01: +0,1646096400
0.45,2,Mar 03 2022 01: +0,1646269200
0.402,3,Mar 04 2022 01: +0,1646355600
0.361,3,Mar 05 2022 01: +0,1646442000
0.377,5,Mar 06 2022 01: +0,1646528400
0.386,4,Mar 07 2022 01: +0,1646614800
0.386,4,Mar 08 2022 01: +0,1646701200
0.464,3,Mar 09 2022 01: +0,1646787600
0.407,2,Mar 10 2022 01: +0,1646874000
0.368,5,Mar 11 2022 01: +0,1646960400
0.417,2,Mar 12 2022 01: +0,1647046800
0.417,3,Mar 13 2022 01: +0,1647133200
0.365,6,Mar 14 2022 01: +0,1647219600
0.314,1,Mar 15 2022 01: +0,1647306000
0.357,5,Mar 16 2022 01: +0,1647392400
0.292,3,Mar 17 2022 01: +0,1647478800
0.347,4,Mar 18 2022 01: +0,1647565200
0.379,2,Mar 19 2022 01: +0,1647651600
0.378,2,Mar 20 2022 01: +0,1647738000
0.335,6,Mar 21 2022 01: +0,1647824400
0.351,7,Mar 22 2022 01: +0,1647910800
0.331,5,Mar 23 2022 01: +0,1647997200
0.325,7,Mar 24 2022 01: +0,1648083600
0.431,8,Mar 25 2022 01: +0,1648170000
0.488,1,Mar 26 2022 01: +0,1648256400
0.301,2,Mar 27 2022 01: +0,1648342800
0.388,2,Mar 28 2022 01: +0,1648425600
0.35,3,Mar 29 2022 01: +0,1648512000
0.383,3,Mar 30 2022 01: +0,1648598400
0.397,2,Mar 31 2022 01: +0,1648684800
0.35,3,Apr 01 2022 01: +0,1648771200
0.387,5,Apr 02 2022 01: +0,1648857600
0.228,2,Apr 03 2022 01: +0,1648944000
0.479,4,Apr 04 2022 01: +0,1649030400
0.535,3,Apr 05 2022 01: +0,1649116800
0.574,4,Apr 06 2022 01: +0,1649203200
0.607,2,Apr 07 2022 01: +0,1649289600
0.618,2,Apr 08 2022 01: +0,1649376000
0.562,4,Apr 09 2022 01: +0,1649462400
0.565,2,Apr 10 2022 01: +0,1649548800
0.626,2,Apr 11 2022 01: +0,1649635200
0.553,3,Apr 12 2022 01: +0,1649721600
0.624,4,Apr 13 2022 01: +0,1649808000
0.665,7,Apr 14 2022 01: +0,1649894400
0.686,6,Apr 15 2022 01: +0,1649980800
0.701,3,Apr 16 2022 01: +0,1650067200
0.59,3,Apr 17 2022 01: +0,1650153600
0.59,3,Apr 18 2022 01: +0,1650240000
0.67,1,Apr 19 2022 01: +0,1650326400
0.506,3,Apr 20 2022 01: +0,1650412800
0.532,3,Apr 21 2022 01: +0,1650499200
0.57,4,Apr 22 2022 01: +0,1650585600
0.564,2,Apr 23 2022 01: +0,1650672000
0.48,1,Apr 24 2022 01: +0,1650758400
0.576,2,Apr 25 2022 01: +0,1650844800
0.529,4,Apr 26 2022 01: +0,1650931200
0.56,3,Apr 27 2022 01: +0,1651017600
0.534,5,Apr 28 2022 01: +0,1651104000
0.488,1,Apr 29 2022 01: +0,1651190400
0.514,5,Apr 30 2022 01: +0,1651276800
0.539,2,May 01 2022 01: +0,1651363200
0.488,1,May 02 2022 01: +0,1651449600
0.488,1,May 03 2022 01: +0,1651536000
0.396,4,May 04 2022 01: +0,1651622400
0.438,2,May 05 2022 01: +0,1651708800
0.397,1,May 06 2022 01: +0,1651795200
0.411,3,May 07 2022 01: +0,1651881600
0.359,1,May 08 2022 01: +0,1651968000
0.407,3,May 09 2022 01: +0,1652054400
0.309,4,May 10 2022 01: +0,1652140800
0.252,3,May 11 2022 01: +0,1652227200
0.289,6,May 12 2022 01: +0,1652313600
0.34,3,May 13 2022 01: +0,1652400000
0.38,6,May 14 2022 01: +0,1652486400
0.366,3,May 15 2022 01: +0,1652572800
0.393,2,May 17 2022 01: +0,1652745600
0.399,3,May 18 2022 01: +0,1652832000
0.356,3,May 19 2022 01: +0,1652918400
0.279,1,May 21 2022 01: +0,1653091200
0.318,4,May 22 2022 01: +0,1653177600
0.334,4,May 23 2022 01: +0,1653264000
0.366,2,May 25 2022 01: +0,1653436800
0.387,2,May 26 2022 01: +0,1653523200
0.398,3,May 27 2022 01: +0,1653609600
0.423,3,May 28 2022 01: +0,1653696000
0.378,5,May 29 2022 01: +0,1653782400
0.385,2,May 30 2022 01: +0,1653868800
0.402,6,May 31 2022 01: +0,1653955200
0.355,3,Jun 01 2022 01: +0,1654041600
0.331,1,Jun 02 2022 01: +0,1654128000
0.344,5,Jun 03 2022 01: +0,1654214400
0.397,2,Jun 04 2022 01: +0,1654300800
0.32,3,Jun 05 2022 01: +0,1654387200
0.345,3,Jun 06 2022 01: +0,1654473600
0.35,3,Jun 07 2022 01: +0,1654560000
0.33,4,Jun 08 2022 01: +0,1654646400
0.405,13,Jun 09 2022 01: +0,1654732800
0.443,7,Jun 10 2022 01: +0,1654819200
0.434,8,Jun 11 2022 01: +0,1654905600
0.455,2,Jun 13 2022 01: +0,1655078400
0.469,4,Jun 14 2022 01: +0,1655164800
0.493,5,Jun 15 2022 01: +0,1655251200
0.524,1,Jun 16 2022 01: +0,1655337600
0.527,2,Jun 17 2022 01: +0,1655424000
0.43,1,Jun 18 2022 01: +0,1655510400
0.502,7,Jun 19 2022 01: +0,1655596800
0.443,3,Jun 20 2022 01: +0,1655683200
0.417,2,Jun 21 2022 01: +0,1655769600
0.504,1,Jun 22 2022 01: +0,1655856000
0.419,1,Jun 23 2022 01: +0,1655942400
0.496,1,Jun 24 2022 01: +0,1656028800
0.355,3,Jun 25 2022 01: +0,1656115200
0.409,1,Jun 26 2022 01: +0,1656201600
0.462,1,Jun 27 2022 01: +0,1656288000
0.382,3,Jun 28 2022 01: +0,1656374400
0.413,2,Jun 29 2022 01: +0,1656460800
0.394,3,Jun 30 2022 01: +0,1656547200
0.389,4,Jul 01 2022 01: +0,1656633600
0.392,5,Jul 02 2022 01: +0,1656720000
0.408,7,Jul 03 2022 01: +0,1656806400
0.283,2,Jul 04 2022 01: +0,1656892800
0.387,3,Jul 05 2022 01: +0,1656979200
0.431,3,Jul 06 2022 01: +0,1657065600
0.37,3,Jul 07 2022 01: +0,1657152000
0.362,2,Jul 09 2022 01: +0,1657324800
0.365,2,Jul 10 2022 01: +0,1657411200
0.386,1,Jul 11 2022 01: +0,1657497600
0.367,6,Jul 12 2022 01: +0,1657584000
0.403,3,Jul 13 2022 01: +0,1657670400
0.311,2,Jul 14 2022 01: +0,1657756800
0.425,4,Jul 15 2022 01: +0,1657843200
0.417,4,Jul 17 2022 01: +0,1658016000
0.433,2,Jul 18 2022 01: +0,1658102400
0.445,4,Jul 19 2022 01: +0,1658188800
0.483,4,Jul 20 2022 01: +0,1658275200
0.408,2,Jul 22 2022 01: +0,1658448000
0.43,3,Jul 23 2022 01: +0,1658534400
0.422,1,Jul 24 2022 01: +0,1658620800
0.471,2,Jul 25 2022 01: +0,1658707200
0.414,3,Jul 26 2022 01: +0,1658793600
0.484,2,Jul 27 2022 01: +0,1658880000
0.464,6,Jul 28 2022 01: +0,1658966400
0.461,5,Jul 29 2022 01: +0,1659052800
0.544,2,Jul 30 2022 01: +0,1659139200
0.553,2,Jul 31 2022 01: +0,1659225600
0.56,4,Aug 01 2022 01: +0,1659312000
0.501,4,Aug 02 2022 01: +0,1659398400
0.59,4,Aug 03 2022 01: +0,1659484800
0.549,4,Aug 04 2022 01: +0,1659571200
0.6,5,Aug 05 2022 01: +0,1659657600
0.688,2,Aug 06 2022 01: +0,1659744000
0.532,4,Aug 07 2022 01: +0,1659830400
0.55,4,Aug 08 2022 01: +0,1659916800
0.532,4,Aug 09 2022 01: +0,1660003200
0.593,4,Aug 10 2022 01: +0,1660089600
0.532,6,Aug 11 2022 01: +0,1660176000
0.609,5,Aug 12 2022 01: +0,1660262400
0.593,3,Aug 13 2022 01: +0,1660348800
0.644,6,Aug 14 2022 01: +0,1660435200
0.616,3,Aug 15 2022 01: +0,1660521600
0.664,7,Aug 16 2022 01: +0,1660608000
0.643,7,Aug 17 2022 01: +0,1660694400
0.634,5,Aug 18 2022 01: +0,1660780800
0.538,6,Aug 19 2022 01: +0,1660867200
0.596,2,Aug 20 2022 01: +0,1660953600
0.587,6,Aug 21 2022 01: +0,1661040000
0.558,2,Aug 22 2022 01: +0,1661126400
0.626,4,Aug 23 2022 01: +0,1661212800
0.429,1,Aug 24 2022 01: +0,1661299200
0.552,6,Aug 25 2022 01: +0,1661385600
0.64,2,Aug 26 2022 01: +0,1661472000
0.577,5,Aug 27 2022 01: +0,1661558400
0.591,2,Aug 28 2022 01: +0,1661644800
0.595,3,Aug 29 2022 01: +0,1661731200
0.604,2,Aug 30 2022 01: +0,1661817600
0.65,3,Sep 01 2022 01: +0,1661990400
0.596,1,Sep 03 2022 01: +0,1662163200
0.583,3,Sep 04 2022 01: +0,1662249600
0.554,3,Sep 05 2022 01: +0,1662336000
0.622,1,Sep 06 2022 01: +0,1662422400
0.624,1,Sep 07 2022 01: +0,1662508800
0.64,2,Sep 08 2022 01: +0,1662595200
0.539,3,Sep 10 2022 01: +0,1662768000
0.573,4,Sep 13 2022 01: +0,1663027200
0.535,3,Sep 14 2022 01: +0,1663113600
0.455,3,Sep 15 2022 01: +0,1663200000
0.504,3,Sep 16 2022 01: +0,1663286400
0.517,3,Sep 17 2022 01: +0,1663372800
0.568,2,Sep 18 2022 01: +0,1663459200
0.557,1,Sep 19 2022 01: +0,1663545600
0.561,3,Sep 20 2022 01: +0,1663632000
0.553,1,Sep 21 2022 01: +0,1663718400
0.564,2,Sep 22 2022 01: +0,1663804800
0.434,2,Sep 23 2022 01: +0,1663891200
0.533,2,Sep 24 2022 01: +0,1663977600
0.524,1,Sep 25 2022 01: +0,1664064000
0.522,2,Sep 26 2022 01: +0,1664150400
0.515,1,Sep 28 2022 01: +0,1664323200
0.392,3,Sep 29 2022 01: +0,1664409600
0.454,2,Sep 30 2022 01: +0,1664496000
0.494,2,Oct 01 2022 01: +0,1664582400
0.484,1,Oct 02 2022 01: +0,1664668800
0.428,6,Oct 03 2022 01: +0,1664755200
0.376,4,Oct 04 2022 01: +0,1664841600
0.393,2,Oct 05 2022 01: +0,1664928000
0.49,3,Oct 06 2022 01: +0,1665014400
0.466,5,Oct 07 2022 01: +0,1665100800
0.476,2,Oct 08 2022 01: +0,1665187200
0.469,9,Oct 09 2022 01: +0,1665273600
0.462,4,Oct 11 2022 01: +0,1665446400
0.467,2,Oct 12 2022 01: +0,1665532800
0.461,4,Oct 13 2022 01: +0,1665619200
0.481,1,Oct 14 2022 01: +0,1665705600
0.47,9,Oct 15 2022 01: +0,1665792000
0.477,1,Oct 16 2022 01: +0,1665878400
0.495,3,Oct 17 2022 01: +0,1665964800
0.53,2,Oct 18 2022 01: +0,1666051200
0.513,2,Oct 19 2022 01: +0,1666137600
0.54,2,Oct 20 2022 01: +0,1666224000
0.532,4,Oct 21 2022 01: +0,1666310400
0.543,4,Oct 22 2022 01: +0,1666396800
0.526,6,Oct 23 2022 01: +0,1666483200
0.606,1,Oct 24 2022 01: +0,1666569600
0.538,1,Oct 25 2022 01: +0,1666656000
0.558,2,Oct 26 2022 01: +0,1666742400
0.571,2,Oct 27 2022 01: +0,1666828800
0.526,4,Oct 28 2022 01: +0,1666915200
0.55,3,Oct 29 2022 01: +0,1667001600
0.485,5,Oct 30 2022 01: +0,1667088000
0.542,2,Nov 01 2022 01: +0,1667264400
0.488,2,Nov 02 2022 01: +0,1667350800
0.496,1,Nov 03 2022 01: +0,1667437200
0.556,1,Nov 04 2022 01: +0,1667523600
0.59,2,Nov 05 2022 01: +0,1667610000
0.552,7,Nov 06 2022 01: +0,1667696400
0.588,1,Nov 08 2022 01: +0,1667869200
0.413,3,Nov 10 2022 01: +0,1668042000
0.458,4,Nov 11 2022 01: +0,1668128400
0.451,2,Nov 12 2022 01: +0,1668214800
0.473,1,Nov 13 2022 01: +0,1668301200
0.438,1,Nov 14 2022 01: +0,1668387600
0.405,3,Nov 15 2022 01: +0,1668474000
0.503,1,Nov 16 2022 01: +0,1668560400
0.504,2,Nov 17 2022 01: +0,1668646800
0.497,2,Nov 18 2022 01: +0,1668733200
0.475,3,Nov 19 2022 01: +0,1668819600
0.506,2,Nov 20 2022 01: +0,1668906000
0.474,4,Nov 21 2022 01: +0,1668992400
0.464,1,Nov 22 2022 01: +0,1669078800
0.451,4,Nov 23 2022 01: +0,1669165200
0.483,1,Nov 24 2022 01: +0,1669251600
0.491,4,Nov 25 2022 01: +0,1669338000
0.499,2,Nov 26 2022 01: +0,1669424400
0.437,1,Nov 28 2022 01: +0,1669597200
0.453,2,Nov 29 2022 01: +0,1669683600
0.396,2,Nov 30 2022 01: +0,1669770000
0.452,3,Dec 01 2022 01: +0,1669856400
0.486,3,Dec 02 2022 01: +0,1669942800
0.331,1,Dec 03 2022 01: +0,1670029200
0.411,2,Dec 05 2022 01: +0,1670202000
0.461,2,Dec 06 2022 01: +0,1670288400
0.484,2,Dec 07 2022 01: +0,1670374800
0.491,2,Dec 08 2022 01: +0,1670461200
0.509,2,Dec 09 2022 01: +0,1670547600
0.347,1,Dec 10 2022 01: +0,1670634000
0.456,1,Dec 11 2022 01: +0,1670720400
0.356,1,Dec 13 2022 01: +0,1670893200
0.365,2,Dec 14 2022 01: +0,1670979600
0.443,7,Dec 16 2022 01: +0,1671152400
0.505,1,Dec 17 2022 01: +0,1671238800
0.48,1,Dec 18 2022 01: +0,1671325200
0.453,5,Dec 19 2022 01: +0,1671411600
0.492,3,Dec 20 2022 01: +0,1671498000
0.499,4,Dec 21 2022 01: +0,1671584400
0.463,3,Dec 22 2022 01: +0,1671670800
0.45,2,Dec 23 2022 01: +0,1671757200
0.485,5,Dec 26 2022 01: +0,1672016400
0.454,2,Dec 27 2022 01: +0,1672102800
0.504,2,Dec 28 2022 01: +0,1672189200
0.452,2,Dec 29 2022 01: +0,1672275600
0.38,1,Dec 30 2022 01: +0,1672362000
0.422,1,Dec 31 2022 01: +0,1672448400
0.47,2,Jan 01 2023 01: +0,1672534800
0.446,1,Jan 02 2023 01: +0,1672621200
0.379,3,Jan 03 2023 01: +0,1672707600
0.409,2,Jan 04 2023 01: +0,1672794000
0.445,3,Jan 05 2023 01: +0,1672880400
0.476,1,Jan 06 2023 01: +0,1672966800
0.484,5,Jan 07 2023 01: +0,1673053200
0.487,3,Jan 08 2023 01: +0,1673139600
0.475,3,Jan 09 2023 01: +0,1673226000
0.496,3,Jan 10 2023 01: +0,1673312400
0.489,4,Jan 11 2023 01: +0,1673398800
0.558,2,Jan 12 2023 01: +0,1673485200
0.601,4,Jan 13 2023 01: +0,1673571600
0.549,7,Jan 14 2023 01: +0,1673658000
0.606,4,Jan 15 2023 01: +0,1673744400
0.66,6,Jan 16 2023 01: +0,1673830800
0.726,2,Jan 17 2023 01: +0,1673917200
0.718,5,Jan 18 2023 01: +0,1674003600
0.705,3,Jan 19 2023 01: +0,1674090000
0.718,1,Jan 20 2023 01: +0,1674176400
0.758,1,Jan 21 2023 01: +0,1674262800
0.794,1,Jan 22 2023 01: +0,1674349200
0.719,1,Jan 23 2023 01: +0,1674435600
0.711,1,Jan 24 2023 01: +0,1674522000
0.705,3,Jan 25 2023 01: +0,1674608400
0.778,1,Jan 26 2023 01: +0,1674694800
0.786,3,Jan 27 2023 01: +0,1674781200
0.789,1,Jan 28 2023 01: +0,1674867600
0.721,2,Jan 30 2023 01: +0,1675040400
0.574,2,Jan 31 2023 01: +0,1675126800
0.571,1,Feb 01 2023 01: +0,1675213200
0.555,2,Feb 02 2023 01: +0,1675299600
0.693,9,Feb 03 2023 01: +0,1675386000
0.757,2,Feb 04 2023 01: +0,1675472400
0.751,1,Feb 05 2023 01: +0,1675558800
0.795,1,Feb 06 2023 01: +0,1675645200
0.783,2,Feb 07 2023 01: +0,1675731600
0.683,2,Feb 08 2023 01: +0,1675818000
0.79,2,Feb 09 2023 01: +0,1675904400
0.684,3,Feb 11 2023 01: +0,1676077200
0.636,2,Feb 13 2023 01: +0,1676250000
0.636,1,Feb 15 2023 01: +0,1676422800
0.629,1,Feb 15 2023 11: +0,1676458800
0.397,1,Feb 15 2023 15: +0,1676473200
0.62,1,Feb 15 2023 16: +0,1676476800
0.72,1,Feb 17 2023 03: +0,1676602800
0.751,2,Feb 17 2023 08: +0,1676620800
0.745,1,Feb 17 2023 17: +0,1676653200
0.751,1,Feb 17 2023 18: +0,1676656800
0.645,1,Feb 17 2023 21: +0,1676667600
0.557,1,Feb 17 2023 23: +0,1676674800
0.701,1,Feb 18 2023 03: +0,1676689200
0.769,3,Feb 18 2023 07: +0,1676703600
0.779,1,Feb 18 2023 16: +0,1676736000
0.612,1,Feb 18 2023 19: +0,1676746800
0.748,1,Feb 18 2023 23: +0,1676761200
0.759,1,Feb 19 2023 06: +0,1676786400
0.753,1,Feb 19 2023 20: +0,1676836800
0.761,1,Feb 20 2023 00: +0,1676851200
0.761,1,Feb 20 2023 01: +0,1676854800
0.701,1,Feb 20 2023 15: +0,1676905200
0.742,2,Feb 20 2023 16: +0,1676908800
0.596,1,Feb 21 2023 06: +0,1676959200
0.571,1,Feb 21 2023 07: +0,1676962800
0.62,1,Feb 21 2023 09: +0,1676970000
0.62,1,Feb 21 2023 22: +0,1677016800
0.694,2,Feb 21 2023 23: +0,1677020400
0.517,1,Feb 22 2023 23: +0,1677106800
0.615,1,Feb 24 2023 02: +0,1677204000
0.538,1,Feb 24 2023 07: +0,1677222000
0.581,1,Feb 24 2023 12: +0,1677240000
0.476,1,Feb 25 2023 03: +0,1677294000
0.546,1,Feb 25 2023 06: +0,1677304800
0.501,1,Feb 25 2023 10: +0,1677319200
0.492,1,Feb 25 2023 11: +0,1677322800
0.494,2,Feb 25 2023 17: +0,1677344400
0.619,1,Feb 25 2023 18: +0,1677348000
0.496,1,Feb 26 2023 10: +0,1677405600
0.541,1,Feb 26 2023 12: +0,1677412800
0.608,1,Feb 26 2023 15: +0,1677423600
0.538,1,Feb 27 2023 04: +0,1677470400
0.452,1,Feb 27 2023 05: +0,1677474000
0.538,1,Feb 27 2023 23: +0,1677538800
0.538,1,Feb 28 2023 10: +0,1677578400
0.438,1,Feb 28 2023 12: +0,1677585600
0.505,2,Feb 28 2023 14: +0,1677592800
0.538,1,Feb 28 2023 15: +0,1677596400
0.604,1,Feb 28 2023 19: +0,1677610800
0.476,1,Mar 01 2023 02: +0,1677636000
0.513,1,Mar 01 2023 19: +0,1677697200
0.422,1,Mar 02 2023 05: +0,1677733200
0.43,1,Mar 02 2023 07: +0,1677740400
0.457,1,Mar 02 2023 13: +0,1677762000
0.57,1,Mar 02 2023 14: +0,1677765600
0.579,1,Mar 02 2023 23: +0,1677798000
0.604,1,Mar 03 2023 17: +0,1677862800
0.505,1,Mar 03 2023 21: +0,1677877200
0.43,2,Mar 04 2023 11: +0,1677927600
0.585,1,Mar 04 2023 22: +0,1677967200
0.444,1,Mar 05 2023 15: +0,1678028400
0.594,1,Mar 05 2023 18: +0,1678039200
0.596,1,Mar 05 2023 20: +0,1678046400
0.489,1,Mar 06 2023 12: +0,1678104000
0.429,1,Mar 06 2023 14: +0,1678111200
0.587,1,Mar 07 2023 02: +0,1678154400
0.482,1,Mar 07 2023 09: +0,1678179600
0.482,1,Mar 07 2023 10: +0,1678183200
0.482,1,Mar 07 2023 15: +0,1678201200
0.573,1,Mar 07 2023 16: +0,1678204800
0.572,2,Mar 07 2023 23: +0,1678230000
0.587,1,Mar 08 2023 02: +0,1678240800
0.587,2,Mar 08 2023 04: +0,1678248000
0.405,1,Mar 08 2023 05: +0,1678251600
0.397,1,Mar 08 2023 10: +0,1678269600
0.512,2,Mar 09 2023 08: +0,1678348800
0.461,1,Mar 09 2023 14: +0,1678370400
0.496,1,Mar 09 2023 18: +0,1678384800
0.503,1,Mar 09 2023 23: +0,1678402800
0.306,1,Mar 10 2023 00: +0,1678406400
0.344,1,Mar 10 2023 06: +0,1678428000
0.356,1,Mar 10 2023 07: +0,1678431600
0.442,2,Mar 10 2023 14: +0,1678456800
0.471,10,Mar 11 2023 02: +0,1678500000
0.339,1,Mar 11 2023 08: +0,1678521600
0.374,1,Mar 11 2023 14: +0,1678543200
0.441,1,Mar 11 2023 18: +0,1678557600
0.303,1,Mar 11 2023 19: +0,1678561200
0.395,1,Mar 12 2023 01: +0,1678582800
0.423,1,Mar 12 2023 03: +0,1678590000
0.339,1,Mar 12 2023 07: +0,1678604400
0.456,1,Mar 12 2023 13: +0,1678626000
0.425,2,Mar 12 2023 15: +0,1678633200
0.485,3,Mar 12 2023 18: +0,1678644000
0.354,2,Mar 12 2023 20: +0,1678651200
0.377,1,Mar 12 2023 23: +0,1678662000
0.356,1,Mar 13 2023 04: +0,1678680000
0.323,1,Mar 13 2023 18: +0,1678730400
0.46,1,Mar 14 2023 04: +0,1678766400
0.477,1,Mar 14 2023 10: +0,1678788000
0.478,1,Mar 14 2023 13: +0,1678798800
0.381,1,Mar 14 2023 15: +0,1678806000
0.463,1,Mar 15 2023 19: +0,1678906800
0.463,4,Mar 15 2023 20: +0,1678910400
0.401,1,Mar 15 2023 21: +0,1678914000
0.482,1,Mar 15 2023 23: +0,1678921200
0.324,1,Mar 16 2023 03: +0,1678935600
0.392,6,Mar 16 2023 05: +0,1678942800
0.409,1,Mar 16 2023 14: +0,1678975200
0.393,1,Mar 16 2023 15: +0,1678978800
0.393,1,Mar 16 2023 19: +0,1678993200
0.398,1,Mar 17 2023 07: +0,1679036400
0.421,1,Mar 17 2023 15: +0,1679065200
0.432,2,Mar 17 2023 16: +0,1679068800
0.445,1,Mar 18 2023 06: +0,1679119200
0.347,2,Mar 18 2023 11: +0,1679137200
0.412,1,Mar 18 2023 20: +0,1679169600
0.441,1,Mar 19 2023 00: +0,1679184000
0.296,1,Mar 19 2023 16: +0,1679241600
0.369,1,Mar 19 2023 20: +0,1679256000
0.309,1,Mar 19 2023 23: +0,1679266800
0.31,1,Mar 20 2023 10: +0,1679306400
0.319,3,Mar 20 2023 14: +0,1679320800
0.318,1,Mar 20 2023 15: +0,1679324400
0.327,4,Mar 20 2023 18: +0,1679335200
0.311,1,Mar 20 2023 21: +0,1679346000
0.297,2,Mar 20 2023 22: +0,1679349600
0.343,1,Mar 21 2023 00: +0,1679356800
0.32,1,Mar 21 2023 04: +0,1679371200
0.34,1,Mar 21 2023 09: +0,1679389200
0.356,1,Mar 21 2023 12: +0,1679400000
0.343,1,Mar 21 2023 22: +0,1679436000
0.335,1,Mar 22 2023 06: +0,1679464800
0.272,1,Mar 22 2023 14: +0,1679493600
0.335,1,Mar 22 2023 18: +0,1679508000
0.327,3,Mar 23 2023 03: +0,1679540400
0.311,1,Mar 23 2023 17: +0,1679590800
0.36,1,Mar 23 2023 19: +0,1679598000
0.405,1,Mar 23 2023 22: +0,1679608800
0.221,1,Mar 24 2023 19: +0,1679684400
0.327,1,Mar 25 2023 08: +0,1679731200
0.405,1,Mar 25 2023 11: +0,1679742000
0.403,1,Mar 25 2023 19: +0,1679770800
0.403,1,Mar 26 2023 00: +0,1679788800
0.402,1,Mar 26 2023 11: +0,1679824800
0.403,2,Mar 26 2023 13: +0,1679832000
0.353,1,Mar 26 2023 16: +0,1679842800
0.377,1,Mar 26 2023 20: +0,1679857200
0.447,9,Mar 27 2023 00: +0,1679871600
0.482,1,Mar 27 2023 01: +0,1679875200
0.325,1,Mar 27 2023 05: +0,1679889600
0.375,1,Mar 28 2023 04: +0,1679972400
0.466,1,Mar 28 2023 07: +0,1679983200
0.455,1,Mar 28 2023 13: +0,1680004800
0.405,1,Mar 28 2023 14: +0,1680008400
0.457,1,Mar 28 2023 16: +0,1680015600
0.346,1,Mar 28 2023 23: +0,1680040800
0.428,1,Mar 29 2023 03: +0,1680055200
0.428,1,Mar 29 2023 04: +0,1680058800
0.301,1,Mar 29 2023 11: +0,1680084000
0.395,1,Mar 30 2023 00: +0,1680130800
0.418,1,Mar 30 2023 02: +0,1680138000
0.398,1,Mar 30 2023 14: +0,1680181200
0.42,1,Mar 30 2023 16: +0,1680188400
0.299,1,Mar 30 2023 23: +0,1680213600
0.409,1,Mar 31 2023 18: +0,1680282000
0.319,1,Apr 01 2023 01: +0,1680307200
0.4,1,Apr 01 2023 06: +0,1680325200
0.39,1,Apr 01 2023 12: +0,1680346800
0.388,3,Apr 01 2023 13: +0,1680350400
0.383,2,Apr 01 2023 22: +0,1680382800
0.388,1,Apr 02 2023 02: +0,1680397200
0.348,1,Apr 02 2023 04: +0,1680404400
0.288,1,Apr 02 2023 05: +0,1680408000
0.334,1,Apr 02 2023 12: +0,1680433200
0.39,1,Apr 02 2023 14: +0,1680440400
0.391,1,Apr 02 2023 16: +0,1680447600
0.372,1,Apr 02 2023 20: +0,1680462000
0.38,1,Apr 03 2023 19: +0,1680544800
0.369,2,Apr 03 2023 22: +0,1680555600
0.341,1,Apr 04 2023 11: +0,1680602400
0.316,1,Apr 04 2023 13: +0,1680609600
0.366,2,Apr 04 2023 20: +0,1680634800
0.37,1,Apr 04 2023 21: +0,1680638400
0.345,1,Apr 05 2023 02: +0,1680656400
0.337,1,Apr 05 2023 03: +0,1680660000
0.233,1,Apr 05 2023 09: +0,1680681600
0.35,1,Apr 05 2023 11: +0,1680688800
0.225,1,Apr 05 2023 17: +0,1680710400
0.353,1,Apr 05 2023 18: +0,1680714000
0.356,1,Apr 06 2023 01: +0,1680739200
0.357,1,Apr 06 2023 15: +0,1680789600
0.322,1,Apr 06 2023 16: +0,1680793200
0.367,2,Apr 06 2023 17: +0,1680796800
0.373,2,Apr 06 2023 20: +0,1680807600
0.38,1,Apr 06 2023 23: +0,1680818400
0.395,1,Apr 07 2023 00: +0,1680822000
0.391,1,Apr 07 2023 03: +0,1680832800
0.372,1,Apr 07 2023 12: +0,1680865200
0.393,1,Apr 07 2023 13: +0,1680868800
0.372,1,Apr 07 2023 20: +0,1680894000
0.396,2,Apr 07 2023 21: +0,1680897600
0.404,1,Apr 07 2023 22: +0,1680901200
0.405,1,Apr 08 2023 00: +0,1680908400
0.401,1,Apr 08 2023 20: +0,1680980400
0.411,1,Apr 08 2023 21: +0,1680984000
0.413,1,Apr 08 2023 22: +0,1680987600
0.324,1,Apr 09 2023 10: +0,1681030800
0.315,1,Apr 09 2023 17: +0,1681056000
0.403,1,Apr 10 2023 10: +0,1681117200
0.408,1,Apr 10 2023 17: +0,1681142400
0.283,1,Apr 10 2023 19: +0,1681149600
0.332,1,Apr 10 2023 21: +0,1681156800
0.363,1,Apr 11 2023 10: +0,1681203600
0.36,1,Apr 11 2023 17: +0,1681228800
0.349,2,Apr 11 2023 22: +0,1681246800
0.377,1,Apr 11 2023 23: +0,1681250400
0.321,1,Apr 12 2023 04: +0,1681268400
0.378,1,Apr 12 2023 09: +0,1681286400
0.411,4,Apr 12 2023 13: +0,1681300800
0.401,1,Apr 12 2023 17: +0,1681315200
0.42,1,Apr 12 2023 19: +0,1681322400
0.377,1,Apr 12 2023 20: +0,1681326000
0.409,1,Apr 13 2023 00: +0,1681340400
0.374,2,Apr 13 2023 05: +0,1681358400
0.397,1,Apr 13 2023 12: +0,1681383600
0.241,1,Apr 13 2023 18: +0,1681405200
0.4,1,Apr 13 2023 20: +0,1681412400
0.289,1,Apr 13 2023 23: +0,1681423200
0.353,1,Apr 14 2023 00: +0,1681426800
0.381,1,Apr 14 2023 19: +0,1681495200
0.401,1,Apr 14 2023 22: +0,1681506000
0.345,1,Apr 15 2023 05: +0,1681531200
0.411,1,Apr 15 2023 11: +0,1681552800
0.417,1,Apr 15 2023 19: +0,1681581600
0.345,1,Apr 16 2023 02: +0,1681606800
0.425,2,Apr 16 2023 07: +0,1681624800
0.431,1,Apr 16 2023 19: +0,1681668000
0.441,1,Apr 16 2023 22: +0,1681678800
0.345,1,Apr 17 2023 01: +0,1681689600
0.345,1,Apr 17 2023 02: +0,1681693200
0.453,4,Apr 17 2023 03: +0,1681696800
0.48,1,Apr 17 2023 05: +0,1681704000
0.481,1,Apr 17 2023 08: +0,1681714800
0.491,1,Apr 17 2023 21: +0,1681761600
0.379,1,Apr 18 2023 05: +0,1681790400
0.371,1,Apr 18 2023 06: +0,1681794000
0.447,1,Apr 18 2023 11: +0,1681812000
0.459,1,Apr 18 2023 14: +0,1681822800
0.466,1,Apr 18 2023 22: +0,1681851600
0.463,1,Apr 19 2023 12: +0,1681902000
0.379,1,Apr 20 2023 01: +0,1681948800
0.407,2,Apr 20 2023 02: +0,1681952400
0.469,1,Apr 20 2023 08: +0,1681974000
0.379,1,Apr 20 2023 13: +0,1681992000
0.469,1,Apr 20 2023 15: +0,1681999200
0.467,1,Apr 20 2023 22: +0,1682024400
0.467,1,Apr 21 2023 04: +0,1682046000
0.486,1,Apr 21 2023 15: +0,1682085600
0.474,2,Apr 21 2023 20: +0,1682103600
0.391,1,Apr 21 2023 23: +0,1682114400
0.461,1,Apr 22 2023 02: +0,1682125200
0.489,1,Apr 22 2023 09: +0,1682150400
0.486,1,Apr 22 2023 10: +0,1682154000
0.394,1,Apr 22 2023 11: +0,1682157600
0.329,1,Apr 22 2023 19: +0,1682186400
0.475,1,Apr 22 2023 23: +0,1682200800
0.463,1,Apr 23 2023 05: +0,1682222400
0.477,1,Apr 23 2023 08: +0,1682233200
0.467,2,Apr 23 2023 21: +0,1682280000
0.362,1,Apr 23 2023 23: +0,1682287200
0.475,1,Apr 24 2023 04: +0,1682305200
0.485,1,Apr 24 2023 15: +0,1682344800
0.414,1,Apr 24 2023 22: +0,1682370000
0.322,1,Apr 24 2023 23: +0,1682373600
0.475,1,Apr 25 2023 00: +0,1682377200
0.482,1,Apr 25 2023 01: +0,1682380800
0.394,3,Apr 25 2023 17: +0,1682438400
0.406,2,Apr 25 2023 18: +0,1682442000
0.328,1,Apr 26 2023 07: +0,1682488800
0.336,1,Apr 26 2023 16: +0,1682521200
0.256,1,Apr 26 2023 20: +0,1682535600
0.344,1,Apr 27 2023 05: +0,1682568000
0.372,1,Apr 27 2023 16: +0,1682607600
0.394,1,Apr 27 2023 17: +0,1682611200
0.4,1,Apr 27 2023 18: +0,1682614800
0.387,2,Apr 28 2023 00: +0,1682636400
0.4,1,Apr 28 2023 16: +0,1682694000
0.372,2,Apr 28 2023 19: +0,1682704800
0.278,1,Apr 28 2023 21: +0,1682712000
0.344,1,Apr 28 2023 22: +0,1682715600
0.336,1,Apr 29 2023 12: +0,1682766000
0.391,1,Apr 29 2023 13: +0,1682769600
0.405,1,Apr 29 2023 15: +0,1682776800
0.206,3,Apr 29 2023 18: +0,1682787600
0.399,1,Apr 30 2023 01: +0,1682812800
0.4,1,Apr 30 2023 04: +0,1682823600
0.404,1,Apr 30 2023 07: +0,1682834400
0.4,1,Apr 30 2023 15: +0,1682863200
0.352,1,Apr 30 2023 20: +0,1682881200
0.344,1,Apr 30 2023 21: +0,1682884800
0.344,1,May 01 2023 00: +0,1682895600
0.363,1,May 01 2023 01: +0,1682899200
0.344,1,May 01 2023 03: +0,1682906400
0.4,1,May 01 2023 04: +0,1682910000
0.403,1,May 01 2023 07: +0,1682920800
0.405,1,May 01 2023 09: +0,1682928000
0.405,1,May 01 2023 13: +0,1682942400
0.405,1,May 01 2023 19: +0,1682964000
0.407,2,May 01 2023 22: +0,1682974800
0.369,1,May 02 2023 00: +0,1682982000
0.327,1,May 02 2023 02: +0,1682989200
0.404,1,May 02 2023 07: +0,1683007200
0.274,2,May 02 2023 11: +0,1683021600
0.343,1,May 02 2023 14: +0,1683032400
0.411,1,May 02 2023 16: +0,1683039600
0.414,1,May 02 2023 20: +0,1683054000
0.429,1,May 03 2023 05: +0,1683086400
0.433,1,May 03 2023 07: +0,1683093600
0.44,1,May 03 2023 11: +0,1683108000
0.452,1,May 03 2023 12: +0,1683111600
0.467,1,May 03 2023 19: +0,1683136800
0.464,1,May 03 2023 20: +0,1683140400
0.489,1,May 03 2023 21: +0,1683144000
0.328,2,May 04 2023 19: +0,1683223200
0.365,2,May 04 2023 21: +0,1683230400
0.323,1,May 05 2023 10: +0,1683277200
0.305,1,May 06 2023 05: +0,1683345600
0.3,1,May 06 2023 07: +0,1683352800
0.334,1,May 06 2023 08: +0,1683356400
0.308,1,May 06 2023 18: +0,1683392400
0.311,1,May 06 2023 22: +0,1683406800
0.332,1,May 06 2023 23: +0,1683410400
0.232,1,May 07 2023 01: +0,1683417600
0.322,1,May 07 2023 02: +0,1683421200
0.32,1,May 07 2023 10: +0,1683450000
0.31,1,May 07 2023 13: +0,1683460800
0.32,1,May 07 2023 16: +0,1683471600
0.32,1,May 07 2023 18: +0,1683478800
0.327,1,May 07 2023 20: +0,1683486000
0.319,2,May 08 2023 09: +0,1683532800
0.315,2,May 08 2023 10: +0,1683536400
0.319,1,May 08 2023 12: +0,1683543600
0.315,1,May 08 2023 20: +0,1683572400
0.315,1,May 08 2023 23: +0,1683583200
0.316,1,May 09 2023 01: +0,1683590400
0.252,1,May 09 2023 08: +0,1683615600
0.323,1,May 09 2023 11: +0,1683626400
0.277,1,May 09 2023 14: +0,1683637200
0.329,1,May 09 2023 15: +0,1683640800
0.271,1,May 09 2023 16: +0,1683644400
0.33,2,May 09 2023 23: +0,1683669600
0.4,7,May 10 2023 02: +0,1683680400
0.478,4,May 10 2023 14: +0,1683723600
0.474,1,May 11 2023 03: +0,1683770400
0.34,1,May 11 2023 15: +0,1683813600
0.472,1,May 11 2023 22: +0,1683838800
0.344,1,May 11 2023 23: +0,1683842400
0.464,1,May 12 2023 01: +0,1683849600
0.472,1,May 12 2023 15: +0,1683900000
0.474,1,May 12 2023 17: +0,1683907200
0.32,1,May 12 2023 19: +0,1683914400
0.344,1,May 13 2023 13: +0,1683979200
0.414,1,May 13 2023 16: +0,1683990000
0.3,1,May 13 2023 21: +0,1684008000
0.312,1,May 14 2023 06: +0,1684040400
0.32,3,May 14 2023 08: +0,1684047600
0.409,1,May 14 2023 17: +0,1684080000
0.409,1,May 14 2023 21: +0,1684094400
0.416,1,May 15 2023 01: +0,1684108800
0.344,1,May 15 2023 16: +0,1684162800
0.422,2,May 16 2023 01: +0,1684195200
0.374,1,May 16 2023 07: +0,1684216800
0.313,1,May 16 2023 20: +0,1684263600
0.374,1,May 17 2023 08: +0,1684306800
0.332,2,May 17 2023 18: +0,1684342800
0.373,1,May 17 2023 22: +0,1684357200
0.399,1,May 17 2023 23: +0,1684360800
0.313,1,May 18 2023 01: +0,1684368000
0.393,1,May 18 2023 20: +0,1684436400
0.399,1,May 18 2023 23: +0,1684447200
0.4,1,May 19 2023 08: +0,1684479600
0.322,1,May 19 2023 13: +0,1684497600
0.322,1,May 19 2023 21: +0,1684526400
0.387,1,May 20 2023 04: +0,1684551600
0.322,1,May 20 2023 18: +0,1684602000
0.33,1,May 20 2023 21: +0,1684612800
0.237,1,May 20 2023 23: +0,1684620000
0.338,1,May 21 2023 00: +0,1684623600
0.313,1,May 21 2023 16: +0,1684681200
0.33,1,May 21 2023 21: +0,1684699200
0.399,1,May 21 2023 23: +0,1684706400
0.408,1,May 22 2023 09: +0,1684742400
0.244,2,May 22 2023 18: +0,1684774800
0.461,2,May 22 2023 20: +0,1684782000
0.453,2,May 22 2023 21: +0,1684785600
0.408,1,May 23 2023 03: +0,1684807200
0.453,1,May 23 2023 20: +0,1684868400
0.348,1,May 24 2023 14: +0,1684933200
0.445,1,May 24 2023 23: +0,1684965600
0.307,1,May 25 2023 20: +0,1685041200
0.398,2,May 25 2023 21: +0,1685044800
0.445,1,May 25 2023 23: +0,1685052000
0.307,1,May 26 2023 04: +0,1685070000
0.348,1,May 26 2023 07: +0,1685080800
0.423,1,May 26 2023 13: +0,1685102400
0.332,1,May 26 2023 20: +0,1685127600
0.434,1,May 27 2023 12: +0,1685185200
0.348,1,May 27 2023 14: +0,1685192400
0.348,1,May 27 2023 18: +0,1685206800
0.403,1,May 27 2023 20: +0,1685214000
0.43,1,May 27 2023 21: +0,1685217600
0.367,1,May 28 2023 16: +0,1685286000
0.352,2,May 28 2023 20: +0,1685300400
0.419,1,May 29 2023 01: +0,1685318400
0.315,1,May 29 2023 06: +0,1685336400
0.42,1,May 29 2023 17: +0,1685376000
0.315,1,May 29 2023 22: +0,1685394000
0.418,1,May 30 2023 00: +0,1685401200
0.34,1,May 30 2023 08: +0,1685430000
0.348,1,May 30 2023 11: +0,1685440800
0.417,1,May 30 2023 15: +0,1685455200
0.356,1,May 30 2023 22: +0,1685480400
0.402,1,May 31 2023 10: +0,1685523600
0.419,1,May 31 2023 12: +0,1685530800
0.348,1,May 31 2023 21: +0,1685563200
0.405,1,May 31 2023 22: +0,1685566800
0.409,1,Jun 01 2023 04: +0,1685588400
0.354,1,Jun 01 2023 05: +0,1685592000
0.354,1,Jun 01 2023 06: +0,1685595600
0.226,1,Jun 01 2023 13: +0,1685620800
0.349,3,Jun 01 2023 15: +0,1685628000
0.375,1,Jun 01 2023 23: +0,1685656800
0.399,1,Jun 02 2023 10: +0,1685696400
0.407,1,Jun 02 2023 19: +0,1685728800
0.41,1,Jun 03 2023 08: +0,1685775600
0.374,2,Jun 03 2023 10: +0,1685782800
0.335,1,Jun 03 2023 13: +0,1685793600
0.405,1,Jun 03 2023 19: +0,1685815200
0.32,1,Jun 04 2023 01: +0,1685836800
0.344,1,Jun 04 2023 09: +0,1685865600
0.336,1,Jun 04 2023 10: +0,1685869200
0.37,2,Jun 04 2023 14: +0,1685883600
0.408,2,Jun 05 2023 04: +0,1685934000
0.414,1,Jun 05 2023 13: +0,1685966400
0.416,1,Jun 05 2023 17: +0,1685980800
0.413,1,Jun 05 2023 19: +0,1685988000
0.425,1,Jun 05 2023 20: +0,1685991600
0.416,1,Jun 05 2023 22: +0,1685998800
0.424,1,Jun 06 2023 03: +0,1686016800
0.367,1,Jun 06 2023 05: +0,1686024000
0.312,1,Jun 06 2023 13: +0,1686052800
0.384,1,Jun 06 2023 14: +0,1686056400
0.432,2,Jun 06 2023 16: +0,1686063600
0.478,1,Jun 06 2023 20: +0,1686078000
0.44,1,Jun 06 2023 21: +0,1686081600
0.475,1,Jun 07 2023 03: +0,1686103200
0.48,1,Jun 07 2023 09: +0,1686124800
0.408,1,Jun 07 2023 10: +0,1686128400
0.344,1,Jun 07 2023 12: +0,1686135600
0.44,1,Jun 07 2023 14: +0,1686142800
0.477,1,Jun 07 2023 18: +0,1686157200
0.48,5,Jun 08 2023 01: +0,1686182400
0.489,2,Jun 08 2023 13: +0,1686225600
0.44,2,Jun 08 2023 18: +0,1686243600
0.516,1,Jun 09 2023 00: +0,1686265200
0.541,1,Jun 09 2023 11: +0,1686304800
0.368,1,Jun 09 2023 19: +0,1686333600
0.438,1,Jun 09 2023 23: +0,1686348000
0.256,1,Jun 10 2023 05: +0,1686369600
0.523,1,Jun 10 2023 11: +0,1686391200
0.478,2,Jun 10 2023 21: +0,1686427200
0.434,1,Jun 11 2023 03: +0,1686448800
0.523,1,Jun 11 2023 05: +0,1686456000
0.509,2,Jun 11 2023 13: +0,1686484800
0.513,1,Jun 11 2023 14: +0,1686488400
0.513,1,Jun 11 2023 15: +0,1686492000
0.521,1,Jun 11 2023 22: +0,1686517200
0.513,3,Jun 12 2023 00: +0,1686524400
0.632,29,Jun 12 2023 02: +0,1686531600
0.845,1,Jun 12 2023 20: +0,1686596400
0.678,1,Jun 14 2023 00: +0,1686697200
0.686,1,Jun 14 2023 07: +0,1686722400
0.592,1,Jun 15 2023 17: +0,1686844800
0.526,1,Jun 16 2023 00: +0,1686870000
0.484,1,Jun 16 2023 04: +0,1686884400
0.526,1,Jun 16 2023 11: +0,1686909600
0.526,1,Jun 16 2023 12: +0,1686913200
0.653,1,Jun 16 2023 22: +0,1686949200
0.452,1,Jun 17 2023 14: +0,1687006800
0.529,1,Jun 17 2023 15: +0,1687010400
0.529,1,Jun 17 2023 22: +0,1687035600
0.529,1,Jun 18 2023 18: +0,1687107600
0.559,2,Jun 18 2023 22: +0,1687122000
0.601,3,Jun 19 2023 00: +0,1687129200
0.608,1,Jun 19 2023 03: +0,1687140000
0.601,1,Jun 19 2023 06: +0,1687150800
0.601,1,Jun 19 2023 07: +0,1687154400
0.507,1,Jun 19 2023 14: +0,1687179600
0.647,1,Jun 19 2023 18: +0,1687194000
0.653,1,Jun 19 2023 22: +0,1687208400
0.456,1,Jun 20 2023 09: +0,1687248000
0.651,1,Jun 20 2023 13: +0,1687262400
0.464,1,Jun 20 2023 14: +0,1687266000
0.433,1,Jun 22 2023 08: +0,1687417200
0.549,1,Jun 22 2023 12: +0,1687431600
0.551,1,Jun 22 2023 17: +0,1687449600
0.551,1,Jun 22 2023 23: +0,1687471200
0.658,1,Jun 23 2023 00: +0,1687474800
0.553,1,Jun 23 2023 14: +0,1687525200
0.541,1,Jun 23 2023 15: +0,1687528800
0.651,1,Jun 23 2023 21: +0,1687550400
0.479,1,Jun 24 2023 19: +0,1687629600
0.629,1,Jun 24 2023 21: +0,1687636800
0.417,1,Jun 25 2023 06: +0,1687669200
0.629,1,Jun 25 2023 17: +0,1687708800
0.613,1,Jun 25 2023 22: +0,1687726800
0.425,1,Jun 26 2023 09: +0,1687766400
0.624,1,Jun 26 2023 11: +0,1687773600
0.625,1,Jun 26 2023 14: +0,1687784400
0.507,1,Jun 26 2023 15: +0,1687788000
0.556,1,Jun 28 2023 22: +0,1687986000
0.501,1,Jun 29 2023 14: +0,1688043600
0.499,1,Jun 30 2023 01: +0,1688083200
0.437,1,Jun 30 2023 08: +0,1688108400
0.434,1,Jun 30 2023 14: +0,1688130000
0.434,1,Jun 30 2023 17: +0,1688140800
0.434,1,Jun 30 2023 21: +0,1688155200
0.434,3,Jul 01 2023 13: +0,1688212800
0.434,1,Jul 01 2023 18: +0,1688230800
0.434,2,Jul 01 2023 22: +0,1688245200
0.434,1,Jul 02 2023 06: +0,1688274000
0.434,1,Jul 02 2023 07: +0,1688277600
0.418,1,Jul 02 2023 10: +0,1688288400
0.621,2,Jul 02 2023 15: +0,1688306400
0.418,1,Jul 02 2023 22: +0,1688331600
0.551,1,Jul 03 2023 10: +0,1688374800
0.594,2,Jul 03 2023 11: +0,1688378400
0.434,1,Jul 03 2023 20: +0,1688410800
0.469,1,Jul 03 2023 21: +0,1688414400
0.552,1,Jul 04 2023 03: +0,1688436000
0.564,2,Jul 04 2023 04: +0,1688439600
0.569,1,Jul 04 2023 14: +0,1688475600
0.567,1,Jul 04 2023 18: +0,1688490000
0.429,1,Jul 05 2023 14: +0,1688562000
0.504,2,Jul 05 2023 22: +0,1688590800
0.385,1,Jul 06 2023 07: +0,1688623200
0.463,1,Jul 06 2023 10: +0,1688634000
0.533,1,Jul 06 2023 15: +0,1688652000
0.434,1,Jul 07 2023 04: +0,1688698800
0.43,1,Jul 08 2023 03: +0,1688781600
0.363,1,Jul 08 2023 23: +0,1688853600
0.491,1,Jul 09 2023 19: +0,1688925600
0.424,1,Jul 10 2023 02: +0,1688950800
0.434,1,Jul 10 2023 08: +0,1688972400
0.377,1,Jul 11 2023 11: +0,1689069600
0.393,1,Jul 11 2023 20: +0,1689102000
0.389,2,Jul 11 2023 21: +0,1689105600
0.408,1,Jul 12 2023 16: +0,1689174000
0.29,1,Jul 13 2023 00: +0,1689202800
0.405,1,Jul 13 2023 02: +0,1689210000
0.401,2,Jul 14 2023 14: +0,1689339600
0.382,1,Jul 14 2023 15: +0,1689343200
0.438,1,Jul 15 2023 11: +0,1689415200
0.437,1,Jul 15 2023 22: +0,1689454800
0.298,1,Jul 16 2023 10: +0,1689498000
0.437,1,Jul 16 2023 11: +0,1689501600
0.442,1,Jul 17 2023 20: +0,1689620400
0.383,1,Jul 18 2023 04: +0,1689649200
0.424,2,Jul 18 2023 14: +0,1689685200
0.442,1,Jul 18 2023 18: +0,1689699600
0.355,1,Jul 19 2023 02: +0,1689728400
0.45,1,Jul 19 2023 03: +0,1689732000
0.462,1,Jul 19 2023 23: +0,1689804000
0.42,1,Jul 20 2023 11: +0,1689847200
0.516,1,Jul 20 2023 14: +0,1689858000
0.537,1,Jul 20 2023 16: +0,1689865200
0.428,1,Jul 20 2023 21: +0,1689883200
0.372,1,Jul 21 2023 04: +0,1689908400
0.428,1,Jul 21 2023 08: +0,1689922800
0.428,1,Jul 21 2023 18: +0,1689958800
0.528,1,Jul 21 2023 22: +0,1689973200
0.537,2,Jul 22 2023 04: +0,1689994800
0.429,1,Jul 23 2023 10: +0,1690102800
0.429,1,Jul 23 2023 18: +0,1690131600
0.628,1,Jul 24 2023 15: +0,1690207200
0.48,1,Jul 26 2023 05: +0,1690344000
0.48,1,Jul 26 2023 06: +0,1690347600
0.457,1,Jul 26 2023 18: +0,1690390800
0.483,1,Jul 27 2023 01: +0,1690416000
0.51,1,Jul 27 2023 13: +0,1690459200
0.508,1,Jul 27 2023 20: +0,1690484400
0.498,1,Jul 28 2023 03: +0,1690509600
0.537,1,Jul 28 2023 11: +0,1690538400
0.437,1,Jul 28 2023 13: +0,1690545600
0.338,1,Jul 28 2023 19: +0,1690567200
0.37,1,Jul 29 2023 00: +0,1690585200
0.408,1,Jul 29 2023 16: +0,1690642800
0.37,1,Jul 29 2023 20: +0,1690657200
0.526,1,Jul 29 2023 21: +0,1690660800
0.525,1,Jul 30 2023 17: +0,1690732800
0.425,1,Jul 30 2023 18: +0,1690736400
0.487,1,Jul 31 2023 08: +0,1690786800
0.519,1,Aug 01 2023 07: +0,1690869600
0.433,1,Aug 02 2023 21: +0,1691006400
0.433,1,Aug 02 2023 22: +0,1691010000
0.409,1,Aug 03 2023 16: +0,1691074800
0.47,1,Aug 03 2023 23: +0,1691100000
0.401,1,Aug 04 2023 06: +0,1691125200
0.386,1,Aug 04 2023 14: +0,1691154000
0.474,1,Aug 04 2023 22: +0,1691182800
0.48,1,Aug 05 2023 11: +0,1691229600
0.496,2,Aug 05 2023 17: +0,1691251200
0.395,2,Aug 05 2023 20: +0,1691262000
0.401,1,Aug 05 2023 23: +0,1691272800
0.377,1,Aug 07 2023 04: +0,1691377200
0.397,1,Aug 07 2023 05: +0,1691380800
0.48,1,Aug 07 2023 13: +0,1691409600
0.484,2,Aug 07 2023 20: +0,1691434800
0.386,1,Aug 07 2023 22: +0,1691442000
0.37,1,Aug 08 2023 00: +0,1691449200
0.497,1,Aug 08 2023 06: +0,1691470800
0.396,1,Aug 08 2023 10: +0,1691485200
0.476,2,Aug 08 2023 17: +0,1691510400
0.487,1,Aug 08 2023 19: +0,1691517600
0.5,1,Aug 08 2023 21: +0,1691524800
0.386,1,Aug 09 2023 12: +0,1691578800
0.413,1,Aug 09 2023 13: +0,1691582400
0.39,1,Aug 09 2023 22: +0,1691614800
0.377,1,Aug 10 2023 05: +0,1691640000
0.323,1,Aug 10 2023 10: +0,1691658000
0.467,2,Aug 10 2023 16: +0,1691679600
0.399,1,Aug 10 2023 22: +0,1691701200
0.378,1,Aug 12 2023 15: +0,1691848800
0.378,1,Aug 12 2023 20: +0,1691866800
0.401,1,Aug 13 2023 09: +0,1691913600
0.48,1,Aug 13 2023 10: +0,1691917200
0.325,1,Aug 14 2023 23: +0,1692050400
0.364,1,Aug 15 2023 07: +0,1692079200
0.433,1,Aug 16 2023 07: +0,1692165600
0.298,1,Aug 16 2023 21: +0,1692216000
0.376,1,Aug 16 2023 22: +0,1692219600
0.373,1,Aug 17 2023 09: +0,1692259200
0.372,2,Aug 17 2023 13: +0,1692273600
0.369,2,Aug 17 2023 14: +0,1692277200
0.275,1,Aug 17 2023 21: +0,1692302400
0.415,2,Aug 18 2023 16: +0,1692370800
0.424,1,Aug 18 2023 20: +0,1692385200
0.426,1,Aug 19 2023 01: +0,1692403200
0.298,1,Aug 19 2023 13: +0,1692446400
0.298,1,Aug 19 2023 14: +0,1692450000
0.338,1,Aug 19 2023 19: +0,1692468000
0.338,1,Aug 19 2023 20: +0,1692471600
0.433,1,Aug 19 2023 22: +0,1692478800
0.338,1,Aug 20 2023 20: +0,1692558000
0.338,1,Aug 21 2023 09: +0,1692604800
0.436,1,Aug 22 2023 19: +0,1692727200
0.438,1,Aug 24 2023 21: +0,1692907200
0.449,1,Aug 25 2023 15: +0,1692972000
0.432,1,Aug 26 2023 21: +0,1693080000
0.341,1,Aug 26 2023 22: +0,1693083600
0.341,1,Aug 26 2023 23: +0,1693087200
0.341,1,Aug 27 2023 04: +0,1693105200
0.449,1,Aug 27 2023 11: +0,1693130400
0.429,1,Aug 27 2023 20: +0,1693162800
0.294,1,Aug 28 2023 03: +0,1693188000
0.456,1,Aug 28 2023 19: +0,1693245600
0.467,1,Aug 29 2023 00: +0,1693263600
0.465,1,Aug 29 2023 01: +0,1693267200
0.378,3,Aug 29 2023 18: +0,1693328400
0.459,1,Aug 29 2023 19: +0,1693332000
0.339,1,Aug 30 2023 03: +0,1693360800
0.396,1,Aug 30 2023 05: +0,1693368000
0.493,1,Aug 30 2023 07: +0,1693375200
0.395,1,Aug 30 2023 13: +0,1693396800
0.387,1,Aug 31 2023 01: +0,1693440000
0.331,1,Aug 31 2023 05: +0,1693454400
0.376,1,Aug 31 2023 13: +0,1693483200
0.46,1,Aug 31 2023 21: +0,1693512000
0.339,3,Aug 31 2023 22: +0,1693515600
0.465,1,Sep 01 2023 05: +0,1693540800
0.435,1,Sep 01 2023 11: +0,1693562400
0.462,1,Sep 01 2023 22: +0,1693602000
0.323,1,Sep 02 2023 06: +0,1693630800
0.3,1,Sep 02 2023 09: +0,1693641600
0.355,2,Sep 02 2023 12: +0,1693652400
0.374,1,Sep 03 2023 05: +0,1693713600
0.323,1,Sep 03 2023 10: +0,1693731600
0.435,1,Sep 03 2023 15: +0,1693749600
0.371,1,Sep 03 2023 17: +0,1693756800
0.455,2,Sep 04 2023 12: +0,1693825200
0.455,1,Sep 04 2023 16: +0,1693839600
0.481,1,Sep 04 2023 19: +0,1693850400
0.498,1,Sep 05 2023 01: +0,1693872000
0.443,1,Sep 05 2023 17: +0,1693929600
0.499,1,Sep 06 2023 00: +0,1693954800
0.443,1,Sep 06 2023 02: +0,1693962000
0.506,1,Sep 06 2023 14: +0,1694005200
0.346,1,Sep 07 2023 06: +0,1694062800
0.499,1,Sep 07 2023 12: +0,1694084400
0.443,1,Sep 08 2023 02: +0,1694134800
0.443,1,Sep 08 2023 13: +0,1694174400
0.507,1,Sep 08 2023 19: +0,1694196000
0.323,1,Sep 09 2023 17: +0,1694275200
0.427,2,Sep 09 2023 18: +0,1694278800
0.465,1,Sep 10 2023 18: +0,1694365200
0.443,1,Sep 10 2023 20: +0,1694372400
0.435,1,Sep 11 2023 10: +0,1694422800
0.466,1,Sep 11 2023 22: +0,1694466000
0.402,1,Sep 11 2023 23: +0,1694469600
0.298,1,Sep 12 2023 02: +0,1694480400
0.475,1,Sep 13 2023 03: +0,1694570400
0.474,1,Sep 13 2023 17: +0,1694620800
0.435,1,Sep 13 2023 18: +0,1694624400
0.474,1,Sep 13 2023 19: +0,1694628000
0.443,1,Sep 14 2023 00: +0,1694646000
0.436,1,Sep 15 2023 20: +0,1694804400
0.331,1,Sep 16 2023 06: +0,1694840400
0.495,1,Sep 16 2023 08: +0,1694847600
0.428,1,Sep 16 2023 20: +0,1694890800
0.493,1,Sep 17 2023 04: +0,1694919600
0.444,1,Sep 17 2023 05: +0,1694923200
0.494,1,Sep 17 2023 18: +0,1694970000
0.444,2,Sep 17 2023 19: +0,1694973600
0.436,1,Sep 18 2023 04: +0,1695006000
0.372,1,Sep 18 2023 09: +0,1695024000
0.341,1,Sep 18 2023 10: +0,1695027600
0.422,1,Sep 18 2023 18: +0,1695056400
0.426,1,Sep 19 2023 05: +0,1695096000
0.385,1,Sep 19 2023 16: +0,1695135600
0.429,1,Sep 19 2023 22: +0,1695157200
0.415,1,Sep 20 2023 17: +0,1695225600
0.352,1,Sep 20 2023 21: +0,1695240000
0.439,1,Sep 21 2023 11: +0,1695290400
0.452,1,Sep 21 2023 14: +0,1695301200
0.352,1,Sep 21 2023 22: +0,1695330000
0.447,2,Sep 22 2023 21: +0,1695412800
0.422,3,Sep 23 2023 19: +0,1695492000
0.416,1,Sep 24 2023 09: +0,1695542400
0.379,2,Sep 25 2023 12: +0,1695639600
0.377,1,Sep 26 2023 05: +0,1695700800
0.414,1,Sep 26 2023 14: +0,1695733200
0.445,1,Sep 26 2023 21: +0,1695758400
0.354,1,Sep 27 2023 22: +0,1695848400
0.413,1,Sep 28 2023 20: +0,1695927600
0.417,1,Sep 29 2023 08: +0,1695970800
0.295,1,Sep 29 2023 11: +0,1695981600
0.346,1,Sep 29 2023 20: +0,1696014000
0.329,1,Sep 29 2023 21: +0,1696017600
0.406,1,Sep 30 2023 12: +0,1696071600
0.357,1,Sep 30 2023 14: +0,1696078800
0.247,1,Oct 01 2023 06: +0,1696136400
0.357,1,Oct 01 2023 08: +0,1696143600
0.255,1,Oct 01 2023 17: +0,1696176000
0.324,1,Oct 01 2023 19: +0,1696183200
0.387,1,Oct 02 2023 04: +0,1696215600
0.318,1,Oct 02 2023 10: +0,1696237200
0.395,1,Oct 02 2023 23: +0,1696284000
0.395,1,Oct 03 2023 03: +0,1696298400
0.398,1,Oct 03 2023 09: +0,1696320000
0.385,1,Oct 04 2023 00: +0,1696374000
0.321,1,Oct 04 2023 08: +0,1696402800
0.28,1,Oct 04 2023 17: +0,1696435200
0.264,1,Oct 04 2023 20: +0,1696446000
0.297,1,Oct 04 2023 23: +0,1696456800
0.255,1,Oct 05 2023 08: +0,1696489200
0.322,1,Oct 05 2023 19: +0,1696528800
0.288,1,Oct 06 2023 04: +0,1696561200
0.315,2,Oct 06 2023 10: +0,1696582800
0.322,1,Oct 06 2023 12: +0,1696590000
0.313,3,Oct 06 2023 13: +0,1696593600
0.247,1,Oct 06 2023 17: +0,1696608000
0.32,1,Oct 06 2023 22: +0,1696626000
0.265,1,Oct 06 2023 23: +0,1696629600
0.321,1,Oct 07 2023 09: +0,1696665600
0.229,1,Oct 07 2023 14: +0,1696683600
0.329,1,Oct 07 2023 18: +0,1696698000
0.245,3,Oct 08 2023 18: +0,1696784400
0.312,1,Oct 09 2023 00: +0,1696806000
0.384,1,Oct 09 2023 01: +0,1696809600
0.375,1,Oct 09 2023 10: +0,1696842000
0.266,1,Oct 09 2023 22: +0,1696885200
0.385,1,Oct 10 2023 02: +0,1696899600
0.245,1,Oct 11 2023 01: +0,1696982400
0.398,1,Oct 11 2023 04: +0,1696993200
0.4,1,Oct 11 2023 09: +0,1697011200
0.391,1,Oct 11 2023 16: +0,1697036400
0.409,1,Oct 11 2023 17: +0,1697040000
0.354,1,Oct 12 2023 10: +0,1697101200
0.41,1,Oct 12 2023 11: +0,1697104800
0.419,2,Oct 12 2023 13: +0,1697112000
0.326,1,Oct 13 2023 12: +0,1697194800
0.337,1,Oct 13 2023 17: +0,1697212800
0.313,1,Oct 13 2023 18: +0,1697216400
0.337,1,Oct 13 2023 20: +0,1697223600
0.325,1,Oct 14 2023 00: +0,1697238000
0.345,1,Oct 14 2023 14: +0,1697288400
0.398,1,Oct 14 2023 18: +0,1697302800
0.39,1,Oct 15 2023 03: +0,1697335200
0.296,1,Oct 15 2023 13: +0,1697371200
0.263,1,Oct 15 2023 17: +0,1697385600
0.345,1,Oct 15 2023 18: +0,1697389200
0.398,1,Oct 15 2023 20: +0,1697396400
0.288,1,Oct 15 2023 23: +0,1697407200
0.391,1,Oct 16 2023 21: +0,1697486400
0.393,1,Oct 16 2023 22: +0,1697490000
0.296,1,Oct 17 2023 09: +0,1697529600
0.318,1,Oct 17 2023 22: +0,1697576400
0.354,1,Oct 18 2023 15: +0,1697637600
0.388,4,Oct 18 2023 22: +0,1697662800
0.353,1,Oct 19 2023 08: +0,1697698800
0.365,1,Oct 19 2023 18: +0,1697734800
0.373,1,Oct 19 2023 20: +0,1697742000
0.355,1,Oct 20 2023 00: +0,1697756400
0.239,1,Oct 20 2023 14: +0,1697806800
0.366,1,Oct 20 2023 18: +0,1697821200
0.345,1,Oct 20 2023 19: +0,1697824800
0.366,1,Oct 20 2023 20: +0,1697828400
0.306,3,Oct 21 2023 03: +0,1697853600
0.401,1,Oct 21 2023 17: +0,1697904000
0.341,1,Oct 22 2023 00: +0,1697929200
0.401,2,Oct 22 2023 13: +0,1697976000
0.448,3,Oct 22 2023 17: +0,1697990400
0.355,1,Oct 23 2023 08: +0,1698044400
0.395,1,Oct 23 2023 15: +0,1698069600
0.456,1,Oct 23 2023 21: +0,1698091200
0.385,1,Oct 24 2023 15: +0,1698156000
0.45,1,Oct 25 2023 04: +0,1698202800
0.418,1,Oct 25 2023 21: +0,1698264000
0.445,3,Oct 26 2023 06: +0,1698296400
0.471,1,Oct 26 2023 12: +0,1698318000
0.475,2,Oct 26 2023 17: +0,1698336000
0.487,1,Oct 26 2023 22: +0,1698354000
0.485,1,Oct 27 2023 03: +0,1698372000
0.491,1,Oct 27 2023 14: +0,1698411600
0.487,1,Oct 27 2023 15: +0,1698415200
0.447,1,Oct 28 2023 15: +0,1698501600
0.446,1,Oct 28 2023 23: +0,1698530400
0.325,1,Oct 30 2023 09: +0,1698656400
0.432,1,Oct 30 2023 10: +0,1698660000
0.434,1,Oct 30 2023 15: +0,1698678000
0.349,1,Oct 31 2023 07: +0,1698735600
0.425,1,Oct 31 2023 15: +0,1698764400
0.42,1,Nov 01 2023 00: +0,1698796800
0.438,1,Nov 01 2023 11: +0,1698836400
0.349,1,Nov 01 2023 14: +0,1698847200
0.339,1,Nov 01 2023 16: +0,1698854400
0.439,1,Nov 02 2023 14: +0,1698933600
0.373,1,Nov 03 2023 12: +0,1699012800
0.439,1,Nov 03 2023 20: +0,1699041600
0.495,2,Nov 04 2023 07: +0,1699081200
0.485,1,Nov 04 2023 17: +0,1699117200
0.483,1,Nov 05 2023 00: +0,1699142400
0.308,1,Nov 06 2023 12: +0,1699272000
0.469,1,Nov 06 2023 18: +0,1699293600
0.302,1,Nov 07 2023 13: +0,1699362000
0.436,1,Nov 07 2023 19: +0,1699383600
0.476,1,Nov 08 2023 18: +0,1699466400
0.365,1,Nov 08 2023 23: +0,1699484400
0.364,1,Nov 09 2023 01: +0,1699491600
0.366,1,Nov 09 2023 12: +0,1699531200
0.441,2,Nov 09 2023 19: +0,1699556400
0.515,1,Nov 10 2023 20: +0,1699646400
0.361,1,Nov 11 2023 14: +0,1699711200
0.517,1,Nov 11 2023 17: +0,1699722000
0.517,1,Nov 11 2023 18: +0,1699725600
0.489,1,Nov 12 2023 10: +0,1699783200
0.502,1,Nov 12 2023 15: +0,1699801200
0.385,1,Nov 12 2023 21: +0,1699822800
0.326,1,Nov 12 2023 22: +0,1699826400
0.412,2,Nov 14 2023 08: +0,1699948800
0.489,1,Nov 14 2023 16: +0,1699977600
0.478,1,Nov 15 2023 20: +0,1700078400
0.462,1,Nov 17 2023 15: +0,1700233200
0.39,1,Nov 18 2023 00: +0,1700265600
0.345,1,Nov 18 2023 06: +0,1700287200
0.225,1,Nov 18 2023 08: +0,1700294400
0.489,1,Nov 18 2023 10: +0,1700301600
0.489,1,Nov 19 2023 00: +0,1700352000
0.369,1,Nov 19 2023 15: +0,1700406000
0.48,1,Nov 19 2023 22: +0,1700431200
0.393,1,Nov 20 2023 02: +0,1700445600
0.318,1,Nov 20 2023 12: +0,1700481600
0.345,1,Nov 21 2023 12: +0,1700568000
0.335,1,Nov 23 2023 08: +0,1700726400
0.304,1,Nov 23 2023 14: +0,1700748000
0.345,1,Nov 23 2023 20: +0,1700769600
0.47,1,Nov 23 2023 21: +0,1700773200
0.298,1,Nov 23 2023 23: +0,1700780400
0.33,1,Nov 24 2023 16: +0,1700841600
0.469,1,Nov 24 2023 23: +0,1700866800
0.48,1,Nov 25 2023 07: +0,1700895600
0.441,1,Nov 26 2023 15: +0,1701010800
0.34,2,Nov 27 2023 15: +0,1701097200
0.436,4,Nov 27 2023 16: +0,1701100800
0.311,1,Nov 28 2023 08: +0,1701158400
0.332,1,Nov 28 2023 10: +0,1701165600
0.411,1,Nov 28 2023 20: +0,1701201600
0.453,1,Nov 29 2023 19: +0,1701284400
0.48,1,Nov 30 2023 17: +0,1701363600
0.372,1,Dec 01 2023 00: +0,1701388800
0.392,1,Dec 01 2023 01: +0,1701392400
0.392,1,Dec 01 2023 03: +0,1701399600
0.471,1,Dec 01 2023 08: +0,1701417600
0.344,1,Dec 01 2023 12: +0,1701432000
0.471,1,Dec 01 2023 14: +0,1701439200
0.408,1,Dec 01 2023 19: +0,1701457200
0.478,1,Dec 02 2023 21: +0,1701550800
0.38,1,Dec 03 2023 14: +0,1701612000
0.487,3,Dec 03 2023 19: +0,1701630000
0.487,1,Dec 03 2023 23: +0,1701644400
0.408,1,Dec 04 2023 02: +0,1701655200
0.408,1,Dec 04 2023 03: +0,1701658800
0.401,1,Dec 04 2023 19: +0,1701716400
0.471,1,Dec 05 2023 15: +0,1701788400
0.395,1,Dec 06 2023 14: +0,1701871200
0.433,1,Dec 06 2023 17: +0,1701882000
0.43,19,Dec 08 2023 04: +0,1702008000
0.473,1,Dec 08 2023 20: +0,1702065600
0.368,2,Dec 08 2023 22: +0,1702072800
0.344,1,Dec 09 2023 05: +0,1702098000
0.324,2,Dec 09 2023 06: +0,1702101600
0.358,1,Dec 10 2023 11: +0,1702206000
0.409,1,Dec 11 2023 10: +0,1702288800
0.308,1,Dec 11 2023 16: +0,1702310400
0.416,1,Dec 11 2023 22: +0,1702332000
0.482,1,Dec 12 2023 00: +0,1702339200
0.492,1,Dec 12 2023 20: +0,1702411200
0.3,1,Dec 12 2023 23: +0,1702422000
0.434,1,Dec 13 2023 23: +0,1702508400
0.44,1,Dec 14 2023 01: +0,1702515600
0.523,1,Dec 14 2023 15: +0,1702566000
0.519,1,Dec 14 2023 17: +0,1702573200
0.505,1,Dec 16 2023 03: +0,1702695600
0.418,1,Dec 16 2023 06: +0,1702706400
0.517,2,Dec 16 2023 17: +0,1702746000
0.339,1,Dec 17 2023 20: +0,1702843200
0.445,1,Dec 18 2023 12: +0,1702900800
0.363,1,Dec 18 2023 17: +0,1702918800
0.324,1,Dec 19 2023 00: +0,1702944000
0.324,1,Dec 20 2023 07: +0,1703055600
0.448,2,Dec 21 2023 03: +0,1703127600
0.347,1,Dec 21 2023 07: +0,1703142000
0.442,1,Dec 21 2023 19: +0,1703185200
0.329,1,Dec 21 2023 21: +0,1703192400
0.32,1,Dec 22 2023 00: +0,1703203200
0.447,4,Dec 22 2023 15: +0,1703257200
0.283,1,Dec 22 2023 17: +0,1703264400
0.465,1,Dec 23 2023 03: +0,1703300400
0.477,1,Dec 23 2023 18: +0,1703354400
0.341,1,Dec 24 2023 23: +0,1703458800
0.506,1,Dec 25 2023 11: +0,1703502000
0.36,1,Dec 26 2023 07: +0,1703574000
0.41,2,Dec 27 2023 20: +0,1703707200
0.362,1,Dec 27 2023 21: +0,1703710800
0.362,1,Dec 28 2023 01: +0,1703725200
0.495,1,Dec 28 2023 13: +0,1703768400
0.513,1,Dec 29 2023 10: +0,1703844000
0.519,1,Dec 31 2023 17: +0,1704042000
0.348,1,Dec 31 2023 20: +0,1704052800
0.307,1,Dec 31 2023 21: +0,1704056400
0.354,1,Jan 01 2024 02: +0,1704074400
0.543,10,Jan 01 2024 04: +0,1704081600
0.33,2,Jan 02 2024 18: +0,1704218400
0.338,1,Jan 02 2024 19: +0,1704222000
0.338,1,Jan 02 2024 20: +0,1704225600
0.342,1,Jan 03 2024 05: +0,1704258000
0.438,1,Jan 03 2024 22: +0,1704319200
0.321,1,Jan 04 2024 05: +0,1704344400
0.307,1,Jan 04 2024 23: +0,1704409200
0.43,1,Jan 05 2024 11: +0,1704452400
0.435,1,Jan 05 2024 13: +0,1704459600
0.443,1,Jan 05 2024 17: +0,1704474000
0.362,1,Jan 06 2024 03: +0,1704510000
0.44,1,Jan 06 2024 19: +0,1704567600
0.316,1,Jan 06 2024 21: +0,1704574800
0.322,1,Jan 07 2024 01: +0,1704589200
0.338,1,Jan 07 2024 02: +0,1704592800
0.442,1,Jan 07 2024 04: +0,1704600000
0.307,1,Jan 07 2024 20: +0,1704657600
0.33,1,Jan 08 2024 05: +0,1704690000
0.383,2,Jan 08 2024 09: +0,1704704400
0.338,1,Jan 09 2024 17: +0,1704819600
0.329,1,Jan 10 2024 08: +0,1704873600
0.318,1,Jan 10 2024 16: +0,1704902400
0.378,1,Jan 10 2024 20: +0,1704916800
0.291,1,Jan 11 2024 13: +0,1704978000
0.356,1,Jan 11 2024 22: +0,1705010400
0.25,1,Jan 12 2024 04: +0,1705032000
0.411,1,Jan 12 2024 08: +0,1705046400
0.411,1,Jan 12 2024 10: +0,1705053600
0.292,1,Jan 13 2024 09: +0,1705136400
0.319,2,Jan 13 2024 10: +0,1705140000
0.316,1,Jan 13 2024 14: +0,1705154400
0.417,2,Jan 13 2024 20: +0,1705176000
0.418,2,Jan 14 2024 19: +0,1705258800
0.423,2,Jan 15 2024 07: +0,1705302000
0.324,1,Jan 15 2024 16: +0,1705334400
0.292,1,Jan 16 2024 00: +0,1705363200
0.292,1,Jan 16 2024 01: +0,1705366800
0.553,10,Jan 16 2024 05: +0,1705381200
0.668,1,Jan 16 2024 10: +0,1705399200
0.385,2,Jan 16 2024 23: +0,1705446000
0.506,1,Jan 18 2024 10: +0,1705572000
0.656,1,Jan 19 2024 22: +0,1705701600
0.35,1,Jan 21 2024 09: +0,1705827600
0.367,1,Jan 21 2024 21: +0,1705870800
0.591,1,Jan 22 2024 23: +0,1705964400
0.36,1,Jan 23 2024 09: +0,1706000400
0.6,1,Jan 23 2024 16: +0,1706025600
0.409,1,Jan 23 2024 20: +0,1706040000
0.512,1,Jan 24 2024 20: +0,1706126400
0.438,1,Jan 25 2024 10: +0,1706176800
0.36,1,Jan 25 2024 21: +0,1706216400
0.437,1,Jan 28 2024 03: +0,1706410800
0.442,1,Jan 29 2024 01: +0,1706490000
0.444,1,Jan 29 2024 09: +0,1706518800
0.442,2,Jan 29 2024 21: +0,1706562000
0.31,1,Jan 30 2024 16: +0,1706630400
0.318,1,Jan 31 2024 15: +0,1706713200
0.318,1,Feb 01 2024 09: +0,1706778000
0.492,1,Feb 01 2024 18: +0,1706810400
0.496,1,Feb 02 2024 03: +0,1706842800
0.436,1,Feb 02 2024 17: +0,1706893200
0.369,1,Feb 03 2024 17: +0,1706979600
0.508,1,Feb 05 2024 02: +0,1707098400
0.508,1,Feb 05 2024 04: +0,1707105600
0.515,1,Feb 05 2024 15: +0,1707145200
0.498,1,Feb 06 2024 18: +0,1707242400
0.5,1,Feb 06 2024 20: +0,1707249600
0.439,1,Feb 07 2024 03: +0,1707274800
0.515,1,Feb 08 2024 04: +0,1707364800
0.519,1,Feb 08 2024 13: +0,1707397200
0.435,1,Feb 08 2024 20: +0,1707422400
0.413,1,Feb 09 2024 15: +0,1707490800
0.496,1,Feb 09 2024 19: +0,1707505200
0.524,1,Feb 11 2024 17: +0,1707670800
0.319,1,Feb 12 2024 20: +0,1707768000
0.385,1,Feb 13 2024 13: +0,1707829200
0.448,1,Feb 13 2024 19: +0,1707850800
0.438,1,Feb 14 2024 02: +0,1707876000
0.446,1,Feb 14 2024 13: +0,1707915600
0.44,1,Feb 15 2024 01: +0,1707958800
0.43,1,Feb 15 2024 15: +0,1708009200
0.438,1,Feb 15 2024 20: +0,1708027200
0.508,1,Feb 16 2024 22: +0,1708120800
0.507,1,Feb 16 2024 23: +0,1708124400
0.394,1,Feb 17 2024 00: +0,1708128000
0.513,1,Feb 17 2024 15: +0,1708182000
0.452,1,Feb 19 2024 05: +0,1708318800
0.442,1,Feb 20 2024 01: +0,1708390800
0.396,1,Feb 20 2024 12: +0,1708430400
0.439,1,Feb 20 2024 17: +0,1708448400
0.334,1,Feb 20 2024 19: +0,1708455600
0.395,1,Feb 21 2024 00: +0,1708473600
0.447,1,Feb 21 2024 06: +0,1708495200
0.512,4,Feb 21 2024 14: +0,1708524000
0.394,1,Feb 21 2024 15: +0,1708527600
0.489,1,Feb 22 2024 00: +0,1708560000
0.515,1,Feb 22 2024 11: +0,1708599600
0.505,1,Feb 23 2024 08: +0,1708675200
0.517,1,Feb 24 2024 04: +0,1708747200
0.383,1,Feb 25 2024 07: +0,1708844400
0.408,1,Feb 25 2024 13: +0,1708866000
0.41,1,Feb 25 2024 14: +0,1708869600
0.518,1,Feb 25 2024 21: +0,1708894800
0.513,1,Feb 26 2024 20: +0,1708977600
0.394,1,Feb 26 2024 23: +0,1708988400
0.395,1,Feb 27 2024 21: +0,1709067600
0.513,1,Feb 28 2024 03: +0,1709089200
0.513,1,Feb 28 2024 18: +0,1709143200
0.506,1,Feb 29 2024 01: +0,1709168400
0.417,2,Feb 29 2024 12: +0,1709208000
0.477,1,Mar 01 2024 00: +0,1709251200
0.505,1,Mar 01 2024 22: +0,1709330400
0.518,1,Mar 02 2024 09: +0,1709370000
0.335,1,Mar 03 2024 02: +0,1709431200
0.445,1,Mar 03 2024 15: +0,1709478000
0.538,4,Mar 03 2024 16: +0,1709481600
0.422,2,Mar 05 2024 12: +0,1709640000
0.509,1,Mar 06 2024 23: +0,1709766000
0.575,1,Mar 07 2024 19: +0,1709838000
0.398,1,Mar 08 2024 19: +0,1709924400
0.429,1,Mar 08 2024 23: +0,1709938800
0.384,1,Mar 09 2024 02: +0,1709949600
0.504,1,Mar 09 2024 19: +0,1710010800
0.513,1,Mar 10 2024 12: +0,1710072000
0.53,2,Mar 10 2024 16: +0,1710086400
0.402,1,Mar 11 2024 13: +0,1710162000
0.413,1,Mar 11 2024 21: +0,1710190800
0.505,1,Mar 12 2024 19: +0,1710270000
0.489,1,Mar 14 2024 22: +0,1710453600
0.496,1,Mar 15 2024 05: +0,1710478800
0.496,1,Mar 15 2024 12: +0,1710504000
0.507,1,Mar 15 2024 16: +0,1710518400
0.036,1,Mar 15 2024 17: +0,1710522000
0.472,1,Mar 17 2024 02: +0,1710640800
0.22,1,Mar 17 2024 09: +0,1710666000
0.481,1,Mar 17 2024 23: +0,1710716400
0.501,2,Mar 18 2024 08: +0,1710748800
0.508,1,Mar 19 2024 14: +0,1710856800
0.414,1,Mar 19 2024 21: +0,1710882000
0.409,1,Mar 20 2024 01: +0,1710896400
0.414,1,Mar 20 2024 14: +0,1710943200
0.425,1,Mar 20 2024 18: +0,1710957600
0.385,1,Mar 21 2024 12: +0,1711022400
0.456,1,Mar 22 2024 03: +0,1711076400
0.513,1,Mar 22 2024 19: +0,1711134000
0.427,1,Mar 22 2024 21: +0,1711141200
0.368,1,Mar 23 2024 12: +0,1711195200
0.41,1,Mar 24 2024 08: +0,1711267200
0.42,1,Mar 24 2024 18: +0,1711303200
0.491,1,Mar 24 2024 19: +0,1711306800
0.497,1,Mar 25 2024 20: +0,1711396800
0.491,1,Mar 27 2024 01: +0,1711501200
0.501,1,Mar 27 2024 18: +0,1711562400
0.492,1,Mar 28 2024 13: +0,1711630800
0.478,1,Mar 30 2024 06: +0,1711778400
0.426,1,Mar 30 2024 14: +0,1711807200
0.434,1,Mar 30 2024 15: +0,1711810800
0.434,1,Mar 31 2024 06: +0,1711861200
0.426,1,Mar 31 2024 19: +0,1711908000
0.463,1,Apr 01 2024 14: +0,1711976400
0.426,1,Apr 03 2024 14: +0,1712149200
0.434,1,Apr 03 2024 22: +0,1712178000
0.366,1,Apr 04 2024 15: +0,1712239200
0.434,1,Apr 04 2024 16: +0,1712242800
0.426,1,Apr 04 2024 17: +0,1712246400
0.452,1,Apr 04 2024 18: +0,1712250000
0.451,1,Apr 06 2024 07: +0,1712383200
0.433,1,Apr 06 2024 16: +0,1712415600
0.458,4,Apr 06 2024 22: +0,1712437200
0.424,1,Apr 07 2024 22: +0,1712523600
0.471,1,Apr 08 2024 00: +0,1712530800
0.473,2,Apr 08 2024 05: +0,1712548800
0.425,1,Apr 08 2024 14: +0,1712581200
0.494,4,Apr 08 2024 16: +0,1712588400
0.43,1,Apr 08 2024 20: +0,1712602800
0.431,1,Apr 09 2024 14: +0,1712667600
0.426,1,Apr 09 2024 22: +0,1712696400
0.49,1,Apr 10 2024 01: +0,1712707200
0.482,1,Apr 10 2024 17: +0,1712764800
0.517,2,Apr 11 2024 11: +0,1712829600
0.558,1,Apr 12 2024 20: +0,1712948400
0.43,1,Apr 12 2024 21: +0,1712952000
0.442,1,Apr 13 2024 18: +0,1713027600
0.55,1,Apr 14 2024 15: +0,1713103200
0.531,2,Apr 14 2024 16: +0,1713106800
0.443,1,Apr 14 2024 19: +0,1713117600
0.443,1,Apr 15 2024 07: +0,1713160800
0.45,1,Apr 16 2024 02: +0,1713229200
0.442,1,Apr 16 2024 15: +0,1713276000
0.442,1,Apr 17 2024 06: +0,1713330000
0.648,1,Apr 17 2024 08: +0,1713337200
0.454,3,Apr 17 2024 20: +0,1713380400
0.442,1,Apr 18 2024 00: +0,1713394800
0.442,1,Apr 18 2024 19: +0,1713463200
0.599,1,Apr 18 2024 22: +0,1713474000
0.599,1,Apr 19 2024 22: +0,1713560400
0.428,1,Apr 19 2024 23: +0,1713564000
0.458,1,Apr 21 2024 09: +0,1713686400
0.466,1,Apr 21 2024 18: +0,1713718800
0.479,1,Apr 21 2024 22: +0,1713733200
0.599,2,Apr 22 2024 04: +0,1713754800
0.487,1,Apr 22 2024 21: +0,1713816000
0.487,2,Apr 23 2024 18: +0,1713891600
0.583,1,Apr 23 2024 22: +0,1713906000
0.479,1,Apr 24 2024 01: +0,1713916800
0.495,1,Apr 24 2024 09: +0,1713945600
0.503,1,Apr 24 2024 14: +0,1713963600
0.456,1,Apr 26 2024 14: +0,1714136400
0.511,1,Apr 27 2024 07: +0,1714197600
0.432,1,Apr 27 2024 20: +0,1714244400
0.512,1,Apr 27 2024 21: +0,1714248000
0.526,1,Apr 29 2024 01: +0,1714348800
0.519,1,Apr 29 2024 12: +0,1714388400
0.444,9,Apr 29 2024 20: +0,1714417200
0.521,1,Apr 30 2024 12: +0,1714474800
0.522,1,May 01 2024 03: +0,1714528800
0.575,2,May 03 2024 03: +0,1714701600
0.439,2,May 03 2024 20: +0,1714762800
0.527,1,May 04 2024 00: +0,1714777200
0.527,1,May 04 2024 01: +0,1714780800
0.527,1,May 04 2024 02: +0,1714784400
0.551,1,May 05 2024 12: +0,1714906800
0.536,1,May 07 2024 14: +0,1715086800
0.535,1,May 07 2024 21: +0,1715112000
0.465,1,May 09 2024 14: +0,1715259600
0.45,1,May 10 2024 20: +0,1715367600
0.458,1,May 10 2024 21: +0,1715371200
0.536,1,May 11 2024 14: +0,1715432400
0.45,1,May 11 2024 21: +0,1715457600
0.482,1,May 12 2024 17: +0,1715529600
0.435,1,May 13 2024 19: +0,1715623200
0.514,2,May 14 2024 02: +0,1715648400
0.558,1,May 14 2024 16: +0,1715698800
0.569,1,May 14 2024 19: +0,1715709600
0.578,1,May 15 2024 16: +0,1715785200
0.474,1,May 16 2024 14: +0,1715864400
0.514,1,May 17 2024 12: +0,1715943600
0.573,1,May 18 2024 05: +0,1716004800
0.576,1,May 19 2024 03: +0,1716084000
0.512,1,May 19 2024 06: +0,1716094800
0.512,1,May 20 2024 00: +0,1716159600
0.496,1,May 24 2024 03: +0,1716516000
0.535,1,May 24 2024 18: +0,1716570000
0.448,1,May 24 2024 19: +0,1716573600
0.448,1,May 26 2024 08: +0,1716706800
0.487,1,May 26 2024 18: +0,1716742800
0.487,1,May 27 2024 12: +0,1716807600
0.573,1,May 28 2024 05: +0,1716868800
0.481,1,May 28 2024 23: +0,1716933600
0.586,1,May 30 2024 02: +0,1717030800
0.567,1,May 31 2024 09: +0,1717142400
0.58,1,Jun 01 2024 06: +0,1717218000
0.588,2,Jun 02 2024 13: +0,1717329600
0.591,1,Jun 04 2024 02: +0,1717462800
0.472,1,Jun 06 2024 08: +0,1717657200
0.545,1,Jun 06 2024 17: +0,1717689600
0.578,1,Jun 09 2024 08: +0,1717916400
0.592,1,Jun 09 2024 14: +0,1717938000
0.585,1,Jun 09 2024 23: +0,1717970400
0.544,1,Jun 14 2024 12: +0,1718362800
0.544,1,Jun 14 2024 20: +0,1718391600
0.543,1,Jun 15 2024 15: +0,1718460000
