price,quantity,date,unix timestamp
0.426,17,May 05 2023 01: +0,1683244800
0.555,25,May 05 2023 02: +0,1683248400
0.518,49,May 05 2023 03: +0,1683252000
0.488,25,May 05 2023 04: +0,1683255600
0.456,35,May 05 2023 05: +0,1683259200
0.475,33,May 05 2023 06: +0,1683262800
0.475,31,May 05 2023 07: +0,1683266400
0.458,41,May 05 2023 08: +0,1683270000
0.464,27,May 05 2023 09: +0,1683273600
0.672,46,May 05 2023 10: +0,1683277200
0.475,20,May 05 2023 11: +0,1683280800
0.405,37,May 05 2023 12: +0,1683284400
0.47,42,May 05 2023 13: +0,1683288000
0.492,16,May 05 2023 14: +0,1683291600
0.558,22,May 05 2023 15: +0,1683295200
0.39,33,May 05 2023 16: +0,1683298800
0.409,34,May 05 2023 17: +0,1683302400
0.406,36,May 05 2023 18: +0,1683306000
0.377,36,May 05 2023 19: +0,1683309600
0.37,31,May 05 2023 20: +0,1683313200
0.369,25,May 05 2023 21: +0,1683316800
0.404,24,May 05 2023 22: +0,1683320400
0.367,12,May 05 2023 23: +0,1683324000
0.344,11,May 06 2023 00: +0,1683327600
0.343,12,May 06 2023 01: +0,1683331200
0.334,5,May 06 2023 02: +0,1683334800
0.345,7,May 06 2023 03: +0,1683338400
0.338,8,May 06 2023 04: +0,1683342000
0.341,14,May 06 2023 05: +0,1683345600
0.348,20,May 06 2023 06: +0,1683349200
0.354,8,May 06 2023 07: +0,1683352800
0.321,8,May 06 2023 08: +0,1683356400
0.343,15,May 06 2023 09: +0,1683360000
0.345,21,May 06 2023 10: +0,1683363600
0.34,14,May 06 2023 11: +0,1683367200
0.34,16,May 06 2023 12: +0,1683370800
0.357,14,May 06 2023 13: +0,1683374400
0.344,9,May 06 2023 14: +0,1683378000
0.344,11,May 06 2023 15: +0,1683381600
0.327,17,May 06 2023 16: +0,1683385200
0.325,23,May 06 2023 17: +0,1683388800
0.325,23,May 06 2023 18: +0,1683392400
0.328,14,May 06 2023 19: +0,1683396000
0.334,17,May 06 2023 20: +0,1683399600
0.323,13,May 06 2023 21: +0,1683403200
0.328,11,May 06 2023 22: +0,1683406800
0.307,12,May 06 2023 23: +0,1683410400
0.298,4,May 07 2023 00: +0,1683414000
0.328,10,May 07 2023 01: +0,1683417600
0.328,5,May 07 2023 02: +0,1683421200
0.367,17,May 07 2023 03: +0,1683424800
0.344,5,May 07 2023 04: +0,1683428400
0.367,6,May 07 2023 05: +0,1683432000
0.359,1,May 07 2023 06: +0,1683435600
0.336,7,May 07 2023 07: +0,1683439200
0.344,6,May 07 2023 08: +0,1683442800
0.36,12,May 07 2023 09: +0,1683446400
0.384,6,May 07 2023 10: +0,1683450000
0.359,10,May 07 2023 11: +0,1683453600
0.384,13,May 07 2023 12: +0,1683457200
0.377,21,May 07 2023 13: +0,1683460800
0.361,14,May 07 2023 14: +0,1683464400
0.359,11,May 07 2023 15: +0,1683468000
0.37,11,May 07 2023 16: +0,1683471600
0.369,12,May 07 2023 17: +0,1683475200
0.399,24,May 07 2023 18: +0,1683478800
0.394,7,May 07 2023 19: +0,1683482400
0.359,5,May 07 2023 20: +0,1683486000
0.348,9,May 07 2023 21: +0,1683489600
0.365,8,May 07 2023 22: +0,1683493200
0.345,10,May 07 2023 23: +0,1683496800
0.323,2,May 08 2023 00: +0,1683500400
0.364,4,May 08 2023 01: +0,1683504000
0.332,3,May 08 2023 02: +0,1683507600
0.341,2,May 08 2023 03: +0,1683511200
0.316,6,May 08 2023 04: +0,1683514800
0.328,3,May 08 2023 05: +0,1683518400
0.36,3,May 08 2023 06: +0,1683522000
0.321,5,May 08 2023 07: +0,1683525600
0.399,6,May 08 2023 08: +0,1683529200
0.32,3,May 08 2023 09: +0,1683532800
0.413,12,May 08 2023 10: +0,1683536400
0.439,11,May 08 2023 11: +0,1683540000
0.317,6,May 08 2023 12: +0,1683543600
0.366,10,May 08 2023 13: +0,1683547200
0.307,10,May 08 2023 14: +0,1683550800
0.343,5,May 08 2023 15: +0,1683554400
0.272,13,May 08 2023 16: +0,1683558000
0.341,6,May 08 2023 17: +0,1683561600
0.277,10,May 08 2023 18: +0,1683565200
0.331,13,May 08 2023 19: +0,1683568800
0.311,22,May 08 2023 20: +0,1683572400
0.3,9,May 08 2023 21: +0,1683576000
0.284,12,May 08 2023 22: +0,1683579600
0.28,10,May 08 2023 23: +0,1683583200
0.279,4,May 09 2023 00: +0,1683586800
0.298,13,May 09 2023 01: +0,1683590400
0.32,6,May 09 2023 02: +0,1683594000
0.32,1,May 09 2023 03: +0,1683597600
0.344,1,May 09 2023 04: +0,1683601200
0.221,1,May 09 2023 05: +0,1683604800
0.342,5,May 09 2023 06: +0,1683608400
0.315,4,May 09 2023 07: +0,1683612000
0.273,3,May 09 2023 08: +0,1683615600
0.351,12,May 09 2023 09: +0,1683619200
0.355,47,May 09 2023 10: +0,1683622800
0.327,5,May 09 2023 11: +0,1683626400
0.355,1,May 09 2023 12: +0,1683630000
0.305,5,May 09 2023 13: +0,1683633600
0.356,9,May 09 2023 14: +0,1683637200
0.353,6,May 09 2023 15: +0,1683640800
0.34,4,May 09 2023 16: +0,1683644400
0.23,5,May 09 2023 17: +0,1683648000
0.272,12,May 09 2023 18: +0,1683651600
0.274,6,May 09 2023 19: +0,1683655200
0.275,3,May 09 2023 20: +0,1683658800
0.275,7,May 09 2023 21: +0,1683662400
0.282,8,May 09 2023 22: +0,1683666000
0.245,3,May 09 2023 23: +0,1683669600
0.272,3,May 10 2023 00: +0,1683673200
0.267,1,May 10 2023 01: +0,1683676800
0.263,2,May 10 2023 02: +0,1683680400
0.272,1,May 10 2023 03: +0,1683684000
0.254,3,May 10 2023 04: +0,1683687600
0.228,1,May 10 2023 05: +0,1683691200
0.236,1,May 10 2023 06: +0,1683694800
0.256,8,May 10 2023 07: +0,1683698400
0.262,4,May 10 2023 08: +0,1683702000
0.332,12,May 10 2023 09: +0,1683705600
0.282,4,May 10 2023 10: +0,1683709200
0.324,17,May 10 2023 11: +0,1683712800
0.36,4,May 10 2023 12: +0,1683716400
0.245,5,May 10 2023 13: +0,1683720000
0.282,4,May 10 2023 14: +0,1683723600
0.341,8,May 10 2023 15: +0,1683727200
0.341,15,May 10 2023 16: +0,1683730800
0.302,6,May 10 2023 17: +0,1683734400
0.35,10,May 10 2023 18: +0,1683738000
0.288,9,May 10 2023 19: +0,1683741600
0.248,1,May 10 2023 20: +0,1683745200
0.246,11,May 10 2023 21: +0,1683748800
0.293,9,May 10 2023 22: +0,1683752400
0.272,3,May 10 2023 23: +0,1683756000
0.264,2,May 11 2023 00: +0,1683759600
0.303,1,May 11 2023 01: +0,1683763200
0.272,4,May 11 2023 02: +0,1683766800
0.268,1,May 11 2023 03: +0,1683770400
0.312,5,May 11 2023 04: +0,1683774000
0.272,2,May 11 2023 05: +0,1683777600
0.238,2,May 11 2023 06: +0,1683781200
0.249,2,May 11 2023 07: +0,1683784800
0.285,4,May 11 2023 08: +0,1683788400
0.246,2,May 11 2023 09: +0,1683792000
0.053,1,May 11 2023 10: +0,1683795600
0.316,5,May 11 2023 11: +0,1683799200
0.252,4,May 11 2023 12: +0,1683802800
0.298,6,May 11 2023 13: +0,1683806400
0.252,7,May 11 2023 14: +0,1683810000
0.309,16,May 11 2023 15: +0,1683813600
0.332,53,May 11 2023 16: +0,1683817200
0.4,11,May 11 2023 17: +0,1683820800
0.416,8,May 11 2023 18: +0,1683824400
0.452,8,May 11 2023 19: +0,1683828000
0.448,5,May 11 2023 20: +0,1683831600
0.364,3,May 11 2023 21: +0,1683835200
0.275,11,May 11 2023 22: +0,1683838800
0.26,6,May 11 2023 23: +0,1683842400
0.363,2,May 12 2023 00: +0,1683846000
0.301,2,May 12 2023 01: +0,1683849600
0.332,4,May 12 2023 02: +0,1683853200
0.369,8,May 12 2023 03: +0,1683856800
0.384,4,May 12 2023 04: +0,1683860400
0.267,5,May 12 2023 06: +0,1683867600
0.305,2,May 12 2023 07: +0,1683871200
0.381,5,May 12 2023 08: +0,1683874800
0.404,18,May 12 2023 09: +0,1683878400
0.451,17,May 12 2023 10: +0,1683882000
0.533,10,May 12 2023 11: +0,1683885600
0.461,5,May 12 2023 12: +0,1683889200
0.432,2,May 12 2023 13: +0,1683892800
0.447,3,May 12 2023 14: +0,1683896400
0.48,5,May 12 2023 15: +0,1683900000
0.515,4,May 12 2023 16: +0,1683903600
0.436,7,May 12 2023 17: +0,1683907200
0.43,8,May 12 2023 18: +0,1683910800
0.49,5,May 12 2023 19: +0,1683914400
0.409,6,May 12 2023 20: +0,1683918000
0.379,6,May 12 2023 21: +0,1683921600
0.31,4,May 12 2023 22: +0,1683925200
0.315,4,May 12 2023 23: +0,1683928800
0.386,3,May 13 2023 00: +0,1683932400
0.377,2,May 13 2023 01: +0,1683936000
0.397,3,May 13 2023 02: +0,1683939600
0.416,4,May 13 2023 03: +0,1683943200
0.397,1,May 13 2023 04: +0,1683946800
0.372,4,May 13 2023 05: +0,1683950400
0.383,4,May 13 2023 06: +0,1683954000
0.355,2,May 13 2023 07: +0,1683957600
0.326,6,May 13 2023 08: +0,1683961200
0.386,6,May 13 2023 09: +0,1683964800
0.405,4,May 13 2023 10: +0,1683968400
0.334,6,May 13 2023 11: +0,1683972000
0.349,12,May 13 2023 12: +0,1683975600
0.405,5,May 13 2023 13: +0,1683979200
0.4,4,May 13 2023 14: +0,1683982800
0.335,8,May 13 2023 15: +0,1683986400
0.362,4,May 13 2023 16: +0,1683990000
0.399,12,May 13 2023 17: +0,1683993600
0.462,15,May 13 2023 18: +0,1683997200
0.504,8,May 13 2023 19: +0,1684000800
0.488,4,May 13 2023 20: +0,1684004400
0.362,4,May 13 2023 21: +0,1684008000
0.407,7,May 13 2023 22: +0,1684011600
0.391,6,May 13 2023 23: +0,1684015200
0.395,2,May 14 2023 00: +0,1684018800
0.415,2,May 14 2023 01: +0,1684022400
0.4,1,May 14 2023 02: +0,1684026000
0.418,2,May 14 2023 03: +0,1684029600
0.4,1,May 14 2023 04: +0,1684033200
0.48,7,May 14 2023 05: +0,1684036800
0.532,5,May 14 2023 06: +0,1684040400
0.402,5,May 14 2023 07: +0,1684044000
0.443,2,May 14 2023 08: +0,1684047600
0.389,6,May 14 2023 09: +0,1684051200
0.56,2,May 14 2023 10: +0,1684054800
0.513,2,May 14 2023 11: +0,1684058400
0.54,5,May 14 2023 12: +0,1684062000
0.546,2,May 14 2023 13: +0,1684065600
0.379,3,May 14 2023 14: +0,1684069200
0.518,6,May 14 2023 15: +0,1684072800
0.462,7,May 14 2023 16: +0,1684076400
0.47,4,May 14 2023 17: +0,1684080000
0.373,10,May 14 2023 18: +0,1684083600
0.386,3,May 14 2023 19: +0,1684087200
0.392,10,May 14 2023 20: +0,1684090800
0.406,10,May 14 2023 21: +0,1684094400
0.424,5,May 14 2023 22: +0,1684098000
0.381,2,May 14 2023 23: +0,1684101600
0.47,10,May 15 2023 01: +0,1684108800
0.378,4,May 15 2023 02: +0,1684112400
0.379,3,May 15 2023 06: +0,1684126800
0.46,1,May 15 2023 07: +0,1684130400
0.382,1,May 15 2023 08: +0,1684134000
0.471,12,May 15 2023 09: +0,1684137600
0.515,7,May 15 2023 10: +0,1684141200
0.552,9,May 15 2023 11: +0,1684144800
0.4,1,May 15 2023 12: +0,1684148400
0.746,21,May 15 2023 13: +0,1684152000
1.295,23,May 15 2023 14: +0,1684155600
1.751,43,May 15 2023 15: +0,1684159200
1.735,4,May 15 2023 16: +0,1684162800
1.289,11,May 15 2023 17: +0,1684166400
1.2,10,May 15 2023 18: +0,1684170000
1.334,23,May 15 2023 19: +0,1684173600
1.101,3,May 15 2023 20: +0,1684177200
1.08,4,May 15 2023 21: +0,1684180800
0.69,5,May 15 2023 22: +0,1684184400
0.714,2,May 15 2023 23: +0,1684188000
0.863,5,May 16 2023 00: +0,1684191600
0.998,6,May 16 2023 01: +0,1684195200
1.136,4,May 16 2023 02: +0,1684198800
1.233,4,May 16 2023 03: +0,1684202400
1.363,5,May 16 2023 04: +0,1684206000
1.613,11,May 16 2023 05: +0,1684209600
1.4,2,May 16 2023 06: +0,1684213200
1.376,3,May 16 2023 07: +0,1684216800
1.725,15,May 16 2023 08: +0,1684220400
1.092,1,May 16 2023 09: +0,1684224000
1.136,5,May 16 2023 10: +0,1684227600
1.132,5,May 16 2023 11: +0,1684231200
1.13,5,May 16 2023 12: +0,1684234800
1.155,1,May 16 2023 13: +0,1684238400
1.344,1,May 16 2023 14: +0,1684242000
1.128,4,May 16 2023 15: +0,1684245600
1.12,4,May 16 2023 16: +0,1684249200
1.14,9,May 16 2023 17: +0,1684252800
1.139,18,May 16 2023 18: +0,1684256400
1.231,6,May 16 2023 19: +0,1684260000
1.177,4,May 16 2023 20: +0,1684263600
1.128,3,May 16 2023 21: +0,1684267200
1.169,7,May 16 2023 22: +0,1684270800
1.145,1,May 16 2023 23: +0,1684274400
1.139,7,May 17 2023 00: +0,1684278000
1.131,3,May 17 2023 01: +0,1684281600
1.205,6,May 17 2023 03: +0,1684288800
1.207,2,May 17 2023 04: +0,1684292400
1.144,1,May 17 2023 05: +0,1684296000
1.194,3,May 17 2023 06: +0,1684299600
1.226,3,May 17 2023 07: +0,1684303200
1.29,8,May 17 2023 08: +0,1684306800
1.386,12,May 17 2023 09: +0,1684310400
1.384,4,May 17 2023 10: +0,1684314000
1.372,7,May 17 2023 11: +0,1684317600
1.428,1,May 17 2023 12: +0,1684321200
1.36,6,May 17 2023 13: +0,1684324800
1.517,6,May 17 2023 14: +0,1684328400
1.374,3,May 17 2023 15: +0,1684332000
1.61,4,May 17 2023 16: +0,1684335600
1.558,2,May 17 2023 17: +0,1684339200
1.507,6,May 17 2023 18: +0,1684342800
1.669,4,May 17 2023 19: +0,1684346400
1.626,7,May 17 2023 20: +0,1684350000
1.478,4,May 17 2023 21: +0,1684353600
1.541,4,May 17 2023 23: +0,1684360800
1.467,7,May 18 2023 00: +0,1684364400
1.379,1,May 18 2023 01: +0,1684368000
1.411,3,May 18 2023 02: +0,1684371600
1.384,1,May 18 2023 05: +0,1684382400
1.354,2,May 18 2023 07: +0,1684389600
1.417,2,May 18 2023 08: +0,1684393200
1.469,6,May 18 2023 09: +0,1684396800
1.478,3,May 18 2023 10: +0,1684400400
1.413,1,May 18 2023 11: +0,1684404000
1.43,2,May 18 2023 12: +0,1684407600
1.401,6,May 18 2023 13: +0,1684411200
1.389,3,May 18 2023 14: +0,1684414800
1.472,6,May 18 2023 15: +0,1684418400
1.417,5,May 18 2023 16: +0,1684422000
1.58,15,May 18 2023 17: +0,1684425600
1.752,8,May 18 2023 18: +0,1684429200
1.846,34,May 18 2023 19: +0,1684432800
2.052,23,May 18 2023 20: +0,1684436400
2.331,12,May 18 2023 21: +0,1684440000
2.067,4,May 18 2023 22: +0,1684443600
2.376,6,May 18 2023 23: +0,1684447200
2.223,4,May 19 2023 00: +0,1684450800
2.454,3,May 19 2023 01: +0,1684454400
2.722,5,May 19 2023 02: +0,1684458000
2.856,9,May 19 2023 03: +0,1684461600
3.892,3,May 19 2023 04: +0,1684465200
3.882,2,May 19 2023 05: +0,1684468800
3.637,7,May 19 2023 06: +0,1684472400
2.471,3,May 19 2023 07: +0,1684476000
3.545,9,May 19 2023 08: +0,1684479600
3.918,5,May 19 2023 09: +0,1684483200
2.886,8,May 19 2023 10: +0,1684486800
3.86,3,May 19 2023 11: +0,1684490400
2.611,1,May 19 2023 12: +0,1684494000
2.665,5,May 19 2023 13: +0,1684497600
2.611,26,May 19 2023 14: +0,1684501200
0.753,89,May 19 2023 15: +0,1684504800
0.311,87,May 19 2023 16: +0,1684508400
0.509,20,May 19 2023 17: +0,1684512000
0.525,15,May 19 2023 18: +0,1684515600
0.36,12,May 19 2023 19: +0,1684519200
0.379,11,May 19 2023 20: +0,1684522800
0.303,12,May 19 2023 21: +0,1684526400
0.478,6,May 19 2023 22: +0,1684530000
0.526,8,May 19 2023 23: +0,1684533600
0.342,2,May 20 2023 00: +0,1684537200
0.338,9,May 20 2023 01: +0,1684540800
0.312,2,May 20 2023 02: +0,1684544400
0.418,1,May 20 2023 03: +0,1684548000
0.322,1,May 20 2023 04: +0,1684551600
0.33,2,May 20 2023 05: +0,1684555200
0.326,4,May 20 2023 06: +0,1684558800
0.318,5,May 20 2023 07: +0,1684562400
0.355,8,May 20 2023 08: +0,1684566000
0.429,8,May 20 2023 09: +0,1684569600
0.322,3,May 20 2023 10: +0,1684573200
0.459,6,May 20 2023 11: +0,1684576800
0.446,10,May 20 2023 12: +0,1684580400
0.322,5,May 20 2023 13: +0,1684584000
0.343,4,May 20 2023 14: +0,1684587600
0.457,23,May 20 2023 15: +0,1684591200
0.366,3,May 20 2023 16: +0,1684594800
0.344,9,May 20 2023 17: +0,1684598400
0.313,22,May 20 2023 18: +0,1684602000
0.329,7,May 20 2023 19: +0,1684605600
0.306,4,May 20 2023 20: +0,1684609200
0.282,8,May 20 2023 21: +0,1684612800
0.299,4,May 20 2023 22: +0,1684616400
0.349,5,May 20 2023 23: +0,1684620000
0.349,9,May 21 2023 00: +0,1684623600
0.353,2,May 21 2023 01: +0,1684627200
0.347,1,May 21 2023 02: +0,1684630800
0.316,8,May 21 2023 03: +0,1684634400
0.292,7,May 21 2023 04: +0,1684638000
0.236,2,May 21 2023 05: +0,1684641600
0.239,2,May 21 2023 06: +0,1684645200
0.26,6,May 21 2023 07: +0,1684648800
0.294,3,May 21 2023 08: +0,1684652400
0.269,1,May 21 2023 09: +0,1684656000
0.286,12,May 21 2023 10: +0,1684659600
0.284,4,May 21 2023 11: +0,1684663200
0.295,7,May 21 2023 12: +0,1684666800
0.243,5,May 21 2023 13: +0,1684670400
0.278,4,May 21 2023 14: +0,1684674000
0.287,3,May 21 2023 15: +0,1684677600
0.268,6,May 21 2023 16: +0,1684681200
0.269,10,May 21 2023 17: +0,1684684800
0.266,8,May 21 2023 18: +0,1684688400
0.234,2,May 21 2023 19: +0,1684692000
0.258,8,May 21 2023 20: +0,1684695600
0.273,9,May 21 2023 21: +0,1684699200
0.281,7,May 21 2023 22: +0,1684702800
0.304,4,May 21 2023 23: +0,1684706400
0.299,2,May 22 2023 00: +0,1684710000
0.298,4,May 22 2023 01: +0,1684713600
0.315,1,May 22 2023 02: +0,1684717200
0.239,3,May 22 2023 04: +0,1684724400
0.28,2,May 22 2023 05: +0,1684728000
0.262,4,May 22 2023 06: +0,1684731600
0.224,2,May 22 2023 08: +0,1684738800
0.284,4,May 22 2023 09: +0,1684742400
0.303,1,May 22 2023 10: +0,1684746000
0.303,3,May 22 2023 11: +0,1684749600
0.329,6,May 22 2023 12: +0,1684753200
0.329,1,May 22 2023 13: +0,1684756800
0.306,2,May 22 2023 14: +0,1684760400
0.322,4,May 22 2023 15: +0,1684764000
0.323,5,May 22 2023 16: +0,1684767600
0.279,4,May 22 2023 17: +0,1684771200
0.279,2,May 22 2023 18: +0,1684774800
0.325,8,May 22 2023 19: +0,1684778400
0.321,5,May 22 2023 20: +0,1684782000
0.328,2,May 22 2023 21: +0,1684785600
0.285,2,May 22 2023 22: +0,1684789200
0.304,1,May 22 2023 23: +0,1684792800
0.272,2,May 23 2023 00: +0,1684796400
0.299,1,May 23 2023 01: +0,1684800000
0.301,30,May 23 2023 03: +0,1684807200
0.355,2,May 23 2023 05: +0,1684814400
0.246,2,May 23 2023 06: +0,1684818000
0.324,2,May 23 2023 07: +0,1684821600
0.359,2,May 23 2023 08: +0,1684825200
0.359,3,May 23 2023 10: +0,1684832400
0.356,7,May 23 2023 11: +0,1684836000
0.327,2,May 23 2023 12: +0,1684839600
0.393,8,May 23 2023 13: +0,1684843200
0.291,1,May 23 2023 14: +0,1684846800
0.426,3,May 23 2023 16: +0,1684854000
0.439,1,May 23 2023 17: +0,1684857600
0.304,3,May 23 2023 18: +0,1684861200
0.301,1,May 23 2023 19: +0,1684864800
0.317,2,May 23 2023 20: +0,1684868400
0.348,1,May 23 2023 21: +0,1684872000
0.34,2,May 23 2023 22: +0,1684875600
0.309,7,May 23 2023 23: +0,1684879200
0.355,4,May 24 2023 00: +0,1684882800
0.289,1,May 24 2023 01: +0,1684886400
0.289,2,May 24 2023 02: +0,1684890000
0.313,2,May 24 2023 03: +0,1684893600
0.33,1,May 24 2023 04: +0,1684897200
0.314,2,May 24 2023 06: +0,1684904400
0.263,1,May 24 2023 08: +0,1684911600
0.314,1,May 24 2023 10: +0,1684918800
0.313,3,May 24 2023 11: +0,1684922400
0.309,1,May 24 2023 12: +0,1684926000
0.313,4,May 24 2023 14: +0,1684933200
0.296,2,May 24 2023 15: +0,1684936800
0.345,9,May 24 2023 16: +0,1684940400
0.338,3,May 24 2023 17: +0,1684944000
0.343,4,May 24 2023 18: +0,1684947600
0.236,5,May 24 2023 19: +0,1684951200
0.262,3,May 24 2023 20: +0,1684954800
0.345,11,May 24 2023 21: +0,1684958400
0.271,1,May 24 2023 22: +0,1684962000
0.449,1,May 24 2023 23: +0,1684965600
0.425,1,May 25 2023 00: +0,1684969200
0.235,1,May 25 2023 02: +0,1684976400
0.235,1,May 25 2023 03: +0,1684980000
0.247,1,May 25 2023 07: +0,1684994400
0.3,2,May 25 2023 09: +0,1685001600
0.307,1,May 25 2023 10: +0,1685005200
0.341,3,May 25 2023 11: +0,1685008800
0.319,2,May 25 2023 12: +0,1685012400
0.288,2,May 25 2023 14: +0,1685019600
0.225,1,May 25 2023 15: +0,1685023200
0.289,3,May 25 2023 16: +0,1685026800
0.275,4,May 25 2023 17: +0,1685030400
0.302,1,May 25 2023 18: +0,1685034000
0.202,5,May 25 2023 19: +0,1685037600
0.27,1,May 25 2023 20: +0,1685041200
0.312,8,May 25 2023 21: +0,1685044800
0.176,9,May 25 2023 22: +0,1685048400
0.226,3,May 25 2023 23: +0,1685052000
0.293,4,May 26 2023 02: +0,1685062800
0.332,5,May 26 2023 03: +0,1685066400
0.205,1,May 26 2023 06: +0,1685077200
0.219,1,May 26 2023 08: +0,1685084400
0.236,3,May 26 2023 10: +0,1685091600
0.243,2,May 26 2023 11: +0,1685095200
0.374,2,May 26 2023 12: +0,1685098800
0.204,2,May 26 2023 13: +0,1685102400
0.326,4,May 26 2023 14: +0,1685106000
0.383,2,May 26 2023 15: +0,1685109600
0.194,1,May 26 2023 16: +0,1685113200
0.282,7,May 26 2023 17: +0,1685116800
0.356,3,May 26 2023 18: +0,1685120400
0.293,1,May 26 2023 20: +0,1685127600
0.24,4,May 26 2023 21: +0,1685131200
0.347,4,May 26 2023 22: +0,1685134800
0.242,3,May 26 2023 23: +0,1685138400
0.345,2,May 27 2023 01: +0,1685145600
0.34,1,May 27 2023 02: +0,1685149200
0.348,2,May 27 2023 03: +0,1685152800
0.301,2,May 27 2023 04: +0,1685156400
0.288,2,May 27 2023 06: +0,1685163600
0.332,1,May 27 2023 07: +0,1685167200
0.291,3,May 27 2023 08: +0,1685170800
0.26,1,May 27 2023 09: +0,1685174400
0.342,5,May 27 2023 10: +0,1685178000
0.259,2,May 27 2023 11: +0,1685181600
0.259,4,May 27 2023 12: +0,1685185200
0.337,7,May 27 2023 13: +0,1685188800
0.349,2,May 27 2023 14: +0,1685192400
0.272,1,May 27 2023 15: +0,1685196000
0.279,2,May 27 2023 16: +0,1685199600
0.329,1,May 27 2023 17: +0,1685203200
0.259,1,May 27 2023 18: +0,1685206800
0.264,2,May 27 2023 19: +0,1685210400
0.322,2,May 27 2023 20: +0,1685214000
0.321,1,May 27 2023 21: +0,1685217600
0.259,2,May 27 2023 22: +0,1685221200
0.305,2,May 28 2023 00: +0,1685228400
0.259,1,May 28 2023 01: +0,1685232000
0.323,2,May 28 2023 05: +0,1685246400
0.259,1,May 28 2023 06: +0,1685250000
0.259,1,May 28 2023 07: +0,1685253600
0.299,3,May 28 2023 08: +0,1685257200
0.28,2,May 28 2023 09: +0,1685260800
0.202,1,May 28 2023 11: +0,1685268000
0.256,2,May 28 2023 13: +0,1685275200
0.278,3,May 28 2023 14: +0,1685278800
0.243,3,May 28 2023 15: +0,1685282400
0.289,1,May 28 2023 16: +0,1685286000
0.259,1,May 28 2023 17: +0,1685289600
0.343,1,May 28 2023 18: +0,1685293200
0.337,3,May 28 2023 19: +0,1685296800
0.34,1,May 28 2023 20: +0,1685300400
0.33,3,May 28 2023 21: +0,1685304000
0.299,1,May 28 2023 22: +0,1685307600
0.259,1,May 28 2023 23: +0,1685311200
0.315,1,May 29 2023 01: +0,1685318400
0.345,1,May 29 2023 03: +0,1685325600
0.227,1,May 29 2023 04: +0,1685329200
0.347,1,May 29 2023 05: +0,1685332800
0.279,1,May 29 2023 06: +0,1685336400
0.259,1,May 29 2023 07: +0,1685340000
0.279,1,May 29 2023 10: +0,1685350800
0.284,2,May 29 2023 11: +0,1685354400
0.349,1,May 29 2023 12: +0,1685358000
0.359,2,May 29 2023 13: +0,1685361600
0.343,1,May 29 2023 14: +0,1685365200
0.298,3,May 29 2023 16: +0,1685372400
0.259,1,May 29 2023 17: +0,1685376000
0.259,1,May 29 2023 18: +0,1685379600
0.251,1,May 29 2023 19: +0,1685383200
0.308,6,May 29 2023 20: +0,1685386800
0.27,2,May 29 2023 21: +0,1685390400
0.235,1,May 29 2023 23: +0,1685397600
0.243,1,May 30 2023 00: +0,1685401200
0.259,1,May 30 2023 02: +0,1685408400
0.307,1,May 30 2023 05: +0,1685419200
0.259,1,May 30 2023 06: +0,1685422800
0.259,1,May 30 2023 07: +0,1685426400
0.27,1,May 30 2023 10: +0,1685437200
0.227,1,May 30 2023 11: +0,1685440800
0.251,1,May 30 2023 13: +0,1685448000
0.309,7,May 30 2023 14: +0,1685451600
0.27,1,May 30 2023 15: +0,1685455200
0.259,1,May 30 2023 16: +0,1685458800
0.299,3,May 30 2023 17: +0,1685462400
0.321,4,May 30 2023 18: +0,1685466000
0.331,2,May 30 2023 19: +0,1685469600
0.262,2,May 30 2023 21: +0,1685476800
0.218,1,May 30 2023 22: +0,1685480400
0.283,3,May 31 2023 02: +0,1685494800
0.324,1,May 31 2023 04: +0,1685502000
0.251,1,May 31 2023 05: +0,1685505600
0.278,2,May 31 2023 07: +0,1685512800
0.301,1,May 31 2023 08: +0,1685516400
0.28,2,May 31 2023 09: +0,1685520000
0.321,1,May 31 2023 10: +0,1685523600
0.321,1,May 31 2023 11: +0,1685527200
0.317,2,May 31 2023 12: +0,1685530800
0.259,1,May 31 2023 14: +0,1685538000
0.259,8,May 31 2023 18: +0,1685552400
0.29,4,May 31 2023 19: +0,1685556000
0.29,3,May 31 2023 20: +0,1685559600
0.243,1,May 31 2023 21: +0,1685563200
0.274,2,May 31 2023 22: +0,1685566800
0.259,3,May 31 2023 23: +0,1685570400
0.289,1,Jun 01 2023 00: +0,1685574000
0.291,1,Jun 01 2023 01: +0,1685577600
0.357,3,Jun 01 2023 04: +0,1685588400
0.379,2,Jun 01 2023 05: +0,1685592000
0.358,5,Jun 01 2023 12: +0,1685617200
0.256,1,Jun 01 2023 13: +0,1685620800
0.256,1,Jun 01 2023 14: +0,1685624400
0.268,4,Jun 01 2023 15: +0,1685628000
0.358,4,Jun 01 2023 16: +0,1685631600
0.256,1,Jun 01 2023 17: +0,1685635200
0.295,2,Jun 01 2023 22: +0,1685653200
0.248,1,Jun 01 2023 23: +0,1685656800
0.323,1,Jun 02 2023 01: +0,1685664000
0.256,1,Jun 02 2023 04: +0,1685674800
0.261,2,Jun 02 2023 06: +0,1685682000
0.256,1,Jun 02 2023 09: +0,1685692800
0.291,1,Jun 02 2023 11: +0,1685700000
0.256,1,Jun 02 2023 12: +0,1685703600
0.289,3,Jun 02 2023 14: +0,1685710800
0.294,2,Jun 02 2023 15: +0,1685714400
0.312,1,Jun 02 2023 16: +0,1685718000
0.224,2,Jun 02 2023 17: +0,1685721600
0.287,1,Jun 02 2023 18: +0,1685725200
0.321,2,Jun 02 2023 19: +0,1685728800
0.285,4,Jun 02 2023 20: +0,1685732400
0.278,2,Jun 02 2023 21: +0,1685736000
0.348,4,Jun 02 2023 22: +0,1685739600
0.275,1,Jun 02 2023 23: +0,1685743200
0.232,1,Jun 03 2023 01: +0,1685750400
0.256,1,Jun 03 2023 05: +0,1685764800
0.346,1,Jun 03 2023 07: +0,1685772000
0.356,2,Jun 03 2023 08: +0,1685775600
0.317,2,Jun 03 2023 09: +0,1685779200
0.275,1,Jun 03 2023 10: +0,1685782800
0.24,1,Jun 03 2023 11: +0,1685786400
0.336,1,Jun 03 2023 12: +0,1685790000
0.352,1,Jun 03 2023 13: +0,1685793600
0.286,2,Jun 03 2023 14: +0,1685797200
0.28,1,Jun 03 2023 15: +0,1685800800
0.258,2,Jun 03 2023 16: +0,1685804400
0.342,1,Jun 03 2023 17: +0,1685808000
0.28,1,Jun 03 2023 18: +0,1685811600
0.358,2,Jun 03 2023 19: +0,1685815200
0.322,1,Jun 03 2023 20: +0,1685818800
0.377,3,Jun 03 2023 21: +0,1685822400
0.387,4,Jun 03 2023 23: +0,1685829600
0.362,1,Jun 04 2023 01: +0,1685836800
0.388,1,Jun 04 2023 02: +0,1685840400
0.388,1,Jun 04 2023 03: +0,1685844000
0.207,2,Jun 04 2023 07: +0,1685858400
0.367,3,Jun 04 2023 09: +0,1685865600
0.32,1,Jun 04 2023 10: +0,1685869200
0.387,6,Jun 04 2023 11: +0,1685872800
0.288,1,Jun 04 2023 12: +0,1685876400
0.371,6,Jun 04 2023 13: +0,1685880000
0.385,3,Jun 04 2023 14: +0,1685883600
0.345,1,Jun 04 2023 16: +0,1685890800
0.346,3,Jun 04 2023 18: +0,1685898000
0.312,1,Jun 04 2023 19: +0,1685901600
0.336,1,Jun 04 2023 20: +0,1685905200
0.294,2,Jun 04 2023 21: +0,1685908800
0.331,2,Jun 04 2023 22: +0,1685912400
0.348,2,Jun 04 2023 23: +0,1685916000
0.224,1,Jun 05 2023 01: +0,1685923200
0.287,1,Jun 05 2023 06: +0,1685941200
0.276,1,Jun 05 2023 07: +0,1685944800
0.329,1,Jun 05 2023 08: +0,1685948400
0.408,31,Jun 05 2023 10: +0,1685955600
0.785,21,Jun 05 2023 11: +0,1685959200
0.611,7,Jun 05 2023 12: +0,1685962800
0.432,5,Jun 05 2023 13: +0,1685966400
0.481,14,Jun 05 2023 14: +0,1685970000
0.484,5,Jun 05 2023 15: +0,1685973600
0.449,2,Jun 05 2023 16: +0,1685977200
0.372,2,Jun 05 2023 18: +0,1685984400
0.436,5,Jun 05 2023 21: +0,1685995200
0.317,2,Jun 06 2023 02: +0,1686013200
0.357,3,Jun 06 2023 04: +0,1686020400
0.431,3,Jun 06 2023 05: +0,1686024000
0.44,1,Jun 06 2023 06: +0,1686027600
0.456,7,Jun 06 2023 07: +0,1686031200
0.422,2,Jun 06 2023 08: +0,1686034800
0.344,1,Jun 06 2023 10: +0,1686042000
0.449,42,Jun 06 2023 12: +0,1686049200
0.455,5,Jun 06 2023 13: +0,1686052800
0.358,1,Jun 06 2023 14: +0,1686056400
0.419,1,Jun 06 2023 16: +0,1686063600
0.432,1,Jun 06 2023 17: +0,1686067200
0.354,1,Jun 06 2023 19: +0,1686074400
0.422,1,Jun 06 2023 20: +0,1686078000
0.341,2,Jun 06 2023 21: +0,1686081600
0.361,3,Jun 06 2023 23: +0,1686088800
0.416,3,Jun 07 2023 00: +0,1686092400
0.427,1,Jun 07 2023 01: +0,1686096000
0.359,1,Jun 07 2023 04: +0,1686106800
0.376,1,Jun 07 2023 05: +0,1686110400
0.352,2,Jun 07 2023 09: +0,1686124800
0.248,4,Jun 07 2023 12: +0,1686135600
0.391,1,Jun 07 2023 13: +0,1686139200
0.348,4,Jun 07 2023 15: +0,1686146400
0.414,6,Jun 07 2023 18: +0,1686157200
0.415,2,Jun 07 2023 19: +0,1686160800
0.35,2,Jun 07 2023 21: +0,1686168000
0.344,1,Jun 07 2023 22: +0,1686171600
0.344,1,Jun 07 2023 23: +0,1686175200
0.411,2,Jun 08 2023 00: +0,1686178800
0.416,1,Jun 08 2023 02: +0,1686186000
0.347,1,Jun 08 2023 04: +0,1686193200
0.325,1,Jun 08 2023 07: +0,1686204000
0.404,4,Jun 08 2023 09: +0,1686211200
0.367,1,Jun 08 2023 10: +0,1686214800
0.454,5,Jun 08 2023 12: +0,1686222000
0.469,2,Jun 08 2023 13: +0,1686225600
0.476,6,Jun 08 2023 14: +0,1686229200
0.407,2,Jun 08 2023 16: +0,1686236400
0.488,1,Jun 08 2023 17: +0,1686240000
0.368,2,Jun 08 2023 18: +0,1686243600
0.492,5,Jun 08 2023 19: +0,1686247200
0.475,1,Jun 08 2023 20: +0,1686250800
0.336,1,Jun 08 2023 21: +0,1686254400
0.361,1,Jun 09 2023 01: +0,1686268800
0.422,1,Jun 09 2023 10: +0,1686301200
0.417,2,Jun 09 2023 14: +0,1686315600
0.37,2,Jun 09 2023 16: +0,1686322800
0.378,2,Jun 09 2023 17: +0,1686326400
0.37,1,Jun 09 2023 20: +0,1686337200
0.399,2,Jun 09 2023 21: +0,1686340800
0.326,1,Jun 09 2023 23: +0,1686348000
0.366,1,Jun 10 2023 00: +0,1686351600
0.342,1,Jun 10 2023 03: +0,1686362400
0.342,1,Jun 10 2023 05: +0,1686369600
0.339,1,Jun 10 2023 11: +0,1686391200
0.381,5,Jun 10 2023 12: +0,1686394800
0.394,1,Jun 10 2023 14: +0,1686402000
0.399,1,Jun 10 2023 15: +0,1686405600
0.316,1,Jun 10 2023 16: +0,1686409200
0.398,1,Jun 10 2023 18: +0,1686416400
0.387,1,Jun 10 2023 19: +0,1686420000
0.339,1,Jun 10 2023 20: +0,1686423600
0.399,1,Jun 10 2023 23: +0,1686434400
0.287,1,Jun 11 2023 01: +0,1686441600
0.323,1,Jun 11 2023 03: +0,1686448800
0.278,1,Jun 11 2023 04: +0,1686452400
0.394,1,Jun 11 2023 05: +0,1686456000
0.339,1,Jun 11 2023 06: +0,1686459600
0.422,4,Jun 11 2023 07: +0,1686463200
0.462,4,Jun 11 2023 08: +0,1686466800
0.549,2,Jun 11 2023 09: +0,1686470400
0.566,3,Jun 11 2023 12: +0,1686481200
0.491,1,Jun 11 2023 14: +0,1686488400
0.534,1,Jun 11 2023 15: +0,1686492000
0.533,1,Jun 11 2023 16: +0,1686495600
0.524,1,Jun 11 2023 17: +0,1686499200
0.513,2,Jun 11 2023 21: +0,1686513600
0.427,1,Jun 11 2023 23: +0,1686520800
0.354,1,Jun 12 2023 02: +0,1686531600
0.331,1,Jun 12 2023 03: +0,1686535200
0.332,2,Jun 12 2023 05: +0,1686542400
0.381,1,Jun 12 2023 09: +0,1686556800
0.339,1,Jun 12 2023 11: +0,1686564000
0.375,2,Jun 12 2023 12: +0,1686567600
0.331,1,Jun 12 2023 13: +0,1686571200
0.339,2,Jun 12 2023 14: +0,1686574800
0.354,3,Jun 12 2023 15: +0,1686578400
0.384,4,Jun 12 2023 17: +0,1686585600
0.384,5,Jun 12 2023 20: +0,1686596400
0.386,1,Jun 12 2023 23: +0,1686607200
0.29,2,Jun 13 2023 00: +0,1686610800
0.358,1,Jun 13 2023 01: +0,1686614400
0.355,1,Jun 13 2023 07: +0,1686636000
0.393,4,Jun 13 2023 08: +0,1686639600
0.468,1,Jun 13 2023 13: +0,1686657600
0.457,3,Jun 13 2023 16: +0,1686668400
0.468,2,Jun 13 2023 17: +0,1686672000
0.469,1,Jun 13 2023 18: +0,1686675600
0.371,3,Jun 13 2023 20: +0,1686682800
0.371,3,Jun 13 2023 21: +0,1686686400
0.385,1,Jun 13 2023 22: +0,1686690000
0.371,1,Jun 14 2023 02: +0,1686704400
0.465,1,Jun 14 2023 05: +0,1686715200
0.316,1,Jun 14 2023 11: +0,1686736800
0.42,2,Jun 14 2023 12: +0,1686740400
0.465,3,Jun 14 2023 17: +0,1686758400
0.465,2,Jun 14 2023 19: +0,1686765600
0.327,2,Jun 14 2023 20: +0,1686769200
0.373,1,Jun 14 2023 21: +0,1686772800
0.393,2,Jun 14 2023 22: +0,1686776400
0.44,1,Jun 14 2023 23: +0,1686780000
0.441,1,Jun 15 2023 00: +0,1686783600
0.434,3,Jun 15 2023 07: +0,1686808800
0.418,2,Jun 15 2023 10: +0,1686819600
0.379,1,Jun 15 2023 16: +0,1686841200
0.376,4,Jun 15 2023 18: +0,1686848400
0.393,2,Jun 15 2023 20: +0,1686855600
0.364,1,Jun 15 2023 22: +0,1686862800
0.416,1,Jun 15 2023 23: +0,1686866400
0.37,1,Jun 16 2023 06: +0,1686891600
0.335,1,Jun 16 2023 09: +0,1686902400
0.416,3,Jun 16 2023 12: +0,1686913200
0.37,3,Jun 16 2023 14: +0,1686920400
0.41,1,Jun 16 2023 16: +0,1686927600
0.37,1,Jun 16 2023 18: +0,1686934800
0.369,1,Jun 16 2023 22: +0,1686949200
0.373,3,Jun 16 2023 23: +0,1686952800
0.376,1,Jun 17 2023 11: +0,1686996000
0.32,1,Jun 17 2023 12: +0,1686999600
0.376,2,Jun 17 2023 13: +0,1687003200
0.34,2,Jun 17 2023 14: +0,1687006800
0.377,1,Jun 17 2023 15: +0,1687010400
0.379,1,Jun 17 2023 18: +0,1687021200
0.332,2,Jun 17 2023 19: +0,1687024800
0.367,1,Jun 17 2023 20: +0,1687028400
0.37,2,Jun 17 2023 21: +0,1687032000
0.373,1,Jun 18 2023 00: +0,1687042800
0.367,1,Jun 18 2023 01: +0,1687046400
0.305,1,Jun 18 2023 02: +0,1687050000
0.367,1,Jun 18 2023 04: +0,1687057200
0.335,1,Jun 18 2023 08: +0,1687071600
0.328,1,Jun 18 2023 09: +0,1687075200
0.328,2,Jun 18 2023 11: +0,1687082400
0.364,2,Jun 18 2023 12: +0,1687086000
0.367,5,Jun 18 2023 14: +0,1687093200
0.364,2,Jun 18 2023 15: +0,1687096800
0.393,5,Jun 18 2023 16: +0,1687100400
0.383,1,Jun 18 2023 18: +0,1687107600
0.419,1,Jun 18 2023 20: +0,1687114800
0.423,2,Jun 18 2023 23: +0,1687125600
0.439,2,Jun 19 2023 00: +0,1687129200
0.368,1,Jun 19 2023 04: +0,1687143600
0.445,1,Jun 19 2023 09: +0,1687161600
0.445,1,Jun 19 2023 10: +0,1687165200
0.445,2,Jun 19 2023 11: +0,1687168800
0.444,1,Jun 19 2023 12: +0,1687172400
0.459,3,Jun 19 2023 13: +0,1687176000
0.459,1,Jun 19 2023 14: +0,1687179600
0.461,1,Jun 19 2023 15: +0,1687183200
0.461,1,Jun 19 2023 16: +0,1687186800
0.458,1,Jun 19 2023 17: +0,1687190400
0.458,3,Jun 19 2023 18: +0,1687194000
0.358,5,Jun 19 2023 19: +0,1687197600
0.362,1,Jun 20 2023 05: +0,1687233600
0.362,1,Jun 20 2023 09: +0,1687248000
0.376,4,Jun 20 2023 10: +0,1687251600
0.398,1,Jun 20 2023 11: +0,1687255200
0.421,1,Jun 20 2023 13: +0,1687262400
0.362,1,Jun 20 2023 14: +0,1687266000
0.361,2,Jun 20 2023 15: +0,1687269600
0.357,1,Jun 20 2023 19: +0,1687284000
0.385,1,Jun 20 2023 21: +0,1687291200
0.338,1,Jun 21 2023 09: +0,1687334400
0.394,1,Jun 21 2023 12: +0,1687345200
0.33,1,Jun 21 2023 14: +0,1687352400
0.36,1,Jun 21 2023 16: +0,1687359600
0.356,1,Jun 21 2023 18: +0,1687366800
0.33,2,Jun 21 2023 19: +0,1687370400
0.351,2,Jun 21 2023 20: +0,1687374000
0.384,1,Jun 21 2023 21: +0,1687377600
0.356,1,Jun 21 2023 22: +0,1687381200
0.356,1,Jun 21 2023 23: +0,1687384800
0.355,2,Jun 22 2023 08: +0,1687417200
0.394,2,Jun 22 2023 13: +0,1687435200
0.299,1,Jun 22 2023 16: +0,1687446000
0.394,1,Jun 22 2023 17: +0,1687449600
0.356,1,Jun 22 2023 18: +0,1687453200
0.33,1,Jun 22 2023 20: +0,1687460400
0.354,1,Jun 22 2023 21: +0,1687464000
0.338,97,Jun 23 2023 01: +0,1687478400
0.338,115,Jun 23 2023 02: +0,1687482000
0.338,65,Jun 23 2023 03: +0,1687485600
0.338,41,Jun 23 2023 04: +0,1687489200
0.338,34,Jun 23 2023 05: +0,1687492800
0.338,55,Jun 23 2023 06: +0,1687496400
0.338,47,Jun 23 2023 07: +0,1687500000
0.291,33,Jun 23 2023 08: +0,1687503600
0.252,53,Jun 23 2023 09: +0,1687507200
0.21,44,Jun 23 2023 10: +0,1687510800
0.181,62,Jun 23 2023 11: +0,1687514400
0.173,59,Jun 23 2023 12: +0,1687518000
0.181,57,Jun 23 2023 13: +0,1687521600
0.165,49,Jun 23 2023 14: +0,1687525200
0.155,55,Jun 23 2023 15: +0,1687528800
0.14,57,Jun 23 2023 16: +0,1687532400
0.139,63,Jun 23 2023 17: +0,1687536000
0.119,44,Jun 23 2023 18: +0,1687539600
0.116,58,Jun 23 2023 19: +0,1687543200
0.115,50,Jun 23 2023 20: +0,1687546800
0.116,34,Jun 23 2023 21: +0,1687550400
0.118,42,Jun 23 2023 22: +0,1687554000
0.111,31,Jun 23 2023 23: +0,1687557600
0.108,30,Jun 24 2023 00: +0,1687561200
0.115,27,Jun 24 2023 01: +0,1687564800
0.095,11,Jun 24 2023 02: +0,1687568400
0.087,17,Jun 24 2023 03: +0,1687572000
0.087,11,Jun 24 2023 04: +0,1687575600
0.088,10,Jun 24 2023 05: +0,1687579200
0.09,17,Jun 24 2023 06: +0,1687582800
0.081,44,Jun 24 2023 07: +0,1687586400
0.088,19,Jun 24 2023 08: +0,1687590000
0.095,30,Jun 24 2023 09: +0,1687593600
0.093,26,Jun 24 2023 10: +0,1687597200
0.093,27,Jun 24 2023 11: +0,1687600800
0.094,19,Jun 24 2023 12: +0,1687604400
0.094,37,Jun 24 2023 13: +0,1687608000
0.094,41,Jun 24 2023 14: +0,1687611600
0.099,33,Jun 24 2023 15: +0,1687615200
0.089,31,Jun 24 2023 16: +0,1687618800
0.094,29,Jun 24 2023 17: +0,1687622400
0.094,40,Jun 24 2023 18: +0,1687626000
0.094,45,Jun 24 2023 19: +0,1687629600
0.082,33,Jun 24 2023 20: +0,1687633200
0.082,42,Jun 24 2023 21: +0,1687636800
0.087,31,Jun 24 2023 22: +0,1687640400
0.101,80,Jun 24 2023 23: +0,1687644000
0.105,29,Jun 25 2023 00: +0,1687647600
0.088,12,Jun 25 2023 01: +0,1687651200
0.083,7,Jun 25 2023 02: +0,1687654800
0.082,16,Jun 25 2023 03: +0,1687658400
0.083,20,Jun 25 2023 04: +0,1687662000
0.089,15,Jun 25 2023 05: +0,1687665600
0.088,10,Jun 25 2023 06: +0,1687669200
0.089,14,Jun 25 2023 07: +0,1687672800
0.102,25,Jun 25 2023 08: +0,1687676400
0.108,38,Jun 25 2023 09: +0,1687680000
0.079,17,Jun 25 2023 10: +0,1687683600
0.09,49,Jun 25 2023 11: +0,1687687200
0.098,21,Jun 25 2023 12: +0,1687690800
0.086,42,Jun 25 2023 13: +0,1687694400
0.09,27,Jun 25 2023 14: +0,1687698000
0.089,39,Jun 25 2023 15: +0,1687701600
0.09,33,Jun 25 2023 16: +0,1687705200
0.087,51,Jun 25 2023 17: +0,1687708800
0.09,34,Jun 25 2023 18: +0,1687712400
0.087,20,Jun 25 2023 19: +0,1687716000
0.082,44,Jun 25 2023 20: +0,1687719600
0.079,44,Jun 25 2023 21: +0,1687723200
0.085,25,Jun 25 2023 22: +0,1687726800
0.087,3,Jun 25 2023 23: +0,1687730400
0.087,15,Jun 26 2023 00: +0,1687734000
0.082,11,Jun 26 2023 01: +0,1687737600
0.083,12,Jun 26 2023 02: +0,1687741200
0.083,11,Jun 26 2023 03: +0,1687744800
0.081,25,Jun 26 2023 04: +0,1687748400
0.078,4,Jun 26 2023 05: +0,1687752000
0.083,13,Jun 26 2023 06: +0,1687755600
0.077,10,Jun 26 2023 07: +0,1687759200
0.094,18,Jun 26 2023 08: +0,1687762800
0.086,14,Jun 26 2023 09: +0,1687766400
0.092,21,Jun 26 2023 10: +0,1687770000
0.092,35,Jun 26 2023 11: +0,1687773600
0.094,18,Jun 26 2023 12: +0,1687777200
0.091,21,Jun 26 2023 13: +0,1687780800
0.094,37,Jun 26 2023 14: +0,1687784400
0.102,37,Jun 26 2023 15: +0,1687788000
0.102,41,Jun 26 2023 16: +0,1687791600
0.11,31,Jun 26 2023 17: +0,1687795200
0.118,52,Jun 26 2023 18: +0,1687798800
0.146,22,Jun 26 2023 19: +0,1687802400
0.146,38,Jun 26 2023 20: +0,1687806000
0.146,54,Jun 26 2023 21: +0,1687809600
0.15,28,Jun 26 2023 22: +0,1687813200
0.15,21,Jun 26 2023 23: +0,1687816800
0.15,13,Jun 27 2023 00: +0,1687820400
0.15,12,Jun 27 2023 01: +0,1687824000
0.157,13,Jun 27 2023 02: +0,1687827600
0.157,11,Jun 27 2023 03: +0,1687831200
0.157,7,Jun 27 2023 04: +0,1687834800
0.157,19,Jun 27 2023 05: +0,1687838400
0.157,24,Jun 27 2023 06: +0,1687842000
0.165,14,Jun 27 2023 07: +0,1687845600
0.165,15,Jun 27 2023 08: +0,1687849200
0.157,20,Jun 27 2023 09: +0,1687852800
0.157,32,Jun 27 2023 10: +0,1687856400
0.163,23,Jun 27 2023 11: +0,1687860000
0.167,18,Jun 27 2023 12: +0,1687863600
0.167,47,Jun 27 2023 13: +0,1687867200
0.179,47,Jun 27 2023 14: +0,1687870800
0.167,16,Jun 27 2023 15: +0,1687874400
0.175,21,Jun 27 2023 16: +0,1687878000
0.179,24,Jun 27 2023 17: +0,1687881600
0.179,28,Jun 27 2023 18: +0,1687885200
0.167,26,Jun 27 2023 19: +0,1687888800
0.16,30,Jun 27 2023 20: +0,1687892400
0.154,19,Jun 27 2023 21: +0,1687896000
0.151,20,Jun 27 2023 22: +0,1687899600
0.157,23,Jun 27 2023 23: +0,1687903200
0.151,15,Jun 28 2023 00: +0,1687906800
0.151,7,Jun 28 2023 01: +0,1687910400
0.159,16,Jun 28 2023 02: +0,1687914000
0.151,8,Jun 28 2023 03: +0,1687917600
0.151,16,Jun 28 2023 04: +0,1687921200
0.151,13,Jun 28 2023 05: +0,1687924800
0.151,9,Jun 28 2023 06: +0,1687928400
0.164,21,Jun 28 2023 07: +0,1687932000
0.157,14,Jun 28 2023 08: +0,1687935600
0.151,9,Jun 28 2023 09: +0,1687939200
0.128,12,Jun 28 2023 10: +0,1687942800
0.125,10,Jun 28 2023 11: +0,1687946400
0.126,29,Jun 28 2023 12: +0,1687950000
0.121,20,Jun 28 2023 13: +0,1687953600
0.124,27,Jun 28 2023 14: +0,1687957200
0.127,24,Jun 28 2023 15: +0,1687960800
0.103,22,Jun 28 2023 16: +0,1687964400
0.103,28,Jun 28 2023 17: +0,1687968000
0.103,27,Jun 28 2023 18: +0,1687971600
0.103,42,Jun 28 2023 19: +0,1687975200
0.103,41,Jun 28 2023 20: +0,1687978800
0.091,15,Jun 28 2023 21: +0,1687982400
0.095,33,Jun 28 2023 22: +0,1687986000
0.092,24,Jun 28 2023 23: +0,1687989600
0.11,17,Jun 29 2023 00: +0,1687993200
0.095,17,Jun 29 2023 01: +0,1687996800
0.095,11,Jun 29 2023 02: +0,1688000400
0.095,3,Jun 29 2023 03: +0,1688004000
0.095,14,Jun 29 2023 04: +0,1688007600
0.095,12,Jun 29 2023 05: +0,1688011200
0.095,8,Jun 29 2023 06: +0,1688014800
0.095,7,Jun 29 2023 07: +0,1688018400
0.102,22,Jun 29 2023 08: +0,1688022000
0.102,18,Jun 29 2023 09: +0,1688025600
0.095,13,Jun 29 2023 10: +0,1688029200
0.097,15,Jun 29 2023 11: +0,1688032800
0.092,19,Jun 29 2023 12: +0,1688036400
0.09,22,Jun 29 2023 13: +0,1688040000
0.092,13,Jun 29 2023 14: +0,1688043600
0.092,25,Jun 29 2023 15: +0,1688047200
0.087,23,Jun 29 2023 16: +0,1688050800
0.087,33,Jun 29 2023 17: +0,1688054400
0.087,26,Jun 29 2023 18: +0,1688058000
0.086,38,Jun 29 2023 19: +0,1688061600
0.087,31,Jun 29 2023 20: +0,1688065200
0.085,17,Jun 29 2023 21: +0,1688068800
0.095,27,Jun 29 2023 22: +0,1688072400
0.095,10,Jun 29 2023 23: +0,1688076000
0.095,13,Jun 30 2023 00: +0,1688079600
0.087,9,Jun 30 2023 01: +0,1688083200
0.086,13,Jun 30 2023 02: +0,1688086800
0.087,8,Jun 30 2023 03: +0,1688090400
0.086,6,Jun 30 2023 04: +0,1688094000
0.087,8,Jun 30 2023 05: +0,1688097600
0.103,43,Jun 30 2023 06: +0,1688101200
0.115,4,Jun 30 2023 07: +0,1688104800
0.095,2,Jun 30 2023 08: +0,1688108400
0.085,12,Jun 30 2023 09: +0,1688112000
0.086,12,Jun 30 2023 10: +0,1688115600
0.087,23,Jun 30 2023 11: +0,1688119200
0.087,24,Jun 30 2023 12: +0,1688122800
0.087,15,Jun 30 2023 13: +0,1688126400
0.083,14,Jun 30 2023 14: +0,1688130000
0.087,44,Jun 30 2023 15: +0,1688133600
0.087,21,Jun 30 2023 16: +0,1688137200
0.086,21,Jun 30 2023 17: +0,1688140800
0.092,24,Jun 30 2023 18: +0,1688144400
0.081,25,Jun 30 2023 19: +0,1688148000
0.083,28,Jun 30 2023 20: +0,1688151600
0.085,33,Jun 30 2023 21: +0,1688155200
0.081,21,Jun 30 2023 22: +0,1688158800
0.08,27,Jun 30 2023 23: +0,1688162400
0.083,15,Jul 01 2023 00: +0,1688166000
0.08,19,Jul 01 2023 01: +0,1688169600
0.083,16,Jul 01 2023 02: +0,1688173200
0.082,11,Jul 01 2023 03: +0,1688176800
0.081,8,Jul 01 2023 04: +0,1688180400
0.086,14,Jul 01 2023 05: +0,1688184000
0.086,14,Jul 01 2023 06: +0,1688187600
0.081,8,Jul 01 2023 07: +0,1688191200
0.082,15,Jul 01 2023 08: +0,1688194800
0.081,30,Jul 01 2023 09: +0,1688198400
0.079,19,Jul 01 2023 10: +0,1688202000
0.079,23,Jul 01 2023 11: +0,1688205600
0.082,37,Jul 01 2023 12: +0,1688209200
0.09,17,Jul 01 2023 13: +0,1688212800
0.081,30,Jul 01 2023 14: +0,1688216400
0.079,30,Jul 01 2023 15: +0,1688220000
0.081,45,Jul 01 2023 16: +0,1688223600
0.083,30,Jul 01 2023 17: +0,1688227200
0.079,23,Jul 01 2023 18: +0,1688230800
0.081,20,Jul 01 2023 19: +0,1688234400
0.08,42,Jul 01 2023 20: +0,1688238000
0.079,34,Jul 01 2023 21: +0,1688241600
0.081,18,Jul 01 2023 22: +0,1688245200
0.079,16,Jul 01 2023 23: +0,1688248800
0.086,22,Jul 02 2023 00: +0,1688252400
0.1,29,Jul 02 2023 01: +0,1688256000
0.102,26,Jul 02 2023 02: +0,1688259600
0.11,12,Jul 02 2023 03: +0,1688263200
0.079,3,Jul 02 2023 04: +0,1688266800
0.083,4,Jul 02 2023 05: +0,1688270400
0.086,5,Jul 02 2023 06: +0,1688274000
0.087,13,Jul 02 2023 07: +0,1688277600
0.099,21,Jul 02 2023 08: +0,1688281200
0.086,7,Jul 02 2023 09: +0,1688284800
0.081,35,Jul 02 2023 10: +0,1688288400
0.086,93,Jul 02 2023 11: +0,1688292000
0.079,29,Jul 02 2023 12: +0,1688295600
0.086,25,Jul 02 2023 13: +0,1688299200
0.086,15,Jul 02 2023 14: +0,1688302800
0.084,34,Jul 02 2023 15: +0,1688306400
0.079,23,Jul 02 2023 16: +0,1688310000
0.081,30,Jul 02 2023 17: +0,1688313600
0.091,39,Jul 02 2023 18: +0,1688317200
0.095,26,Jul 02 2023 19: +0,1688320800
0.084,25,Jul 02 2023 20: +0,1688324400
0.095,42,Jul 02 2023 21: +0,1688328000
0.095,21,Jul 02 2023 22: +0,1688331600
0.095,14,Jul 02 2023 23: +0,1688335200
0.09,26,Jul 03 2023 00: +0,1688338800
0.088,7,Jul 03 2023 01: +0,1688342400
0.103,18,Jul 03 2023 02: +0,1688346000
0.075,3,Jul 03 2023 03: +0,1688349600
0.086,9,Jul 03 2023 04: +0,1688353200
0.082,6,Jul 03 2023 05: +0,1688356800
0.082,14,Jul 03 2023 06: +0,1688360400
0.07,9,Jul 03 2023 07: +0,1688364000
0.08,15,Jul 03 2023 08: +0,1688367600
0.079,8,Jul 03 2023 09: +0,1688371200
0.08,32,Jul 03 2023 10: +0,1688374800
0.086,25,Jul 03 2023 11: +0,1688378400
0.081,33,Jul 03 2023 12: +0,1688382000
0.082,29,Jul 03 2023 13: +0,1688385600
0.084,22,Jul 03 2023 14: +0,1688389200
0.085,16,Jul 03 2023 15: +0,1688392800
0.086,30,Jul 03 2023 16: +0,1688396400
0.086,46,Jul 03 2023 17: +0,1688400000
0.08,31,Jul 03 2023 18: +0,1688403600
0.08,57,Jul 03 2023 19: +0,1688407200
0.08,52,Jul 03 2023 20: +0,1688410800
0.095,27,Jul 03 2023 21: +0,1688414400
0.079,28,Jul 03 2023 22: +0,1688418000
0.086,15,Jul 03 2023 23: +0,1688421600
0.086,11,Jul 04 2023 00: +0,1688425200
0.071,7,Jul 04 2023 01: +0,1688428800
0.08,29,Jul 04 2023 02: +0,1688432400
0.083,6,Jul 04 2023 03: +0,1688436000
0.073,9,Jul 04 2023 04: +0,1688439600
0.071,7,Jul 04 2023 05: +0,1688443200
0.079,9,Jul 04 2023 06: +0,1688446800
0.08,11,Jul 04 2023 07: +0,1688450400
0.084,23,Jul 04 2023 08: +0,1688454000
0.079,17,Jul 04 2023 09: +0,1688457600
0.086,17,Jul 04 2023 10: +0,1688461200
0.095,37,Jul 04 2023 11: +0,1688464800
0.095,27,Jul 04 2023 12: +0,1688468400
0.086,38,Jul 04 2023 13: +0,1688472000
0.102,47,Jul 04 2023 14: +0,1688475600
0.079,20,Jul 04 2023 15: +0,1688479200
0.079,52,Jul 04 2023 16: +0,1688482800
0.079,31,Jul 04 2023 17: +0,1688486400
0.079,27,Jul 04 2023 18: +0,1688490000
0.079,32,Jul 04 2023 19: +0,1688493600
0.079,36,Jul 04 2023 20: +0,1688497200
0.079,21,Jul 04 2023 21: +0,1688500800
0.079,24,Jul 04 2023 22: +0,1688504400
0.083,17,Jul 04 2023 23: +0,1688508000
0.083,11,Jul 05 2023 00: +0,1688511600
0.083,16,Jul 05 2023 01: +0,1688515200
0.083,11,Jul 05 2023 02: +0,1688518800
0.079,6,Jul 05 2023 03: +0,1688522400
0.13,26,Jul 05 2023 04: +0,1688526000
0.083,17,Jul 05 2023 05: +0,1688529600
0.073,6,Jul 05 2023 06: +0,1688533200
0.082,13,Jul 05 2023 07: +0,1688536800
0.083,12,Jul 05 2023 08: +0,1688540400
0.083,21,Jul 05 2023 09: +0,1688544000
0.083,21,Jul 05 2023 10: +0,1688547600
0.083,17,Jul 05 2023 11: +0,1688551200
0.081,29,Jul 05 2023 12: +0,1688554800
0.079,21,Jul 05 2023 13: +0,1688558400
0.077,19,Jul 05 2023 14: +0,1688562000
0.077,20,Jul 05 2023 15: +0,1688565600
0.077,26,Jul 05 2023 16: +0,1688569200
0.068,24,Jul 05 2023 17: +0,1688572800
0.069,33,Jul 05 2023 18: +0,1688576400
0.066,21,Jul 05 2023 19: +0,1688580000
0.086,57,Jul 05 2023 20: +0,1688583600
0.069,26,Jul 05 2023 21: +0,1688587200
0.069,22,Jul 05 2023 22: +0,1688590800
0.07,8,Jul 05 2023 23: +0,1688594400
0.069,20,Jul 06 2023 00: +0,1688598000
0.069,8,Jul 06 2023 01: +0,1688601600
0.069,8,Jul 06 2023 02: +0,1688605200
0.063,8,Jul 06 2023 03: +0,1688608800
0.07,2,Jul 06 2023 04: +0,1688612400
0.086,31,Jul 06 2023 05: +0,1688616000
0.07,9,Jul 06 2023 06: +0,1688619600
0.071,11,Jul 06 2023 07: +0,1688623200
0.065,5,Jul 06 2023 08: +0,1688626800
0.071,12,Jul 06 2023 09: +0,1688630400
0.069,18,Jul 06 2023 10: +0,1688634000
0.079,20,Jul 06 2023 11: +0,1688637600
0.069,9,Jul 06 2023 12: +0,1688641200
0.072,18,Jul 06 2023 13: +0,1688644800
0.069,12,Jul 06 2023 14: +0,1688648400
0.069,16,Jul 06 2023 15: +0,1688652000
0.071,16,Jul 06 2023 16: +0,1688655600
0.069,24,Jul 06 2023 17: +0,1688659200
0.069,19,Jul 06 2023 18: +0,1688662800
0.072,34,Jul 06 2023 19: +0,1688666400
0.07,17,Jul 06 2023 20: +0,1688670000
0.069,23,Jul 06 2023 21: +0,1688673600
0.065,19,Jul 06 2023 22: +0,1688677200
0.071,14,Jul 06 2023 23: +0,1688680800
0.071,13,Jul 07 2023 00: +0,1688684400
0.067,14,Jul 07 2023 01: +0,1688688000
0.071,15,Jul 07 2023 02: +0,1688691600
0.071,1,Jul 07 2023 03: +0,1688695200
0.07,6,Jul 07 2023 04: +0,1688698800
0.077,13,Jul 07 2023 05: +0,1688702400
0.069,9,Jul 07 2023 06: +0,1688706000
0.069,7,Jul 07 2023 07: +0,1688709600
0.072,24,Jul 07 2023 08: +0,1688713200
0.07,8,Jul 07 2023 09: +0,1688716800
0.064,9,Jul 07 2023 10: +0,1688720400
0.071,12,Jul 07 2023 11: +0,1688724000
0.085,31,Jul 07 2023 12: +0,1688727600
0.068,9,Jul 07 2023 13: +0,1688731200
0.07,12,Jul 07 2023 14: +0,1688734800
0.063,13,Jul 07 2023 15: +0,1688738400
0.063,10,Jul 07 2023 16: +0,1688742000
0.068,32,Jul 07 2023 17: +0,1688745600
0.07,17,Jul 07 2023 18: +0,1688749200
0.066,22,Jul 07 2023 19: +0,1688752800
0.07,29,Jul 07 2023 20: +0,1688756400
0.07,35,Jul 07 2023 21: +0,1688760000
0.063,19,Jul 07 2023 22: +0,1688763600
0.069,13,Jul 07 2023 23: +0,1688767200
0.078,20,Jul 08 2023 00: +0,1688770800
0.066,4,Jul 08 2023 01: +0,1688774400
0.06,9,Jul 08 2023 02: +0,1688778000
0.065,6,Jul 08 2023 03: +0,1688781600
0.045,2,Jul 08 2023 04: +0,1688785200
0.061,9,Jul 08 2023 05: +0,1688788800
0.078,17,Jul 08 2023 06: +0,1688792400
0.07,5,Jul 08 2023 07: +0,1688796000
0.07,15,Jul 08 2023 08: +0,1688799600
0.07,4,Jul 08 2023 09: +0,1688803200
0.074,29,Jul 08 2023 10: +0,1688806800
0.07,13,Jul 08 2023 11: +0,1688810400
0.074,8,Jul 08 2023 12: +0,1688814000
0.069,14,Jul 08 2023 13: +0,1688817600
0.07,32,Jul 08 2023 14: +0,1688821200
0.08,25,Jul 08 2023 15: +0,1688824800
0.08,23,Jul 08 2023 16: +0,1688828400
0.074,36,Jul 08 2023 17: +0,1688832000
0.08,24,Jul 08 2023 18: +0,1688835600
0.076,25,Jul 08 2023 19: +0,1688839200
0.08,16,Jul 08 2023 20: +0,1688842800
0.08,23,Jul 08 2023 21: +0,1688846400
0.08,33,Jul 08 2023 22: +0,1688850000
0.085,36,Jul 08 2023 23: +0,1688853600
0.077,10,Jul 09 2023 00: +0,1688857200
0.078,10,Jul 09 2023 01: +0,1688860800
0.08,9,Jul 09 2023 02: +0,1688864400
0.078,14,Jul 09 2023 03: +0,1688868000
0.078,3,Jul 09 2023 04: +0,1688871600
0.085,7,Jul 09 2023 05: +0,1688875200
0.078,3,Jul 09 2023 06: +0,1688878800
0.078,13,Jul 09 2023 07: +0,1688882400
0.078,36,Jul 09 2023 08: +0,1688886000
0.078,33,Jul 09 2023 09: +0,1688889600
0.078,23,Jul 09 2023 10: +0,1688893200
0.078,24,Jul 09 2023 11: +0,1688896800
0.078,23,Jul 09 2023 12: +0,1688900400
0.072,17,Jul 09 2023 13: +0,1688904000
0.072,29,Jul 09 2023 14: +0,1688907600
0.08,16,Jul 09 2023 15: +0,1688911200
0.073,27,Jul 09 2023 16: +0,1688914800
0.075,37,Jul 09 2023 17: +0,1688918400
0.074,69,Jul 09 2023 18: +0,1688922000
0.08,23,Jul 09 2023 19: +0,1688925600
0.08,20,Jul 09 2023 20: +0,1688929200
0.079,20,Jul 09 2023 21: +0,1688932800
0.079,15,Jul 09 2023 22: +0,1688936400
0.079,9,Jul 09 2023 23: +0,1688940000
0.073,18,Jul 10 2023 00: +0,1688943600
0.077,6,Jul 10 2023 01: +0,1688947200
0.077,5,Jul 10 2023 02: +0,1688950800
0.078,6,Jul 10 2023 03: +0,1688954400
0.075,8,Jul 10 2023 04: +0,1688958000
0.079,14,Jul 10 2023 05: +0,1688961600
0.085,48,Jul 10 2023 06: +0,1688965200
0.072,5,Jul 10 2023 07: +0,1688968800
0.075,12,Jul 10 2023 08: +0,1688972400
0.079,26,Jul 10 2023 09: +0,1688976000
0.079,15,Jul 10 2023 10: +0,1688979600
0.079,12,Jul 10 2023 11: +0,1688983200
0.079,19,Jul 10 2023 12: +0,1688986800
0.079,54,Jul 10 2023 13: +0,1688990400
0.084,181,Jul 10 2023 14: +0,1688994000
0.085,79,Jul 10 2023 15: +0,1688997600
0.078,24,Jul 10 2023 16: +0,1689001200
0.073,25,Jul 10 2023 17: +0,1689004800
0.092,199,Jul 10 2023 18: +0,1689008400
0.075,17,Jul 10 2023 19: +0,1689012000
0.078,36,Jul 10 2023 20: +0,1689015600
0.081,14,Jul 10 2023 21: +0,1689019200
0.071,21,Jul 10 2023 22: +0,1689022800
0.069,10,Jul 10 2023 23: +0,1689026400
0.078,42,Jul 11 2023 00: +0,1689030000
0.073,8,Jul 11 2023 01: +0,1689033600
0.071,4,Jul 11 2023 02: +0,1689037200
0.071,8,Jul 11 2023 03: +0,1689040800
0.072,8,Jul 11 2023 04: +0,1689044400
0.074,8,Jul 11 2023 05: +0,1689048000
0.071,3,Jul 11 2023 06: +0,1689051600
0.071,12,Jul 11 2023 07: +0,1689055200
0.071,38,Jul 11 2023 08: +0,1689058800
0.071,14,Jul 11 2023 09: +0,1689062400
0.084,29,Jul 11 2023 10: +0,1689066000
0.084,86,Jul 11 2023 11: +0,1689069600
0.072,28,Jul 11 2023 12: +0,1689073200
0.071,21,Jul 11 2023 13: +0,1689076800
0.076,19,Jul 11 2023 14: +0,1689080400
0.073,22,Jul 11 2023 15: +0,1689084000
0.076,27,Jul 11 2023 16: +0,1689087600
0.07,58,Jul 11 2023 17: +0,1689091200
0.076,15,Jul 11 2023 18: +0,1689094800
0.068,25,Jul 11 2023 19: +0,1689098400
0.076,30,Jul 11 2023 20: +0,1689102000
0.076,52,Jul 11 2023 21: +0,1689105600
0.076,35,Jul 11 2023 22: +0,1689109200
0.085,17,Jul 11 2023 23: +0,1689112800
0.093,44,Jul 12 2023 00: +0,1689116400
0.089,18,Jul 12 2023 01: +0,1689120000
0.09,20,Jul 12 2023 02: +0,1689123600
0.093,18,Jul 12 2023 03: +0,1689127200
0.085,5,Jul 12 2023 04: +0,1689130800
0.085,8,Jul 12 2023 05: +0,1689134400
0.08,13,Jul 12 2023 06: +0,1689138000
0.085,13,Jul 12 2023 07: +0,1689141600
0.085,17,Jul 12 2023 08: +0,1689145200
0.085,27,Jul 12 2023 09: +0,1689148800
0.085,27,Jul 12 2023 10: +0,1689152400
0.077,38,Jul 12 2023 11: +0,1689156000
0.068,19,Jul 12 2023 12: +0,1689159600
0.077,35,Jul 12 2023 13: +0,1689163200
0.077,13,Jul 12 2023 14: +0,1689166800
0.089,33,Jul 12 2023 15: +0,1689170400
0.081,38,Jul 12 2023 16: +0,1689174000
0.076,28,Jul 12 2023 17: +0,1689177600
0.086,92,Jul 12 2023 18: +0,1689181200
0.076,29,Jul 12 2023 19: +0,1689184800
0.114,59,Jul 12 2023 20: +0,1689188400
0.084,16,Jul 12 2023 21: +0,1689192000
0.078,17,Jul 12 2023 22: +0,1689195600
0.076,14,Jul 12 2023 23: +0,1689199200
0.076,20,Jul 13 2023 00: +0,1689202800
0.074,17,Jul 13 2023 01: +0,1689206400
0.075,16,Jul 13 2023 02: +0,1689210000
0.074,13,Jul 13 2023 03: +0,1689213600
0.068,3,Jul 13 2023 04: +0,1689217200
0.076,12,Jul 13 2023 05: +0,1689220800
0.072,2,Jul 13 2023 06: +0,1689224400
0.073,8,Jul 13 2023 07: +0,1689228000
0.075,13,Jul 13 2023 08: +0,1689231600
0.096,43,Jul 13 2023 09: +0,1689235200
0.077,13,Jul 13 2023 10: +0,1689238800
0.085,32,Jul 13 2023 11: +0,1689242400
0.085,30,Jul 13 2023 12: +0,1689246000
0.093,80,Jul 13 2023 13: +0,1689249600
0.093,33,Jul 13 2023 14: +0,1689253200
0.098,45,Jul 13 2023 15: +0,1689256800
0.093,52,Jul 13 2023 16: +0,1689260400
0.117,46,Jul 13 2023 17: +0,1689264000
0.118,27,Jul 13 2023 18: +0,1689267600
0.127,20,Jul 13 2023 19: +0,1689271200
0.127,23,Jul 13 2023 20: +0,1689274800
0.116,27,Jul 13 2023 21: +0,1689278400
0.137,44,Jul 13 2023 22: +0,1689282000
0.147,13,Jul 13 2023 23: +0,1689285600
0.176,27,Jul 14 2023 00: +0,1689289200
0.167,20,Jul 14 2023 01: +0,1689292800
0.154,12,Jul 14 2023 02: +0,1689296400
0.147,27,Jul 14 2023 03: +0,1689300000
0.15,12,Jul 14 2023 04: +0,1689303600
0.093,3,Jul 14 2023 05: +0,1689307200
0.092,4,Jul 14 2023 06: +0,1689310800
0.092,9,Jul 14 2023 07: +0,1689314400
0.093,20,Jul 14 2023 08: +0,1689318000
0.088,13,Jul 14 2023 09: +0,1689321600
0.09,5,Jul 14 2023 10: +0,1689325200
0.102,26,Jul 14 2023 11: +0,1689328800
0.102,18,Jul 14 2023 12: +0,1689332400
0.102,26,Jul 14 2023 13: +0,1689336000
0.102,30,Jul 14 2023 14: +0,1689339600
0.102,20,Jul 14 2023 15: +0,1689343200
0.102,29,Jul 14 2023 16: +0,1689346800
0.088,21,Jul 14 2023 17: +0,1689350400
0.083,12,Jul 14 2023 18: +0,1689354000
0.078,40,Jul 14 2023 19: +0,1689357600
0.08,18,Jul 14 2023 20: +0,1689361200
0.094,51,Jul 14 2023 21: +0,1689364800
0.103,25,Jul 14 2023 22: +0,1689368400
0.08,24,Jul 14 2023 23: +0,1689372000
0.075,13,Jul 15 2023 00: +0,1689375600
0.069,5,Jul 15 2023 01: +0,1689379200
0.077,9,Jul 15 2023 02: +0,1689382800
0.073,12,Jul 15 2023 03: +0,1689386400
0.079,10,Jul 15 2023 04: +0,1689390000
0.073,1,Jul 15 2023 05: +0,1689393600
0.068,53,Jul 15 2023 06: +0,1689397200
0.07,7,Jul 15 2023 07: +0,1689400800
0.072,6,Jul 15 2023 08: +0,1689404400
0.077,13,Jul 15 2023 09: +0,1689408000
0.069,11,Jul 15 2023 10: +0,1689411600
0.068,15,Jul 15 2023 11: +0,1689415200
0.07,21,Jul 15 2023 12: +0,1689418800
0.077,10,Jul 15 2023 13: +0,1689422400
0.064,13,Jul 15 2023 14: +0,1689426000
0.077,28,Jul 15 2023 15: +0,1689429600
0.07,18,Jul 15 2023 16: +0,1689433200
0.07,26,Jul 15 2023 17: +0,1689436800
0.075,16,Jul 15 2023 18: +0,1689440400
0.076,17,Jul 15 2023 19: +0,1689444000
0.086,40,Jul 15 2023 20: +0,1689447600
0.079,34,Jul 15 2023 21: +0,1689451200
0.079,23,Jul 15 2023 22: +0,1689454800
0.078,11,Jul 15 2023 23: +0,1689458400
0.071,13,Jul 16 2023 00: +0,1689462000
0.077,19,Jul 16 2023 01: +0,1689465600
0.086,4,Jul 16 2023 02: +0,1689469200
0.078,14,Jul 16 2023 03: +0,1689472800
0.077,5,Jul 16 2023 04: +0,1689476400
0.061,3,Jul 16 2023 05: +0,1689480000
0.07,9,Jul 16 2023 06: +0,1689483600
0.069,11,Jul 16 2023 07: +0,1689487200
0.07,16,Jul 16 2023 08: +0,1689490800
0.086,53,Jul 16 2023 09: +0,1689494400
0.077,16,Jul 16 2023 10: +0,1689498000
0.073,11,Jul 16 2023 11: +0,1689501600
0.086,21,Jul 16 2023 12: +0,1689505200
0.079,25,Jul 16 2023 13: +0,1689508800
0.069,14,Jul 16 2023 14: +0,1689512400
0.094,114,Jul 16 2023 15: +0,1689516000
0.089,22,Jul 16 2023 16: +0,1689519600
0.077,25,Jul 16 2023 17: +0,1689523200
0.077,26,Jul 16 2023 18: +0,1689526800
0.073,13,Jul 16 2023 19: +0,1689530400
0.076,14,Jul 16 2023 20: +0,1689534000
0.077,31,Jul 16 2023 21: +0,1689537600
0.077,18,Jul 16 2023 22: +0,1689541200
0.073,7,Jul 16 2023 23: +0,1689544800
0.069,18,Jul 17 2023 00: +0,1689548400
0.071,13,Jul 17 2023 01: +0,1689552000
0.075,18,Jul 17 2023 02: +0,1689555600
0.075,7,Jul 17 2023 03: +0,1689559200
0.075,7,Jul 17 2023 04: +0,1689562800
0.075,5,Jul 17 2023 05: +0,1689566400
0.069,11,Jul 17 2023 06: +0,1689570000
0.075,9,Jul 17 2023 07: +0,1689573600
0.075,13,Jul 17 2023 08: +0,1689577200
0.073,12,Jul 17 2023 09: +0,1689580800
0.076,10,Jul 17 2023 10: +0,1689584400
0.079,23,Jul 17 2023 11: +0,1689588000
0.076,28,Jul 17 2023 12: +0,1689591600
0.073,20,Jul 17 2023 13: +0,1689595200
0.075,16,Jul 17 2023 14: +0,1689598800
0.075,20,Jul 17 2023 15: +0,1689602400
0.073,15,Jul 17 2023 16: +0,1689606000
0.069,16,Jul 17 2023 17: +0,1689609600
0.079,49,Jul 17 2023 18: +0,1689613200
0.073,18,Jul 17 2023 19: +0,1689616800
0.073,23,Jul 17 2023 20: +0,1689620400
0.071,25,Jul 17 2023 21: +0,1689624000
0.069,19,Jul 17 2023 22: +0,1689627600
0.069,3,Jul 17 2023 23: +0,1689631200
0.069,26,Jul 18 2023 00: +0,1689634800
0.066,10,Jul 18 2023 01: +0,1689638400
0.069,3,Jul 18 2023 02: +0,1689642000
0.077,9,Jul 18 2023 03: +0,1689645600
0.071,6,Jul 18 2023 04: +0,1689649200
0.066,9,Jul 18 2023 05: +0,1689652800
0.062,12,Jul 18 2023 06: +0,1689656400
0.069,8,Jul 18 2023 07: +0,1689660000
0.077,18,Jul 18 2023 08: +0,1689663600
0.071,7,Jul 18 2023 09: +0,1689667200
0.077,28,Jul 18 2023 10: +0,1689670800
0.078,31,Jul 18 2023 11: +0,1689674400
0.076,18,Jul 18 2023 12: +0,1689678000
0.07,17,Jul 18 2023 13: +0,1689681600
0.081,28,Jul 18 2023 14: +0,1689685200
0.076,13,Jul 18 2023 15: +0,1689688800
0.076,19,Jul 18 2023 16: +0,1689692400
0.077,32,Jul 18 2023 17: +0,1689696000
0.078,19,Jul 18 2023 18: +0,1689699600
0.076,27,Jul 18 2023 19: +0,1689703200
0.078,14,Jul 18 2023 20: +0,1689706800
0.076,56,Jul 18 2023 21: +0,1689710400
0.087,47,Jul 18 2023 22: +0,1689714000
0.068,7,Jul 18 2023 23: +0,1689717600
0.074,12,Jul 19 2023 00: +0,1689721200
0.06,8,Jul 19 2023 01: +0,1689724800
0.082,17,Jul 19 2023 02: +0,1689728400
0.082,14,Jul 19 2023 03: +0,1689732000
0.082,10,Jul 19 2023 04: +0,1689735600
0.093,23,Jul 19 2023 05: +0,1689739200
0.113,38,Jul 19 2023 06: +0,1689742800
0.096,8,Jul 19 2023 07: +0,1689746400
0.082,10,Jul 19 2023 08: +0,1689750000
0.077,5,Jul 19 2023 09: +0,1689753600
0.077,13,Jul 19 2023 10: +0,1689757200
0.077,20,Jul 19 2023 11: +0,1689760800
0.077,11,Jul 19 2023 12: +0,1689764400
0.076,19,Jul 19 2023 13: +0,1689768000
0.074,29,Jul 19 2023 14: +0,1689771600
0.074,16,Jul 19 2023 15: +0,1689775200
0.076,61,Jul 19 2023 16: +0,1689778800
0.076,9,Jul 19 2023 17: +0,1689782400
0.071,14,Jul 19 2023 18: +0,1689786000
0.07,21,Jul 19 2023 19: +0,1689789600
0.067,25,Jul 19 2023 20: +0,1689793200
0.068,21,Jul 19 2023 21: +0,1689796800
0.087,69,Jul 19 2023 22: +0,1689800400
0.067,24,Jul 19 2023 23: +0,1689804000
0.071,44,Jul 20 2023 00: +0,1689807600
0.066,12,Jul 20 2023 01: +0,1689811200
0.066,7,Jul 20 2023 02: +0,1689814800
0.077,40,Jul 20 2023 03: +0,1689818400
0.077,18,Jul 20 2023 04: +0,1689822000
0.077,14,Jul 20 2023 05: +0,1689825600
0.074,8,Jul 20 2023 06: +0,1689829200
0.072,3,Jul 20 2023 07: +0,1689832800
0.079,15,Jul 20 2023 08: +0,1689836400
0.079,20,Jul 20 2023 09: +0,1689840000
0.079,14,Jul 20 2023 10: +0,1689843600
0.06,7,Jul 20 2023 11: +0,1689847200
0.078,23,Jul 20 2023 12: +0,1689850800
0.065,7,Jul 20 2023 13: +0,1689854400
0.061,5,Jul 20 2023 14: +0,1689858000
0.06,210,Jul 20 2023 15: +0,1689861600
0.079,47,Jul 20 2023 16: +0,1689865200
0.076,27,Jul 20 2023 17: +0,1689868800
0.077,20,Jul 20 2023 18: +0,1689872400
0.077,17,Jul 20 2023 19: +0,1689876000
0.074,12,Jul 20 2023 20: +0,1689879600
0.078,21,Jul 20 2023 21: +0,1689883200
0.072,17,Jul 20 2023 22: +0,1689886800
0.078,20,Jul 20 2023 23: +0,1689890400
0.072,16,Jul 21 2023 00: +0,1689894000
0.067,8,Jul 21 2023 01: +0,1689897600
0.063,8,Jul 21 2023 02: +0,1689901200
0.063,7,Jul 21 2023 03: +0,1689904800
0.067,9,Jul 21 2023 04: +0,1689908400
0.065,9,Jul 21 2023 05: +0,1689912000
0.064,11,Jul 21 2023 06: +0,1689915600
0.078,10,Jul 21 2023 07: +0,1689919200
0.078,11,Jul 21 2023 08: +0,1689922800
0.07,10,Jul 21 2023 09: +0,1689926400
0.061,13,Jul 21 2023 10: +0,1689930000
0.06,13,Jul 21 2023 11: +0,1689933600
0.065,14,Jul 21 2023 12: +0,1689937200
0.063,19,Jul 21 2023 13: +0,1689940800
0.068,23,Jul 21 2023 14: +0,1689944400
0.064,12,Jul 21 2023 15: +0,1689948000
0.059,36,Jul 21 2023 16: +0,1689951600
0.078,30,Jul 21 2023 17: +0,1689955200
0.064,9,Jul 21 2023 18: +0,1689958800
0.067,29,Jul 21 2023 19: +0,1689962400
0.067,22,Jul 21 2023 20: +0,1689966000
0.078,58,Jul 21 2023 21: +0,1689969600
0.078,26,Jul 21 2023 22: +0,1689973200
0.078,16,Jul 21 2023 23: +0,1689976800
0.078,9,Jul 22 2023 00: +0,1689980400
0.078,19,Jul 22 2023 01: +0,1689984000
0.078,10,Jul 22 2023 02: +0,1689987600
0.068,11,Jul 22 2023 03: +0,1689991200
0.07,10,Jul 22 2023 04: +0,1689994800
0.065,3,Jul 22 2023 05: +0,1689998400
0.07,7,Jul 22 2023 06: +0,1690002000
0.069,16,Jul 22 2023 07: +0,1690005600
0.073,10,Jul 22 2023 08: +0,1690009200
0.067,8,Jul 22 2023 09: +0,1690012800
0.078,11,Jul 22 2023 10: +0,1690016400
0.07,14,Jul 22 2023 11: +0,1690020000
0.07,23,Jul 22 2023 12: +0,1690023600
0.071,28,Jul 22 2023 13: +0,1690027200
0.087,68,Jul 22 2023 14: +0,1690030800
0.072,14,Jul 22 2023 15: +0,1690034400
0.076,17,Jul 22 2023 16: +0,1690038000
0.078,26,Jul 22 2023 17: +0,1690041600
0.072,28,Jul 22 2023 18: +0,1690045200
0.077,54,Jul 22 2023 19: +0,1690048800
0.069,16,Jul 22 2023 20: +0,1690052400
0.069,37,Jul 22 2023 21: +0,1690056000
0.069,37,Jul 22 2023 22: +0,1690059600
0.069,17,Jul 22 2023 23: +0,1690063200
0.087,119,Jul 23 2023 00: +0,1690066800
0.068,13,Jul 23 2023 01: +0,1690070400
0.071,26,Jul 23 2023 02: +0,1690074000
0.078,37,Jul 23 2023 03: +0,1690077600
0.072,7,Jul 23 2023 04: +0,1690081200
0.075,10,Jul 23 2023 05: +0,1690084800
0.075,19,Jul 23 2023 06: +0,1690088400
0.072,15,Jul 23 2023 07: +0,1690092000
0.072,19,Jul 23 2023 08: +0,1690095600
0.09,89,Jul 23 2023 09: +0,1690099200
0.07,8,Jul 23 2023 10: +0,1690102800
0.072,18,Jul 23 2023 11: +0,1690106400
0.07,12,Jul 23 2023 12: +0,1690110000
0.07,15,Jul 23 2023 13: +0,1690113600
0.071,21,Jul 23 2023 14: +0,1690117200
0.087,26,Jul 23 2023 15: +0,1690120800
0.072,29,Jul 23 2023 16: +0,1690124400
0.07,16,Jul 23 2023 17: +0,1690128000
0.074,25,Jul 23 2023 18: +0,1690131600
0.069,20,Jul 23 2023 19: +0,1690135200
0.069,25,Jul 23 2023 20: +0,1690138800
0.068,24,Jul 23 2023 21: +0,1690142400
0.069,13,Jul 23 2023 22: +0,1690146000
0.071,38,Jul 23 2023 23: +0,1690149600
0.069,15,Jul 24 2023 00: +0,1690153200
0.087,14,Jul 24 2023 01: +0,1690156800
0.063,9,Jul 24 2023 02: +0,1690160400
0.077,12,Jul 24 2023 03: +0,1690164000
0.078,5,Jul 24 2023 04: +0,1690167600
0.072,4,Jul 24 2023 05: +0,1690171200
0.078,3,Jul 24 2023 06: +0,1690174800
0.066,4,Jul 24 2023 07: +0,1690178400
0.066,19,Jul 24 2023 08: +0,1690182000
0.063,13,Jul 24 2023 09: +0,1690185600
0.069,17,Jul 24 2023 10: +0,1690189200
0.071,20,Jul 24 2023 11: +0,1690192800
0.069,20,Jul 24 2023 12: +0,1690196400
0.081,24,Jul 24 2023 13: +0,1690200000
0.087,36,Jul 24 2023 14: +0,1690203600
0.078,19,Jul 24 2023 15: +0,1690207200
0.077,11,Jul 24 2023 16: +0,1690210800
0.078,26,Jul 24 2023 17: +0,1690214400
0.078,20,Jul 24 2023 18: +0,1690218000
0.069,16,Jul 24 2023 19: +0,1690221600
0.069,30,Jul 24 2023 20: +0,1690225200
0.09,64,Jul 24 2023 21: +0,1690228800
0.068,13,Jul 24 2023 22: +0,1690232400
0.067,13,Jul 24 2023 23: +0,1690236000
0.063,30,Jul 25 2023 00: +0,1690239600
0.069,4,Jul 25 2023 01: +0,1690243200
0.068,7,Jul 25 2023 02: +0,1690246800
0.063,12,Jul 25 2023 03: +0,1690250400
0.067,26,Jul 25 2023 04: +0,1690254000
0.069,3,Jul 25 2023 05: +0,1690257600
0.069,11,Jul 25 2023 06: +0,1690261200
0.071,4,Jul 25 2023 07: +0,1690264800
0.065,7,Jul 25 2023 08: +0,1690268400
0.069,12,Jul 25 2023 09: +0,1690272000
0.068,11,Jul 25 2023 10: +0,1690275600
0.063,11,Jul 25 2023 11: +0,1690279200
0.068,28,Jul 25 2023 12: +0,1690282800
0.066,20,Jul 25 2023 13: +0,1690286400
0.068,19,Jul 25 2023 14: +0,1690290000
0.069,12,Jul 25 2023 15: +0,1690293600
0.069,22,Jul 25 2023 16: +0,1690297200
0.068,18,Jul 25 2023 17: +0,1690300800
0.068,15,Jul 25 2023 18: +0,1690304400
0.068,40,Jul 25 2023 19: +0,1690308000
0.061,12,Jul 25 2023 20: +0,1690311600
0.085,79,Jul 25 2023 21: +0,1690315200
0.066,14,Jul 25 2023 22: +0,1690318800
0.062,22,Jul 25 2023 23: +0,1690322400
0.064,15,Jul 26 2023 00: +0,1690326000
0.066,7,Jul 26 2023 01: +0,1690329600
0.067,6,Jul 26 2023 02: +0,1690333200
0.066,11,Jul 26 2023 03: +0,1690336800
0.066,8,Jul 26 2023 04: +0,1690340400
0.066,19,Jul 26 2023 05: +0,1690344000
0.062,9,Jul 26 2023 06: +0,1690347600
0.066,28,Jul 26 2023 07: +0,1690351200
0.077,11,Jul 26 2023 08: +0,1690354800
0.077,22,Jul 26 2023 09: +0,1690358400
0.077,42,Jul 26 2023 10: +0,1690362000
0.065,15,Jul 26 2023 11: +0,1690365600
0.065,18,Jul 26 2023 12: +0,1690369200
0.072,14,Jul 26 2023 13: +0,1690372800
0.077,21,Jul 26 2023 14: +0,1690376400
0.062,7,Jul 26 2023 15: +0,1690380000
0.06,19,Jul 26 2023 16: +0,1690383600
0.058,25,Jul 26 2023 17: +0,1690387200
0.062,23,Jul 26 2023 18: +0,1690390800
0.064,36,Jul 26 2023 19: +0,1690394400
0.063,32,Jul 26 2023 20: +0,1690398000
0.064,28,Jul 26 2023 21: +0,1690401600
0.062,24,Jul 26 2023 22: +0,1690405200
0.065,35,Jul 26 2023 23: +0,1690408800
0.06,10,Jul 27 2023 00: +0,1690412400
0.064,22,Jul 27 2023 01: +0,1690416000
0.062,4,Jul 27 2023 02: +0,1690419600
0.062,8,Jul 27 2023 03: +0,1690423200
0.06,5,Jul 27 2023 04: +0,1690426800
0.065,5,Jul 27 2023 05: +0,1690430400
0.066,9,Jul 27 2023 06: +0,1690434000
0.062,10,Jul 27 2023 07: +0,1690437600
0.063,17,Jul 27 2023 08: +0,1690441200
0.065,25,Jul 27 2023 09: +0,1690444800
0.064,8,Jul 27 2023 10: +0,1690448400
0.066,25,Jul 27 2023 11: +0,1690452000
0.063,18,Jul 27 2023 12: +0,1690455600
0.063,13,Jul 27 2023 13: +0,1690459200
0.062,21,Jul 27 2023 14: +0,1690462800
0.065,6,Jul 27 2023 15: +0,1690466400
0.064,28,Jul 27 2023 16: +0,1690470000
0.063,20,Jul 27 2023 17: +0,1690473600
0.065,47,Jul 27 2023 18: +0,1690477200
0.064,32,Jul 27 2023 19: +0,1690480800
0.063,11,Jul 27 2023 20: +0,1690484400
0.064,24,Jul 27 2023 21: +0,1690488000
0.064,37,Jul 27 2023 22: +0,1690491600
0.064,39,Jul 27 2023 23: +0,1690495200
0.063,13,Jul 28 2023 00: +0,1690498800
0.063,14,Jul 28 2023 01: +0,1690502400
0.064,9,Jul 28 2023 02: +0,1690506000
0.063,10,Jul 28 2023 03: +0,1690509600
0.065,7,Jul 28 2023 04: +0,1690513200
0.064,5,Jul 28 2023 05: +0,1690516800
0.063,8,Jul 28 2023 06: +0,1690520400
0.065,9,Jul 28 2023 07: +0,1690524000
0.064,6,Jul 28 2023 08: +0,1690527600
0.064,23,Jul 28 2023 09: +0,1690531200
0.064,17,Jul 28 2023 10: +0,1690534800
0.065,33,Jul 28 2023 11: +0,1690538400
0.061,14,Jul 28 2023 12: +0,1690542000
0.062,33,Jul 28 2023 13: +0,1690545600
0.068,29,Jul 28 2023 14: +0,1690549200
0.06,25,Jul 28 2023 15: +0,1690552800
0.062,22,Jul 28 2023 16: +0,1690556400
0.063,19,Jul 28 2023 17: +0,1690560000
0.061,22,Jul 28 2023 18: +0,1690563600
0.061,26,Jul 28 2023 19: +0,1690567200
0.078,52,Jul 28 2023 20: +0,1690570800
0.061,22,Jul 28 2023 21: +0,1690574400
0.06,24,Jul 28 2023 22: +0,1690578000
0.061,35,Jul 28 2023 23: +0,1690581600
0.063,25,Jul 29 2023 00: +0,1690585200
0.059,5,Jul 29 2023 01: +0,1690588800
0.061,15,Jul 29 2023 02: +0,1690592400
0.061,13,Jul 29 2023 03: +0,1690596000
0.067,8,Jul 29 2023 04: +0,1690599600
0.065,18,Jul 29 2023 05: +0,1690603200
0.068,8,Jul 29 2023 06: +0,1690606800
0.061,5,Jul 29 2023 07: +0,1690610400
0.06,18,Jul 29 2023 08: +0,1690614000
0.074,16,Jul 29 2023 09: +0,1690617600
0.067,12,Jul 29 2023 10: +0,1690621200
0.064,17,Jul 29 2023 11: +0,1690624800
0.061,15,Jul 29 2023 12: +0,1690628400
0.063,18,Jul 29 2023 13: +0,1690632000
0.061,24,Jul 29 2023 14: +0,1690635600
0.06,17,Jul 29 2023 15: +0,1690639200
0.065,16,Jul 29 2023 16: +0,1690642800
0.065,11,Jul 29 2023 17: +0,1690646400
0.065,32,Jul 29 2023 18: +0,1690650000
0.064,22,Jul 29 2023 19: +0,1690653600
0.064,20,Jul 29 2023 20: +0,1690657200
0.064,14,Jul 29 2023 21: +0,1690660800
0.063,21,Jul 29 2023 22: +0,1690664400
0.068,41,Jul 29 2023 23: +0,1690668000
0.063,8,Jul 30 2023 00: +0,1690671600
0.066,12,Jul 30 2023 01: +0,1690675200
0.056,8,Jul 30 2023 02: +0,1690678800
0.095,105,Jul 30 2023 03: +0,1690682400
0.068,6,Jul 30 2023 04: +0,1690686000
0.065,7,Jul 30 2023 05: +0,1690689600
0.063,6,Jul 30 2023 06: +0,1690693200
0.063,5,Jul 30 2023 07: +0,1690696800
0.067,7,Jul 30 2023 08: +0,1690700400
0.079,21,Jul 30 2023 09: +0,1690704000
0.06,53,Jul 30 2023 10: +0,1690707600
0.063,17,Jul 30 2023 11: +0,1690711200
0.065,20,Jul 30 2023 12: +0,1690714800
0.063,21,Jul 30 2023 13: +0,1690718400
0.062,15,Jul 30 2023 14: +0,1690722000
0.061,39,Jul 30 2023 15: +0,1690725600
0.06,20,Jul 30 2023 16: +0,1690729200
0.063,20,Jul 30 2023 17: +0,1690732800
0.061,16,Jul 30 2023 18: +0,1690736400
0.079,50,Jul 30 2023 19: +0,1690740000
0.062,18,Jul 30 2023 20: +0,1690743600
0.078,24,Jul 30 2023 21: +0,1690747200
0.062,19,Jul 30 2023 22: +0,1690750800
0.065,19,Jul 30 2023 23: +0,1690754400
0.073,13,Jul 31 2023 00: +0,1690758000
0.087,18,Jul 31 2023 01: +0,1690761600
0.06,7,Jul 31 2023 02: +0,1690765200
0.063,14,Jul 31 2023 03: +0,1690768800
0.071,11,Jul 31 2023 04: +0,1690772400
0.071,10,Jul 31 2023 05: +0,1690776000
0.059,9,Jul 31 2023 06: +0,1690779600
0.071,7,Jul 31 2023 07: +0,1690783200
0.078,9,Jul 31 2023 08: +0,1690786800
0.078,27,Jul 31 2023 09: +0,1690790400
0.062,6,Jul 31 2023 10: +0,1690794000
0.06,15,Jul 31 2023 11: +0,1690797600
0.063,24,Jul 31 2023 12: +0,1690801200
0.078,31,Jul 31 2023 13: +0,1690804800
0.063,14,Jul 31 2023 14: +0,1690808400
0.062,23,Jul 31 2023 15: +0,1690812000
0.063,31,Jul 31 2023 16: +0,1690815600
0.091,64,Jul 31 2023 17: +0,1690819200
0.06,26,Jul 31 2023 18: +0,1690822800
0.066,27,Jul 31 2023 19: +0,1690826400
0.069,28,Jul 31 2023 20: +0,1690830000
0.063,18,Jul 31 2023 21: +0,1690833600
0.059,40,Jul 31 2023 22: +0,1690837200
0.059,23,Jul 31 2023 23: +0,1690840800
0.064,13,Aug 01 2023 00: +0,1690844400
0.063,20,Aug 01 2023 01: +0,1690848000
0.061,4,Aug 01 2023 02: +0,1690851600
0.063,11,Aug 01 2023 03: +0,1690855200
0.063,5,Aug 01 2023 04: +0,1690858800
0.062,6,Aug 01 2023 05: +0,1690862400
0.061,7,Aug 01 2023 06: +0,1690866000
0.063,21,Aug 01 2023 07: +0,1690869600
0.072,23,Aug 01 2023 08: +0,1690873200
0.061,13,Aug 01 2023 09: +0,1690876800
0.063,10,Aug 01 2023 10: +0,1690880400
0.067,15,Aug 01 2023 11: +0,1690884000
0.066,18,Aug 01 2023 12: +0,1690887600
0.072,17,Aug 01 2023 13: +0,1690891200
0.066,16,Aug 01 2023 14: +0,1690894800
0.063,19,Aug 01 2023 15: +0,1690898400
0.067,12,Aug 01 2023 16: +0,1690902000
0.063,18,Aug 01 2023 17: +0,1690905600
0.062,18,Aug 01 2023 18: +0,1690909200
0.066,28,Aug 01 2023 19: +0,1690912800
0.067,31,Aug 01 2023 20: +0,1690916400
0.062,23,Aug 01 2023 21: +0,1690920000
0.078,39,Aug 01 2023 22: +0,1690923600
0.07,18,Aug 01 2023 23: +0,1690927200
0.078,19,Aug 02 2023 00: +0,1690930800
0.062,14,Aug 02 2023 01: +0,1690934400
0.078,12,Aug 02 2023 02: +0,1690938000
0.062,5,Aug 02 2023 03: +0,1690941600
0.062,10,Aug 02 2023 04: +0,1690945200
0.078,7,Aug 02 2023 05: +0,1690948800
0.066,4,Aug 02 2023 06: +0,1690952400
0.078,9,Aug 02 2023 07: +0,1690956000
0.063,16,Aug 02 2023 08: +0,1690959600
0.067,15,Aug 02 2023 09: +0,1690963200
0.062,17,Aug 02 2023 10: +0,1690966800
0.067,23,Aug 02 2023 11: +0,1690970400
0.066,22,Aug 02 2023 12: +0,1690974000
0.058,33,Aug 02 2023 13: +0,1690977600
0.095,111,Aug 02 2023 14: +0,1690981200
0.063,13,Aug 02 2023 15: +0,1690984800
0.063,14,Aug 02 2023 16: +0,1690988400
0.063,19,Aug 02 2023 17: +0,1690992000
0.078,58,Aug 02 2023 18: +0,1690995600
0.062,22,Aug 02 2023 19: +0,1690999200
0.063,16,Aug 02 2023 20: +0,1691002800
0.063,23,Aug 02 2023 21: +0,1691006400
0.06,22,Aug 02 2023 22: +0,1691010000
0.063,25,Aug 02 2023 23: +0,1691013600
0.064,14,Aug 03 2023 00: +0,1691017200
0.063,7,Aug 03 2023 01: +0,1691020800
0.063,4,Aug 03 2023 02: +0,1691024400
0.061,14,Aug 03 2023 03: +0,1691028000
0.063,9,Aug 03 2023 04: +0,1691031600
0.06,8,Aug 03 2023 05: +0,1691035200
0.06,4,Aug 03 2023 06: +0,1691038800
0.065,18,Aug 03 2023 07: +0,1691042400
0.063,14,Aug 03 2023 08: +0,1691046000
0.062,24,Aug 03 2023 09: +0,1691049600
0.062,13,Aug 03 2023 10: +0,1691053200
0.062,18,Aug 03 2023 11: +0,1691056800
0.06,21,Aug 03 2023 12: +0,1691060400
0.058,18,Aug 03 2023 13: +0,1691064000
0.062,16,Aug 03 2023 14: +0,1691067600
0.06,27,Aug 03 2023 15: +0,1691071200
0.06,31,Aug 03 2023 16: +0,1691074800
0.06,33,Aug 03 2023 17: +0,1691078400
0.058,25,Aug 03 2023 18: +0,1691082000
0.06,47,Aug 03 2023 19: +0,1691085600
0.064,41,Aug 03 2023 20: +0,1691089200
0.058,30,Aug 03 2023 21: +0,1691092800
0.061,28,Aug 03 2023 22: +0,1691096400
0.059,22,Aug 03 2023 23: +0,1691100000
0.062,19,Aug 04 2023 00: +0,1691103600
0.059,9,Aug 04 2023 01: +0,1691107200
0.06,5,Aug 04 2023 02: +0,1691110800
0.057,9,Aug 04 2023 03: +0,1691114400
0.062,5,Aug 04 2023 04: +0,1691118000
0.056,10,Aug 04 2023 05: +0,1691121600
0.062,7,Aug 04 2023 06: +0,1691125200
0.058,3,Aug 04 2023 07: +0,1691128800
0.06,8,Aug 04 2023 08: +0,1691132400
0.059,21,Aug 04 2023 09: +0,1691136000
0.061,12,Aug 04 2023 10: +0,1691139600
0.057,11,Aug 04 2023 11: +0,1691143200
0.06,46,Aug 04 2023 12: +0,1691146800
0.061,22,Aug 04 2023 13: +0,1691150400
0.062,14,Aug 04 2023 14: +0,1691154000
0.061,16,Aug 04 2023 15: +0,1691157600
0.06,21,Aug 04 2023 16: +0,1691161200
0.069,15,Aug 04 2023 17: +0,1691164800
0.062,16,Aug 04 2023 18: +0,1691168400
0.069,26,Aug 04 2023 19: +0,1691172000
0.06,8,Aug 04 2023 20: +0,1691175600
0.069,21,Aug 04 2023 21: +0,1691179200
0.069,20,Aug 04 2023 22: +0,1691182800
0.069,19,Aug 04 2023 23: +0,1691186400
0.063,15,Aug 05 2023 00: +0,1691190000
0.066,16,Aug 05 2023 01: +0,1691193600
0.063,10,Aug 05 2023 02: +0,1691197200
0.069,15,Aug 05 2023 03: +0,1691200800
0.069,9,Aug 05 2023 04: +0,1691204400
0.054,8,Aug 05 2023 05: +0,1691208000
0.069,40,Aug 05 2023 06: +0,1691211600
0.069,9,Aug 05 2023 07: +0,1691215200
0.06,30,Aug 05 2023 08: +0,1691218800
0.069,19,Aug 05 2023 09: +0,1691222400
0.069,17,Aug 05 2023 10: +0,1691226000
0.065,20,Aug 05 2023 11: +0,1691229600
0.078,104,Aug 05 2023 12: +0,1691233200
0.087,48,Aug 05 2023 13: +0,1691236800
0.069,21,Aug 05 2023 14: +0,1691240400
0.069,21,Aug 05 2023 15: +0,1691244000
0.074,18,Aug 05 2023 16: +0,1691247600
0.071,27,Aug 05 2023 17: +0,1691251200
0.062,15,Aug 05 2023 18: +0,1691254800
0.059,21,Aug 05 2023 19: +0,1691258400
0.058,21,Aug 05 2023 20: +0,1691262000
0.069,30,Aug 05 2023 21: +0,1691265600
0.063,23,Aug 05 2023 22: +0,1691269200
0.078,28,Aug 05 2023 23: +0,1691272800
0.062,21,Aug 06 2023 00: +0,1691276400
0.069,7,Aug 06 2023 01: +0,1691280000
0.078,53,Aug 06 2023 02: +0,1691283600
0.087,24,Aug 06 2023 03: +0,1691287200
0.066,8,Aug 06 2023 04: +0,1691290800
0.059,2,Aug 06 2023 05: +0,1691294400
0.069,10,Aug 06 2023 06: +0,1691298000
0.062,11,Aug 06 2023 07: +0,1691301600
0.069,8,Aug 06 2023 08: +0,1691305200
0.095,65,Aug 06 2023 09: +0,1691308800
0.069,5,Aug 06 2023 10: +0,1691312400
0.063,18,Aug 06 2023 11: +0,1691316000
0.059,21,Aug 06 2023 12: +0,1691319600
0.056,19,Aug 06 2023 13: +0,1691323200
0.059,17,Aug 06 2023 14: +0,1691326800
0.058,42,Aug 06 2023 15: +0,1691330400
0.055,25,Aug 06 2023 16: +0,1691334000
0.056,26,Aug 06 2023 17: +0,1691337600
0.069,24,Aug 06 2023 18: +0,1691341200
0.069,12,Aug 06 2023 19: +0,1691344800
0.057,27,Aug 06 2023 20: +0,1691348400
0.057,31,Aug 06 2023 21: +0,1691352000
0.057,28,Aug 06 2023 22: +0,1691355600
0.057,23,Aug 06 2023 23: +0,1691359200
0.055,20,Aug 07 2023 00: +0,1691362800
0.055,7,Aug 07 2023 01: +0,1691366400
0.055,11,Aug 07 2023 02: +0,1691370000
0.054,5,Aug 07 2023 03: +0,1691373600
0.055,13,Aug 07 2023 04: +0,1691377200
0.056,9,Aug 07 2023 05: +0,1691380800
0.053,8,Aug 07 2023 06: +0,1691384400
0.054,9,Aug 07 2023 07: +0,1691388000
0.055,14,Aug 07 2023 08: +0,1691391600
0.056,19,Aug 07 2023 09: +0,1691395200
0.054,18,Aug 07 2023 10: +0,1691398800
0.056,20,Aug 07 2023 11: +0,1691402400
0.055,16,Aug 07 2023 12: +0,1691406000
0.054,18,Aug 07 2023 13: +0,1691409600
0.069,34,Aug 07 2023 14: +0,1691413200
0.071,29,Aug 07 2023 15: +0,1691416800
0.053,14,Aug 07 2023 16: +0,1691420400
0.06,29,Aug 07 2023 17: +0,1691424000
0.055,16,Aug 07 2023 18: +0,1691427600
0.054,21,Aug 07 2023 19: +0,1691431200
0.058,39,Aug 07 2023 20: +0,1691434800
0.055,31,Aug 07 2023 21: +0,1691438400
0.057,34,Aug 07 2023 22: +0,1691442000
0.057,16,Aug 07 2023 23: +0,1691445600
0.078,41,Aug 08 2023 00: +0,1691449200
0.057,14,Aug 08 2023 01: +0,1691452800
0.057,18,Aug 08 2023 02: +0,1691456400
0.057,10,Aug 08 2023 03: +0,1691460000
0.058,5,Aug 08 2023 04: +0,1691463600
0.056,11,Aug 08 2023 05: +0,1691467200
0.056,10,Aug 08 2023 06: +0,1691470800
0.056,5,Aug 08 2023 07: +0,1691474400
0.057,5,Aug 08 2023 08: +0,1691478000
0.057,14,Aug 08 2023 09: +0,1691481600
0.057,7,Aug 08 2023 10: +0,1691485200
0.057,9,Aug 08 2023 11: +0,1691488800
0.057,16,Aug 08 2023 12: +0,1691492400
0.065,22,Aug 08 2023 13: +0,1691496000
0.056,19,Aug 08 2023 14: +0,1691499600
0.055,18,Aug 08 2023 15: +0,1691503200
0.055,25,Aug 08 2023 16: +0,1691506800
0.055,35,Aug 08 2023 17: +0,1691510400
0.055,19,Aug 08 2023 18: +0,1691514000
0.055,11,Aug 08 2023 19: +0,1691517600
0.057,32,Aug 08 2023 20: +0,1691521200
0.054,12,Aug 08 2023 21: +0,1691524800
0.054,18,Aug 08 2023 22: +0,1691528400
0.049,14,Aug 08 2023 23: +0,1691532000
0.056,12,Aug 09 2023 00: +0,1691535600
0.053,18,Aug 09 2023 01: +0,1691539200
0.051,10,Aug 09 2023 02: +0,1691542800
0.054,11,Aug 09 2023 03: +0,1691546400
0.056,11,Aug 09 2023 04: +0,1691550000
0.054,11,Aug 09 2023 05: +0,1691553600
0.052,12,Aug 09 2023 06: +0,1691557200
0.069,35,Aug 09 2023 07: +0,1691560800
0.069,16,Aug 09 2023 08: +0,1691564400
0.056,15,Aug 09 2023 09: +0,1691568000
0.062,49,Aug 09 2023 10: +0,1691571600
0.054,13,Aug 09 2023 11: +0,1691575200
0.056,13,Aug 09 2023 12: +0,1691578800
0.056,39,Aug 09 2023 13: +0,1691582400
0.054,21,Aug 09 2023 14: +0,1691586000
0.054,21,Aug 09 2023 15: +0,1691589600
0.054,22,Aug 09 2023 16: +0,1691593200
0.054,19,Aug 09 2023 17: +0,1691596800
0.054,23,Aug 09 2023 18: +0,1691600400
0.054,22,Aug 09 2023 19: +0,1691604000
0.056,30,Aug 09 2023 20: +0,1691607600
0.052,25,Aug 09 2023 21: +0,1691611200
0.054,25,Aug 09 2023 22: +0,1691614800
0.054,22,Aug 09 2023 23: +0,1691618400
0.056,15,Aug 10 2023 00: +0,1691622000
0.055,18,Aug 10 2023 01: +0,1691625600
0.05,8,Aug 10 2023 02: +0,1691629200
0.055,10,Aug 10 2023 03: +0,1691632800
0.055,6,Aug 10 2023 04: +0,1691636400
0.054,9,Aug 10 2023 05: +0,1691640000
0.055,8,Aug 10 2023 06: +0,1691643600
0.056,16,Aug 10 2023 07: +0,1691647200
0.057,41,Aug 10 2023 08: +0,1691650800
0.055,15,Aug 10 2023 09: +0,1691654400
0.058,19,Aug 10 2023 10: +0,1691658000
0.055,9,Aug 10 2023 11: +0,1691661600
0.055,24,Aug 10 2023 12: +0,1691665200
0.055,24,Aug 10 2023 13: +0,1691668800
0.059,20,Aug 10 2023 14: +0,1691672400
0.054,17,Aug 10 2023 15: +0,1691676000
0.069,85,Aug 10 2023 16: +0,1691679600
0.069,30,Aug 10 2023 17: +0,1691683200
0.056,15,Aug 10 2023 18: +0,1691686800
0.054,36,Aug 10 2023 19: +0,1691690400
0.05,23,Aug 10 2023 20: +0,1691694000
0.054,22,Aug 10 2023 21: +0,1691697600
0.056,26,Aug 10 2023 22: +0,1691701200
0.055,23,Aug 10 2023 23: +0,1691704800
0.056,11,Aug 11 2023 00: +0,1691708400
0.051,11,Aug 11 2023 01: +0,1691712000
0.056,13,Aug 11 2023 02: +0,1691715600
0.063,4,Aug 11 2023 03: +0,1691719200
0.056,9,Aug 11 2023 04: +0,1691722800
0.054,11,Aug 11 2023 05: +0,1691726400
0.056,17,Aug 11 2023 06: +0,1691730000
0.055,3,Aug 11 2023 07: +0,1691733600
0.055,9,Aug 11 2023 08: +0,1691737200
0.056,11,Aug 11 2023 09: +0,1691740800
0.056,9,Aug 11 2023 10: +0,1691744400
0.069,41,Aug 11 2023 11: +0,1691748000
0.061,11,Aug 11 2023 12: +0,1691751600
0.055,21,Aug 11 2023 13: +0,1691755200
0.061,22,Aug 11 2023 14: +0,1691758800
0.055,31,Aug 11 2023 15: +0,1691762400
0.052,12,Aug 11 2023 16: +0,1691766000
0.055,23,Aug 11 2023 17: +0,1691769600
0.055,31,Aug 11 2023 18: +0,1691773200
0.055,19,Aug 11 2023 19: +0,1691776800
0.055,33,Aug 11 2023 20: +0,1691780400
0.056,33,Aug 11 2023 21: +0,1691784000
0.06,23,Aug 11 2023 22: +0,1691787600
0.064,108,Aug 11 2023 23: +0,1691791200
0.054,15,Aug 12 2023 00: +0,1691794800
0.055,7,Aug 12 2023 01: +0,1691798400
0.06,9,Aug 12 2023 02: +0,1691802000
0.055,8,Aug 12 2023 03: +0,1691805600
0.058,10,Aug 12 2023 04: +0,1691809200
0.06,5,Aug 12 2023 05: +0,1691812800
0.054,19,Aug 12 2023 06: +0,1691816400
0.06,11,Aug 12 2023 07: +0,1691820000
0.069,26,Aug 12 2023 08: +0,1691823600
0.062,24,Aug 12 2023 09: +0,1691827200
0.069,18,Aug 12 2023 10: +0,1691830800
0.058,19,Aug 12 2023 11: +0,1691834400
0.069,23,Aug 12 2023 12: +0,1691838000
0.069,13,Aug 12 2023 13: +0,1691841600
0.078,141,Aug 12 2023 14: +0,1691845200
0.055,11,Aug 12 2023 15: +0,1691848800
0.056,14,Aug 12 2023 16: +0,1691852400
0.056,23,Aug 12 2023 17: +0,1691856000
0.056,17,Aug 12 2023 18: +0,1691859600
0.06,15,Aug 12 2023 19: +0,1691863200
0.055,27,Aug 12 2023 20: +0,1691866800
0.057,38,Aug 12 2023 21: +0,1691870400
0.06,30,Aug 12 2023 22: +0,1691874000
0.069,36,Aug 12 2023 23: +0,1691877600
0.069,22,Aug 13 2023 00: +0,1691881200
0.069,10,Aug 13 2023 01: +0,1691884800
0.045,8,Aug 13 2023 02: +0,1691888400
0.06,5,Aug 13 2023 03: +0,1691892000
0.055,5,Aug 13 2023 04: +0,1691895600
0.058,12,Aug 13 2023 05: +0,1691899200
0.063,6,Aug 13 2023 06: +0,1691902800
0.055,5,Aug 13 2023 07: +0,1691906400
0.057,15,Aug 13 2023 08: +0,1691910000
0.055,10,Aug 13 2023 09: +0,1691913600
0.055,20,Aug 13 2023 10: +0,1691917200
0.063,21,Aug 13 2023 11: +0,1691920800
0.057,24,Aug 13 2023 12: +0,1691924400
0.064,38,Aug 13 2023 13: +0,1691928000
0.063,27,Aug 13 2023 14: +0,1691931600
0.062,30,Aug 13 2023 15: +0,1691935200
0.064,26,Aug 13 2023 16: +0,1691938800
0.064,11,Aug 13 2023 17: +0,1691942400
0.064,25,Aug 13 2023 18: +0,1691946000
0.064,27,Aug 13 2023 19: +0,1691949600
0.062,64,Aug 13 2023 20: +0,1691953200
0.069,19,Aug 13 2023 21: +0,1691956800
0.069,17,Aug 13 2023 22: +0,1691960400
0.062,25,Aug 13 2023 23: +0,1691964000
0.063,18,Aug 14 2023 00: +0,1691967600
0.062,16,Aug 14 2023 01: +0,1691971200
0.064,10,Aug 14 2023 02: +0,1691974800
0.064,4,Aug 14 2023 03: +0,1691978400
0.064,4,Aug 14 2023 04: +0,1691982000
0.063,3,Aug 14 2023 05: +0,1691985600
0.06,27,Aug 14 2023 06: +0,1691989200
0.064,6,Aug 14 2023 07: +0,1691992800
0.06,6,Aug 14 2023 08: +0,1691996400
0.064,11,Aug 14 2023 09: +0,1692000000
0.06,19,Aug 14 2023 10: +0,1692003600
0.064,37,Aug 14 2023 11: +0,1692007200
0.06,47,Aug 14 2023 12: +0,1692010800
0.061,12,Aug 14 2023 13: +0,1692014400
0.06,10,Aug 14 2023 14: +0,1692018000
0.06,28,Aug 14 2023 15: +0,1692021600
0.058,30,Aug 14 2023 16: +0,1692025200
0.058,45,Aug 14 2023 17: +0,1692028800
0.058,22,Aug 14 2023 18: +0,1692032400
0.058,23,Aug 14 2023 19: +0,1692036000
0.059,22,Aug 14 2023 20: +0,1692039600
0.06,19,Aug 14 2023 21: +0,1692043200
0.054,16,Aug 14 2023 22: +0,1692046800
0.054,19,Aug 14 2023 23: +0,1692050400
0.05,20,Aug 15 2023 00: +0,1692054000
0.053,22,Aug 15 2023 01: +0,1692057600
0.05,9,Aug 15 2023 02: +0,1692061200
0.053,25,Aug 15 2023 03: +0,1692064800
0.051,5,Aug 15 2023 04: +0,1692068400
0.049,9,Aug 15 2023 05: +0,1692072000
0.052,6,Aug 15 2023 06: +0,1692075600
0.053,8,Aug 15 2023 07: +0,1692079200
0.053,13,Aug 15 2023 08: +0,1692082800
0.053,10,Aug 15 2023 09: +0,1692086400
0.05,18,Aug 15 2023 10: +0,1692090000
0.053,13,Aug 15 2023 11: +0,1692093600
0.049,11,Aug 15 2023 12: +0,1692097200
0.053,30,Aug 15 2023 13: +0,1692100800
0.054,34,Aug 15 2023 14: +0,1692104400
0.049,9,Aug 15 2023 15: +0,1692108000
0.053,28,Aug 15 2023 16: +0,1692111600
0.053,16,Aug 15 2023 17: +0,1692115200
0.053,21,Aug 15 2023 18: +0,1692118800
0.051,11,Aug 15 2023 19: +0,1692122400
0.053,13,Aug 15 2023 20: +0,1692126000
0.049,21,Aug 15 2023 21: +0,1692129600
0.053,31,Aug 15 2023 22: +0,1692133200
0.05,4,Aug 15 2023 23: +0,1692136800
0.055,7,Aug 16 2023 00: +0,1692140400
0.04,1,Aug 16 2023 01: +0,1692144000
0.047,4,Aug 16 2023 02: +0,1692147600
0.049,11,Aug 16 2023 03: +0,1692151200
0.049,9,Aug 16 2023 04: +0,1692154800
0.053,10,Aug 16 2023 05: +0,1692158400
0.063,7,Aug 16 2023 06: +0,1692162000
0.055,6,Aug 16 2023 07: +0,1692165600
0.047,11,Aug 16 2023 08: +0,1692169200
0.049,10,Aug 16 2023 09: +0,1692172800
0.049,27,Aug 16 2023 10: +0,1692176400
0.048,13,Aug 16 2023 11: +0,1692180000
0.048,19,Aug 16 2023 12: +0,1692183600
0.051,17,Aug 16 2023 13: +0,1692187200
0.057,39,Aug 16 2023 14: +0,1692190800
0.05,19,Aug 16 2023 15: +0,1692194400
0.049,16,Aug 16 2023 16: +0,1692198000
0.049,21,Aug 16 2023 17: +0,1692201600
0.048,24,Aug 16 2023 18: +0,1692205200
0.047,19,Aug 16 2023 19: +0,1692208800
0.048,31,Aug 16 2023 20: +0,1692212400
0.051,37,Aug 16 2023 21: +0,1692216000
0.048,23,Aug 16 2023 22: +0,1692219600
0.05,13,Aug 16 2023 23: +0,1692223200
0.05,5,Aug 17 2023 00: +0,1692226800
0.047,8,Aug 17 2023 01: +0,1692230400
0.047,15,Aug 17 2023 02: +0,1692234000
0.048,16,Aug 17 2023 03: +0,1692237600
0.048,7,Aug 17 2023 04: +0,1692241200
0.056,19,Aug 17 2023 05: +0,1692244800
0.046,13,Aug 17 2023 06: +0,1692248400
0.047,8,Aug 17 2023 07: +0,1692252000
0.047,8,Aug 17 2023 08: +0,1692255600
0.047,10,Aug 17 2023 09: +0,1692259200
0.047,13,Aug 17 2023 10: +0,1692262800
0.046,32,Aug 17 2023 11: +0,1692266400
0.046,16,Aug 17 2023 12: +0,1692270000
0.046,27,Aug 17 2023 13: +0,1692273600
0.046,21,Aug 17 2023 14: +0,1692277200
0.049,30,Aug 17 2023 15: +0,1692280800
0.045,13,Aug 17 2023 16: +0,1692284400
0.046,14,Aug 17 2023 17: +0,1692288000
0.046,26,Aug 17 2023 18: +0,1692291600
0.046,21,Aug 17 2023 19: +0,1692295200
0.043,34,Aug 17 2023 20: +0,1692298800
0.045,20,Aug 17 2023 21: +0,1692302400
0.048,42,Aug 17 2023 22: +0,1692306000
0.049,10,Aug 17 2023 23: +0,1692309600
0.046,13,Aug 18 2023 00: +0,1692313200
0.047,14,Aug 18 2023 01: +0,1692316800
0.049,5,Aug 18 2023 02: +0,1692320400
0.045,8,Aug 18 2023 03: +0,1692324000
0.046,9,Aug 18 2023 04: +0,1692327600
0.055,9,Aug 18 2023 05: +0,1692331200
0.048,5,Aug 18 2023 06: +0,1692334800
0.046,10,Aug 18 2023 07: +0,1692338400
0.048,4,Aug 18 2023 08: +0,1692342000
0.048,17,Aug 18 2023 09: +0,1692345600
0.048,9,Aug 18 2023 10: +0,1692349200
0.045,13,Aug 18 2023 11: +0,1692352800
0.038,16,Aug 18 2023 12: +0,1692356400
0.044,12,Aug 18 2023 13: +0,1692360000
0.047,15,Aug 18 2023 14: +0,1692363600
0.043,23,Aug 18 2023 15: +0,1692367200
0.048,27,Aug 18 2023 16: +0,1692370800
0.048,15,Aug 18 2023 17: +0,1692374400
0.048,36,Aug 18 2023 18: +0,1692378000
0.048,33,Aug 18 2023 19: +0,1692381600
0.06,38,Aug 18 2023 20: +0,1692385200
0.049,26,Aug 18 2023 21: +0,1692388800
0.046,8,Aug 18 2023 22: +0,1692392400
0.043,12,Aug 18 2023 23: +0,1692396000
0.048,17,Aug 19 2023 00: +0,1692399600
0.048,8,Aug 19 2023 01: +0,1692403200
0.054,14,Aug 19 2023 02: +0,1692406800
0.047,9,Aug 19 2023 03: +0,1692410400
0.052,7,Aug 19 2023 04: +0,1692414000
0.063,14,Aug 19 2023 05: +0,1692417600
0.052,7,Aug 19 2023 06: +0,1692421200
0.048,5,Aug 19 2023 07: +0,1692424800
0.048,16,Aug 19 2023 08: +0,1692428400
0.051,21,Aug 19 2023 09: +0,1692432000
0.048,7,Aug 19 2023 10: +0,1692435600
0.048,13,Aug 19 2023 11: +0,1692439200
0.048,13,Aug 19 2023 12: +0,1692442800
0.046,10,Aug 19 2023 13: +0,1692446400
0.048,17,Aug 19 2023 14: +0,1692450000
0.048,12,Aug 19 2023 15: +0,1692453600
0.049,18,Aug 19 2023 16: +0,1692457200
0.048,17,Aug 19 2023 17: +0,1692460800
0.048,38,Aug 19 2023 18: +0,1692464400
0.048,18,Aug 19 2023 19: +0,1692468000
0.049,11,Aug 19 2023 20: +0,1692471600
0.048,24,Aug 19 2023 21: +0,1692475200
0.049,12,Aug 19 2023 22: +0,1692478800
0.049,20,Aug 19 2023 23: +0,1692482400
0.049,16,Aug 20 2023 00: +0,1692486000
0.049,8,Aug 20 2023 01: +0,1692489600
0.048,14,Aug 20 2023 02: +0,1692493200
0.049,15,Aug 20 2023 03: +0,1692496800
0.047,11,Aug 20 2023 04: +0,1692500400
0.048,14,Aug 20 2023 05: +0,1692504000
0.049,13,Aug 20 2023 06: +0,1692507600
0.048,9,Aug 20 2023 07: +0,1692511200
0.049,8,Aug 20 2023 08: +0,1692514800
0.049,22,Aug 20 2023 09: +0,1692518400
0.049,19,Aug 20 2023 10: +0,1692522000
0.048,17,Aug 20 2023 11: +0,1692525600
0.049,12,Aug 20 2023 12: +0,1692529200
0.049,25,Aug 20 2023 13: +0,1692532800
0.046,14,Aug 20 2023 14: +0,1692536400
0.047,26,Aug 20 2023 15: +0,1692540000
0.046,25,Aug 20 2023 16: +0,1692543600
0.046,24,Aug 20 2023 17: +0,1692547200
0.046,14,Aug 20 2023 18: +0,1692550800
0.042,17,Aug 20 2023 19: +0,1692554400
0.043,21,Aug 20 2023 20: +0,1692558000
0.046,27,Aug 20 2023 21: +0,1692561600
0.046,16,Aug 20 2023 22: +0,1692565200
0.046,19,Aug 20 2023 23: +0,1692568800
0.047,13,Aug 21 2023 00: +0,1692572400
0.046,5,Aug 21 2023 01: +0,1692576000
0.046,9,Aug 21 2023 02: +0,1692579600
0.048,6,Aug 21 2023 03: +0,1692583200
0.043,5,Aug 21 2023 04: +0,1692586800
0.046,4,Aug 21 2023 05: +0,1692590400
0.058,38,Aug 21 2023 06: +0,1692594000
0.063,13,Aug 21 2023 07: +0,1692597600
0.042,5,Aug 21 2023 08: +0,1692601200
0.046,13,Aug 21 2023 09: +0,1692604800
0.046,9,Aug 21 2023 10: +0,1692608400
0.046,19,Aug 21 2023 11: +0,1692612000
0.039,9,Aug 21 2023 12: +0,1692615600
0.047,22,Aug 21 2023 13: +0,1692619200
0.06,27,Aug 21 2023 14: +0,1692622800
0.06,26,Aug 21 2023 15: +0,1692626400
0.06,23,Aug 21 2023 16: +0,1692630000
0.06,18,Aug 21 2023 17: +0,1692633600
0.049,11,Aug 21 2023 18: +0,1692637200
0.06,23,Aug 21 2023 19: +0,1692640800
0.06,27,Aug 21 2023 20: +0,1692644400
0.048,14,Aug 21 2023 21: +0,1692648000
0.053,14,Aug 21 2023 22: +0,1692651600
0.051,22,Aug 21 2023 23: +0,1692655200
0.046,9,Aug 22 2023 00: +0,1692658800
0.053,13,Aug 22 2023 01: +0,1692662400
0.051,2,Aug 22 2023 02: +0,1692666000
0.048,4,Aug 22 2023 03: +0,1692669600
0.06,11,Aug 22 2023 04: +0,1692673200
0.049,6,Aug 22 2023 05: +0,1692676800
0.055,22,Aug 22 2023 06: +0,1692680400
0.046,3,Aug 22 2023 07: +0,1692684000
0.06,2,Aug 22 2023 08: +0,1692687600
0.052,13,Aug 22 2023 09: +0,1692691200
0.06,11,Aug 22 2023 10: +0,1692694800
0.048,4,Aug 22 2023 11: +0,1692698400
0.056,10,Aug 22 2023 12: +0,1692702000
0.046,15,Aug 22 2023 13: +0,1692705600
0.06,15,Aug 22 2023 14: +0,1692709200
0.06,11,Aug 22 2023 15: +0,1692712800
0.05,8,Aug 22 2023 16: +0,1692716400
0.051,31,Aug 22 2023 17: +0,1692720000
0.05,10,Aug 22 2023 18: +0,1692723600
0.06,21,Aug 22 2023 19: +0,1692727200
0.06,21,Aug 22 2023 20: +0,1692730800
0.06,22,Aug 22 2023 21: +0,1692734400
0.06,21,Aug 22 2023 22: +0,1692738000
0.043,7,Aug 22 2023 23: +0,1692741600
0.046,11,Aug 23 2023 00: +0,1692745200
0.051,19,Aug 23 2023 01: +0,1692748800
0.06,7,Aug 23 2023 02: +0,1692752400
0.06,6,Aug 23 2023 03: +0,1692756000
0.06,8,Aug 23 2023 04: +0,1692759600
0.06,8,Aug 23 2023 06: +0,1692766800
0.048,3,Aug 23 2023 07: +0,1692770400
0.06,11,Aug 23 2023 08: +0,1692774000
0.06,9,Aug 23 2023 09: +0,1692777600
0.053,22,Aug 23 2023 10: +0,1692781200
0.06,12,Aug 23 2023 11: +0,1692784800
0.05,17,Aug 23 2023 12: +0,1692788400
0.05,9,Aug 23 2023 13: +0,1692792000
0.06,15,Aug 23 2023 14: +0,1692795600
0.06,13,Aug 23 2023 15: +0,1692799200
0.05,21,Aug 23 2023 16: +0,1692802800
0.06,22,Aug 23 2023 17: +0,1692806400
0.06,20,Aug 23 2023 18: +0,1692810000
0.049,16,Aug 23 2023 19: +0,1692813600
0.06,30,Aug 23 2023 20: +0,1692817200
0.06,28,Aug 23 2023 21: +0,1692820800
0.056,18,Aug 23 2023 22: +0,1692824400
0.06,24,Aug 23 2023 23: +0,1692828000
0.06,11,Aug 24 2023 00: +0,1692831600
0.041,2,Aug 24 2023 01: +0,1692835200
0.045,11,Aug 24 2023 02: +0,1692838800
0.05,6,Aug 24 2023 03: +0,1692842400
0.05,5,Aug 24 2023 04: +0,1692846000
0.047,2,Aug 24 2023 05: +0,1692849600
0.059,7,Aug 24 2023 06: +0,1692853200
0.05,6,Aug 24 2023 07: +0,1692856800
0.069,15,Aug 24 2023 08: +0,1692860400
0.06,9,Aug 24 2023 09: +0,1692864000
0.05,15,Aug 24 2023 10: +0,1692867600
0.05,16,Aug 24 2023 11: +0,1692871200
0.05,8,Aug 24 2023 12: +0,1692874800
0.05,21,Aug 24 2023 13: +0,1692878400
0.06,23,Aug 24 2023 14: +0,1692882000
0.05,21,Aug 24 2023 15: +0,1692885600
0.05,16,Aug 24 2023 16: +0,1692889200
0.06,21,Aug 24 2023 17: +0,1692892800
0.052,23,Aug 24 2023 18: +0,1692896400
0.06,14,Aug 24 2023 19: +0,1692900000
0.05,38,Aug 24 2023 20: +0,1692903600
0.05,29,Aug 24 2023 21: +0,1692907200
0.05,15,Aug 24 2023 22: +0,1692910800
0.05,21,Aug 24 2023 23: +0,1692914400
0.05,11,Aug 25 2023 00: +0,1692918000
0.05,9,Aug 25 2023 01: +0,1692921600
0.045,4,Aug 25 2023 02: +0,1692925200
0.051,11,Aug 25 2023 03: +0,1692928800
0.049,5,Aug 25 2023 04: +0,1692932400
0.049,5,Aug 25 2023 05: +0,1692936000
0.049,6,Aug 25 2023 06: +0,1692939600
0.05,5,Aug 25 2023 07: +0,1692943200
0.051,21,Aug 25 2023 08: +0,1692946800
0.049,7,Aug 25 2023 09: +0,1692950400
0.052,11,Aug 25 2023 10: +0,1692954000
0.049,9,Aug 25 2023 11: +0,1692957600
0.052,12,Aug 25 2023 12: +0,1692961200
0.05,9,Aug 25 2023 13: +0,1692964800
0.05,15,Aug 25 2023 14: +0,1692968400
0.049,20,Aug 25 2023 15: +0,1692972000
0.05,27,Aug 25 2023 16: +0,1692975600
0.047,20,Aug 25 2023 17: +0,1692979200
0.049,16,Aug 25 2023 18: +0,1692982800
0.049,17,Aug 25 2023 19: +0,1692986400
0.049,18,Aug 25 2023 20: +0,1692990000
0.05,16,Aug 25 2023 21: +0,1692993600
0.048,15,Aug 25 2023 22: +0,1692997200
0.049,19,Aug 25 2023 23: +0,1693000800
0.05,15,Aug 26 2023 00: +0,1693004400
0.05,16,Aug 26 2023 01: +0,1693008000
0.049,7,Aug 26 2023 02: +0,1693011600
0.049,7,Aug 26 2023 03: +0,1693015200
0.049,5,Aug 26 2023 04: +0,1693018800
0.044,5,Aug 26 2023 05: +0,1693022400
0.063,47,Aug 26 2023 06: +0,1693026000
0.05,3,Aug 26 2023 07: +0,1693029600
0.05,9,Aug 26 2023 08: +0,1693033200
0.049,8,Aug 26 2023 09: +0,1693036800
0.048,9,Aug 26 2023 10: +0,1693040400
0.049,9,Aug 26 2023 11: +0,1693044000
0.049,14,Aug 26 2023 12: +0,1693047600
0.047,6,Aug 26 2023 13: +0,1693051200
0.049,11,Aug 26 2023 14: +0,1693054800
0.047,20,Aug 26 2023 15: +0,1693058400
0.044,16,Aug 26 2023 16: +0,1693062000
0.045,16,Aug 26 2023 17: +0,1693065600
0.045,27,Aug 26 2023 18: +0,1693069200
0.044,18,Aug 26 2023 19: +0,1693072800
0.041,13,Aug 26 2023 20: +0,1693076400
0.042,15,Aug 26 2023 21: +0,1693080000
0.041,21,Aug 26 2023 22: +0,1693083600
0.046,26,Aug 26 2023 23: +0,1693087200
0.044,7,Aug 27 2023 00: +0,1693090800
0.039,4,Aug 27 2023 01: +0,1693094400
0.04,12,Aug 27 2023 02: +0,1693098000
0.044,5,Aug 27 2023 03: +0,1693101600
0.045,3,Aug 27 2023 04: +0,1693105200
0.049,8,Aug 27 2023 05: +0,1693108800
0.044,2,Aug 27 2023 06: +0,1693112400
0.044,8,Aug 27 2023 07: +0,1693116000
0.044,4,Aug 27 2023 08: +0,1693119600
0.045,14,Aug 27 2023 09: +0,1693123200
0.043,15,Aug 27 2023 10: +0,1693126800
0.044,18,Aug 27 2023 11: +0,1693130400
0.044,12,Aug 27 2023 12: +0,1693134000
0.045,16,Aug 27 2023 13: +0,1693137600
0.042,9,Aug 27 2023 14: +0,1693141200
0.044,20,Aug 27 2023 15: +0,1693144800
0.044,13,Aug 27 2023 16: +0,1693148400
0.045,17,Aug 27 2023 17: +0,1693152000
0.046,9,Aug 27 2023 18: +0,1693155600
0.044,18,Aug 27 2023 19: +0,1693159200
0.044,21,Aug 27 2023 20: +0,1693162800
0.043,14,Aug 27 2023 21: +0,1693166400
0.042,12,Aug 27 2023 22: +0,1693170000
0.041,14,Aug 27 2023 23: +0,1693173600
0.042,11,Aug 28 2023 00: +0,1693177200
0.051,8,Aug 28 2023 01: +0,1693180800
0.047,2,Aug 28 2023 02: +0,1693184400
0.048,1,Aug 28 2023 03: +0,1693188000
0.045,8,Aug 28 2023 04: +0,1693191600
0.047,4,Aug 28 2023 05: +0,1693195200
0.048,8,Aug 28 2023 06: +0,1693198800
0.054,8,Aug 28 2023 07: +0,1693202400
0.044,11,Aug 28 2023 08: +0,1693206000
0.044,7,Aug 28 2023 09: +0,1693209600
0.056,29,Aug 28 2023 10: +0,1693213200
0.043,10,Aug 28 2023 11: +0,1693216800
0.05,62,Aug 28 2023 12: +0,1693220400
0.057,16,Aug 28 2023 13: +0,1693224000
0.049,8,Aug 28 2023 14: +0,1693227600
0.06,14,Aug 28 2023 15: +0,1693231200
0.06,20,Aug 28 2023 16: +0,1693234800
0.057,41,Aug 28 2023 17: +0,1693238400
0.054,9,Aug 28 2023 18: +0,1693242000
0.06,18,Aug 28 2023 19: +0,1693245600
0.06,20,Aug 28 2023 20: +0,1693249200
0.051,13,Aug 28 2023 21: +0,1693252800
0.042,18,Aug 28 2023 22: +0,1693256400
0.043,20,Aug 28 2023 23: +0,1693260000
0.043,8,Aug 29 2023 00: +0,1693263600
0.043,9,Aug 29 2023 01: +0,1693267200
0.045,11,Aug 29 2023 02: +0,1693270800
0.06,5,Aug 29 2023 03: +0,1693274400
0.045,9,Aug 29 2023 04: +0,1693278000
0.046,9,Aug 29 2023 05: +0,1693281600
0.043,7,Aug 29 2023 06: +0,1693285200
0.047,8,Aug 29 2023 07: +0,1693288800
0.049,15,Aug 29 2023 08: +0,1693292400
0.046,4,Aug 29 2023 09: +0,1693296000
0.046,15,Aug 29 2023 10: +0,1693299600
0.045,21,Aug 29 2023 11: +0,1693303200
0.046,19,Aug 29 2023 12: +0,1693306800
0.047,17,Aug 29 2023 13: +0,1693310400
0.047,21,Aug 29 2023 14: +0,1693314000
0.045,13,Aug 29 2023 15: +0,1693317600
0.043,19,Aug 29 2023 16: +0,1693321200
0.045,28,Aug 29 2023 17: +0,1693324800
0.039,14,Aug 29 2023 18: +0,1693328400
0.046,26,Aug 29 2023 19: +0,1693332000
0.042,19,Aug 29 2023 20: +0,1693335600
0.046,29,Aug 29 2023 21: +0,1693339200
0.04,12,Aug 29 2023 22: +0,1693342800
0.042,17,Aug 29 2023 23: +0,1693346400
0.043,12,Aug 30 2023 00: +0,1693350000
0.042,7,Aug 30 2023 01: +0,1693353600
0.043,8,Aug 30 2023 02: +0,1693357200
0.03,16,Aug 30 2023 03: +0,1693360800
0.042,8,Aug 30 2023 04: +0,1693364400
0.042,10,Aug 30 2023 05: +0,1693368000
0.043,1,Aug 30 2023 06: +0,1693371600
0.045,3,Aug 30 2023 07: +0,1693375200
0.039,9,Aug 30 2023 08: +0,1693378800
0.042,7,Aug 30 2023 09: +0,1693382400
0.041,18,Aug 30 2023 10: +0,1693386000
0.042,20,Aug 30 2023 11: +0,1693389600
0.043,30,Aug 30 2023 12: +0,1693393200
0.04,13,Aug 30 2023 13: +0,1693396800
0.043,25,Aug 30 2023 14: +0,1693400400
0.042,26,Aug 30 2023 15: +0,1693404000
0.041,22,Aug 30 2023 16: +0,1693407600
0.039,18,Aug 30 2023 17: +0,1693411200
0.041,25,Aug 30 2023 18: +0,1693414800
0.043,31,Aug 30 2023 19: +0,1693418400
0.041,24,Aug 30 2023 20: +0,1693422000
0.043,19,Aug 30 2023 21: +0,1693425600
0.043,21,Aug 30 2023 22: +0,1693429200
0.041,20,Aug 30 2023 23: +0,1693432800
0.04,24,Aug 31 2023 00: +0,1693436400
0.043,14,Aug 31 2023 01: +0,1693440000
0.04,11,Aug 31 2023 02: +0,1693443600
0.042,7,Aug 31 2023 03: +0,1693447200
0.041,3,Aug 31 2023 04: +0,1693450800
0.036,3,Aug 31 2023 05: +0,1693454400
0.043,11,Aug 31 2023 06: +0,1693458000
0.041,13,Aug 31 2023 07: +0,1693461600
0.043,6,Aug 31 2023 08: +0,1693465200
0.047,7,Aug 31 2023 09: +0,1693468800
0.04,17,Aug 31 2023 10: +0,1693472400
0.044,28,Aug 31 2023 11: +0,1693476000
0.04,10,Aug 31 2023 12: +0,1693479600
0.042,10,Aug 31 2023 13: +0,1693483200
0.041,19,Aug 31 2023 14: +0,1693486800
0.043,39,Aug 31 2023 15: +0,1693490400
0.043,22,Aug 31 2023 16: +0,1693494000
0.043,13,Aug 31 2023 17: +0,1693497600
0.041,31,Aug 31 2023 18: +0,1693501200
0.043,27,Aug 31 2023 19: +0,1693504800
0.04,20,Aug 31 2023 20: +0,1693508400
0.041,23,Aug 31 2023 21: +0,1693512000
0.042,13,Aug 31 2023 22: +0,1693515600
0.04,21,Aug 31 2023 23: +0,1693519200
0.039,11,Sep 01 2023 00: +0,1693522800
0.04,6,Sep 01 2023 01: +0,1693526400
0.04,11,Sep 01 2023 02: +0,1693530000
0.041,8,Sep 01 2023 03: +0,1693533600
0.04,6,Sep 01 2023 04: +0,1693537200
0.04,11,Sep 01 2023 05: +0,1693540800
0.039,9,Sep 01 2023 06: +0,1693544400
0.039,14,Sep 01 2023 07: +0,1693548000
0.039,13,Sep 01 2023 08: +0,1693551600
0.04,21,Sep 01 2023 09: +0,1693555200
0.043,29,Sep 01 2023 10: +0,1693558800
0.04,10,Sep 01 2023 11: +0,1693562400
0.039,9,Sep 01 2023 12: +0,1693566000
0.041,3,Sep 01 2023 13: +0,1693569600
0.042,1,Sep 01 2023 15: +0,1693576800
0.052,48,Sep 01 2023 16: +0,1693580400
0.054,12,Sep 01 2023 17: +0,1693584000
0.041,9,Sep 01 2023 18: +0,1693587600
0.058,24,Sep 01 2023 19: +0,1693591200
0.058,19,Sep 01 2023 20: +0,1693594800
0.058,28,Sep 01 2023 21: +0,1693598400
0.058,30,Sep 01 2023 22: +0,1693602000
0.058,16,Sep 01 2023 23: +0,1693605600
0.056,16,Sep 02 2023 00: +0,1693609200
0.058,8,Sep 02 2023 01: +0,1693612800
0.039,15,Sep 02 2023 02: +0,1693616400
0.039,4,Sep 02 2023 03: +0,1693620000
0.042,8,Sep 02 2023 04: +0,1693623600
0.039,12,Sep 02 2023 05: +0,1693627200
0.037,10,Sep 02 2023 06: +0,1693630800
0.04,12,Sep 02 2023 07: +0,1693634400
0.06,17,Sep 02 2023 08: +0,1693638000
0.04,19,Sep 02 2023 09: +0,1693641600
0.04,5,Sep 02 2023 10: +0,1693645200
0.04,19,Sep 02 2023 11: +0,1693648800
0.04,15,Sep 02 2023 12: +0,1693652400
0.04,8,Sep 02 2023 13: +0,1693656000
0.048,3,Sep 02 2023 15: +0,1693663200
0.048,6,Sep 02 2023 16: +0,1693666800
0.044,8,Sep 02 2023 17: +0,1693670400
0.04,34,Sep 02 2023 18: +0,1693674000
0.04,31,Sep 02 2023 19: +0,1693677600
0.04,10,Sep 02 2023 20: +0,1693681200
0.04,22,Sep 02 2023 21: +0,1693684800
0.04,16,Sep 02 2023 22: +0,1693688400
0.04,30,Sep 02 2023 23: +0,1693692000
0.04,14,Sep 03 2023 00: +0,1693695600
0.04,18,Sep 03 2023 01: +0,1693699200
0.039,10,Sep 03 2023 02: +0,1693702800
0.035,5,Sep 03 2023 03: +0,1693706400
0.035,3,Sep 03 2023 04: +0,1693710000
0.036,16,Sep 03 2023 05: +0,1693713600
0.04,14,Sep 03 2023 06: +0,1693717200
0.039,17,Sep 03 2023 07: +0,1693720800
0.036,13,Sep 03 2023 08: +0,1693724400
0.039,17,Sep 03 2023 09: +0,1693728000
0.039,14,Sep 03 2023 10: +0,1693731600
0.04,23,Sep 03 2023 11: +0,1693735200
0.04,9,Sep 03 2023 12: +0,1693738800
0.039,3,Sep 03 2023 13: +0,1693742400
0.041,2,Sep 03 2023 14: +0,1693746000
0.039,1,Sep 03 2023 15: +0,1693749600
0.04,14,Sep 03 2023 16: +0,1693753200
0.04,18,Sep 03 2023 17: +0,1693756800
0.039,21,Sep 03 2023 18: +0,1693760400
0.039,22,Sep 03 2023 19: +0,1693764000
0.039,19,Sep 03 2023 20: +0,1693767600
0.039,19,Sep 03 2023 21: +0,1693771200
0.04,12,Sep 03 2023 22: +0,1693774800
0.039,21,Sep 03 2023 23: +0,1693778400
0.038,11,Sep 04 2023 00: +0,1693782000
0.038,23,Sep 04 2023 01: +0,1693785600
0.036,5,Sep 04 2023 02: +0,1693789200
0.055,16,Sep 04 2023 03: +0,1693792800
0.035,11,Sep 04 2023 04: +0,1693796400
0.04,26,Sep 04 2023 05: +0,1693800000
0.038,6,Sep 04 2023 06: +0,1693803600
0.036,11,Sep 04 2023 07: +0,1693807200
0.039,18,Sep 04 2023 08: +0,1693810800
0.039,9,Sep 04 2023 09: +0,1693814400
0.039,18,Sep 04 2023 10: +0,1693818000
0.039,26,Sep 04 2023 11: +0,1693821600
0.04,13,Sep 04 2023 12: +0,1693825200
0.04,10,Sep 04 2023 13: +0,1693828800
0.04,20,Sep 04 2023 14: +0,1693832400
0.04,15,Sep 04 2023 15: +0,1693836000
0.041,19,Sep 04 2023 16: +0,1693839600
0.04,12,Sep 04 2023 17: +0,1693843200
0.041,36,Sep 04 2023 18: +0,1693846800
0.04,20,Sep 04 2023 19: +0,1693850400
0.04,22,Sep 04 2023 20: +0,1693854000
0.04,18,Sep 04 2023 21: +0,1693857600
0.041,14,Sep 04 2023 22: +0,1693861200
0.038,17,Sep 04 2023 23: +0,1693864800
0.04,12,Sep 05 2023 00: +0,1693868400
0.037,5,Sep 05 2023 01: +0,1693872000
0.038,10,Sep 05 2023 02: +0,1693875600
0.05,10,Sep 05 2023 03: +0,1693879200
0.038,4,Sep 05 2023 04: +0,1693882800
0.04,12,Sep 05 2023 05: +0,1693886400
0.041,21,Sep 05 2023 06: +0,1693890000
0.041,12,Sep 05 2023 07: +0,1693893600
0.038,4,Sep 05 2023 08: +0,1693897200
0.04,8,Sep 05 2023 09: +0,1693900800
0.039,7,Sep 05 2023 10: +0,1693904400
0.041,14,Sep 05 2023 11: +0,1693908000
0.054,89,Sep 05 2023 12: +0,1693911600
0.04,19,Sep 05 2023 13: +0,1693915200
0.04,18,Sep 05 2023 14: +0,1693918800
0.04,9,Sep 05 2023 15: +0,1693922400
0.04,11,Sep 05 2023 16: +0,1693926000
0.042,21,Sep 05 2023 17: +0,1693929600
0.04,25,Sep 05 2023 18: +0,1693933200
0.061,38,Sep 05 2023 19: +0,1693936800
0.04,10,Sep 05 2023 20: +0,1693940400
0.041,21,Sep 05 2023 21: +0,1693944000
0.039,11,Sep 05 2023 22: +0,1693947600
0.039,8,Sep 05 2023 23: +0,1693951200
0.037,7,Sep 06 2023 00: +0,1693954800
0.04,7,Sep 06 2023 01: +0,1693958400
0.04,10,Sep 06 2023 02: +0,1693962000
0.038,13,Sep 06 2023 03: +0,1693965600
0.04,22,Sep 06 2023 04: +0,1693969200
0.04,5,Sep 06 2023 05: +0,1693972800
0.039,10,Sep 06 2023 06: +0,1693976400
0.038,7,Sep 06 2023 07: +0,1693980000
0.04,6,Sep 06 2023 08: +0,1693983600
0.04,15,Sep 06 2023 09: +0,1693987200
0.035,8,Sep 06 2023 10: +0,1693990800
0.041,21,Sep 06 2023 11: +0,1693994400
0.044,28,Sep 06 2023 12: +0,1693998000
0.041,33,Sep 06 2023 13: +0,1694001600
0.044,25,Sep 06 2023 14: +0,1694005200
0.041,18,Sep 06 2023 15: +0,1694008800
0.043,27,Sep 06 2023 16: +0,1694012400
0.044,15,Sep 06 2023 17: +0,1694016000
0.042,21,Sep 06 2023 18: +0,1694019600
0.044,35,Sep 06 2023 19: +0,1694023200
0.045,30,Sep 06 2023 20: +0,1694026800
0.04,12,Sep 06 2023 21: +0,1694030400
0.041,13,Sep 06 2023 22: +0,1694034000
0.04,14,Sep 06 2023 23: +0,1694037600
0.039,13,Sep 07 2023 00: +0,1694041200
0.04,3,Sep 07 2023 01: +0,1694044800
0.04,10,Sep 07 2023 02: +0,1694048400
0.039,7,Sep 07 2023 03: +0,1694052000
0.037,10,Sep 07 2023 04: +0,1694055600
0.03,7,Sep 07 2023 05: +0,1694059200
0.032,4,Sep 07 2023 06: +0,1694062800
0.04,9,Sep 07 2023 07: +0,1694066400
0.04,10,Sep 07 2023 08: +0,1694070000
0.036,5,Sep 07 2023 09: +0,1694073600
0.04,5,Sep 07 2023 10: +0,1694077200
0.041,20,Sep 07 2023 11: +0,1694080800
0.04,9,Sep 07 2023 12: +0,1694084400
0.04,18,Sep 07 2023 13: +0,1694088000
0.041,23,Sep 07 2023 14: +0,1694091600
0.043,27,Sep 07 2023 15: +0,1694095200
0.04,34,Sep 07 2023 16: +0,1694098800
0.039,17,Sep 07 2023 17: +0,1694102400
0.039,18,Sep 07 2023 18: +0,1694106000
0.04,33,Sep 07 2023 19: +0,1694109600
0.041,20,Sep 07 2023 20: +0,1694113200
0.04,21,Sep 07 2023 21: +0,1694116800
0.04,20,Sep 07 2023 22: +0,1694120400
0.041,22,Sep 07 2023 23: +0,1694124000
0.04,20,Sep 08 2023 00: +0,1694127600
0.038,10,Sep 08 2023 01: +0,1694131200
0.037,3,Sep 08 2023 02: +0,1694134800
0.042,33,Sep 08 2023 03: +0,1694138400
0.041,3,Sep 08 2023 04: +0,1694142000
0.041,7,Sep 08 2023 05: +0,1694145600
0.044,17,Sep 08 2023 06: +0,1694149200
0.043,9,Sep 08 2023 07: +0,1694152800
0.044,9,Sep 08 2023 08: +0,1694156400
0.044,8,Sep 08 2023 09: +0,1694160000
0.056,30,Sep 08 2023 10: +0,1694163600
0.042,13,Sep 08 2023 11: +0,1694167200
0.041,20,Sep 08 2023 12: +0,1694170800
0.043,18,Sep 08 2023 13: +0,1694174400
0.044,13,Sep 08 2023 14: +0,1694178000
0.043,14,Sep 08 2023 15: +0,1694181600
0.044,23,Sep 08 2023 16: +0,1694185200
0.046,22,Sep 08 2023 17: +0,1694188800
0.046,38,Sep 08 2023 18: +0,1694192400
0.046,20,Sep 08 2023 19: +0,1694196000
0.045,22,Sep 08 2023 20: +0,1694199600
0.044,30,Sep 08 2023 21: +0,1694203200
0.039,18,Sep 08 2023 22: +0,1694206800
0.046,12,Sep 08 2023 23: +0,1694210400
0.044,14,Sep 09 2023 00: +0,1694214000
0.06,35,Sep 09 2023 01: +0,1694217600
0.069,17,Sep 09 2023 02: +0,1694221200
0.039,5,Sep 09 2023 03: +0,1694224800
0.034,8,Sep 09 2023 04: +0,1694228400
0.041,4,Sep 09 2023 05: +0,1694232000
0.039,3,Sep 09 2023 06: +0,1694235600
0.038,8,Sep 09 2023 07: +0,1694239200
0.039,9,Sep 09 2023 08: +0,1694242800
0.039,11,Sep 09 2023 09: +0,1694246400
0.037,17,Sep 09 2023 10: +0,1694250000
0.034,20,Sep 09 2023 11: +0,1694253600
0.039,33,Sep 09 2023 12: +0,1694257200
0.037,12,Sep 09 2023 13: +0,1694260800
0.037,7,Sep 09 2023 14: +0,1694264400
0.039,17,Sep 09 2023 15: +0,1694268000
0.037,13,Sep 09 2023 16: +0,1694271600
0.036,15,Sep 09 2023 17: +0,1694275200
0.036,12,Sep 09 2023 18: +0,1694278800
0.035,24,Sep 09 2023 19: +0,1694282400
0.056,27,Sep 09 2023 20: +0,1694286000
0.056,22,Sep 09 2023 21: +0,1694289600
0.064,23,Sep 09 2023 22: +0,1694293200
0.056,13,Sep 09 2023 23: +0,1694296800
0.055,22,Sep 10 2023 00: +0,1694300400
0.056,7,Sep 10 2023 01: +0,1694304000
0.06,5,Sep 10 2023 02: +0,1694307600
0.056,7,Sep 10 2023 03: +0,1694311200
0.058,8,Sep 10 2023 04: +0,1694314800
0.06,6,Sep 10 2023 05: +0,1694318400
0.06,24,Sep 10 2023 06: +0,1694322000
0.06,4,Sep 10 2023 07: +0,1694325600
0.06,17,Sep 10 2023 08: +0,1694329200
0.042,10,Sep 10 2023 09: +0,1694332800
0.036,6,Sep 10 2023 10: +0,1694336400
0.037,16,Sep 10 2023 11: +0,1694340000
0.033,22,Sep 10 2023 12: +0,1694343600
0.039,18,Sep 10 2023 13: +0,1694347200
0.034,8,Sep 10 2023 14: +0,1694350800
0.037,17,Sep 10 2023 15: +0,1694354400
0.038,16,Sep 10 2023 16: +0,1694358000
0.037,19,Sep 10 2023 17: +0,1694361600
0.039,24,Sep 10 2023 18: +0,1694365200
0.037,21,Sep 10 2023 19: +0,1694368800
0.045,16,Sep 10 2023 20: +0,1694372400
0.052,21,Sep 10 2023 21: +0,1694376000
0.039,21,Sep 10 2023 22: +0,1694379600
0.035,11,Sep 10 2023 23: +0,1694383200
0.035,12,Sep 11 2023 00: +0,1694386800
0.037,9,Sep 11 2023 01: +0,1694390400
0.039,5,Sep 11 2023 02: +0,1694394000
0.037,3,Sep 11 2023 03: +0,1694397600
0.033,5,Sep 11 2023 04: +0,1694401200
0.038,4,Sep 11 2023 05: +0,1694404800
0.039,5,Sep 11 2023 06: +0,1694408400
0.037,5,Sep 11 2023 07: +0,1694412000
0.038,9,Sep 11 2023 08: +0,1694415600
0.056,40,Sep 11 2023 09: +0,1694419200
0.038,6,Sep 11 2023 10: +0,1694422800
0.038,10,Sep 11 2023 11: +0,1694426400
0.039,14,Sep 11 2023 12: +0,1694430000
0.038,22,Sep 11 2023 13: +0,1694433600
0.037,13,Sep 11 2023 14: +0,1694437200
0.031,24,Sep 11 2023 15: +0,1694440800
0.039,20,Sep 11 2023 16: +0,1694444400
0.038,20,Sep 11 2023 17: +0,1694448000
0.039,22,Sep 11 2023 18: +0,1694451600
0.039,19,Sep 11 2023 19: +0,1694455200
0.039,27,Sep 11 2023 20: +0,1694458800
0.039,13,Sep 11 2023 21: +0,1694462400
0.039,10,Sep 11 2023 22: +0,1694466000
0.038,7,Sep 11 2023 23: +0,1694469600
0.036,6,Sep 12 2023 00: +0,1694473200
0.032,10,Sep 12 2023 01: +0,1694476800
0.03,4,Sep 12 2023 02: +0,1694480400
0.039,5,Sep 12 2023 03: +0,1694484000
0.039,3,Sep 12 2023 04: +0,1694487600
0.039,13,Sep 12 2023 05: +0,1694491200
0.048,3,Sep 12 2023 06: +0,1694494800
0.037,9,Sep 12 2023 07: +0,1694498400
0.037,11,Sep 12 2023 08: +0,1694502000
0.04,28,Sep 12 2023 09: +0,1694505600
0.04,11,Sep 12 2023 10: +0,1694509200
0.041,6,Sep 12 2023 11: +0,1694512800
0.038,14,Sep 12 2023 12: +0,1694516400
0.035,21,Sep 12 2023 13: +0,1694520000
0.041,23,Sep 12 2023 14: +0,1694523600
0.042,17,Sep 12 2023 15: +0,1694527200
0.04,20,Sep 12 2023 16: +0,1694530800
0.039,21,Sep 12 2023 17: +0,1694534400
0.042,29,Sep 12 2023 18: +0,1694538000
0.041,31,Sep 12 2023 19: +0,1694541600
0.039,15,Sep 12 2023 20: +0,1694545200
0.04,15,Sep 12 2023 21: +0,1694548800
0.037,14,Sep 12 2023 22: +0,1694552400
0.038,5,Sep 12 2023 23: +0,1694556000
0.039,10,Sep 13 2023 00: +0,1694559600
0.04,16,Sep 13 2023 01: +0,1694563200
0.037,2,Sep 13 2023 02: +0,1694566800
0.041,6,Sep 13 2023 03: +0,1694570400
0.052,2,Sep 13 2023 04: +0,1694574000
0.038,7,Sep 13 2023 05: +0,1694577600
0.039,10,Sep 13 2023 06: +0,1694581200
0.04,9,Sep 13 2023 07: +0,1694584800
0.041,13,Sep 13 2023 08: +0,1694588400
0.047,15,Sep 13 2023 09: +0,1694592000
0.039,8,Sep 13 2023 10: +0,1694595600
0.046,21,Sep 13 2023 11: +0,1694599200
0.038,17,Sep 13 2023 12: +0,1694602800
0.04,20,Sep 13 2023 13: +0,1694606400
0.04,25,Sep 13 2023 14: +0,1694610000
0.046,17,Sep 13 2023 15: +0,1694613600
0.046,16,Sep 13 2023 16: +0,1694617200
0.045,24,Sep 13 2023 17: +0,1694620800
0.046,27,Sep 13 2023 18: +0,1694624400
0.044,26,Sep 13 2023 19: +0,1694628000
0.042,15,Sep 13 2023 20: +0,1694631600
0.044,12,Sep 13 2023 21: +0,1694635200
0.046,21,Sep 13 2023 22: +0,1694638800
0.046,14,Sep 13 2023 23: +0,1694642400
0.039,14,Sep 14 2023 00: +0,1694646000
0.037,4,Sep 14 2023 01: +0,1694649600
0.047,6,Sep 14 2023 02: +0,1694653200
0.03,10,Sep 14 2023 03: +0,1694656800
0.037,9,Sep 14 2023 04: +0,1694660400
0.038,5,Sep 14 2023 05: +0,1694664000
0.038,9,Sep 14 2023 06: +0,1694667600
0.036,14,Sep 14 2023 07: +0,1694671200
0.04,4,Sep 14 2023 08: +0,1694674800
0.037,15,Sep 14 2023 09: +0,1694678400
0.037,7,Sep 14 2023 10: +0,1694682000
0.037,17,Sep 14 2023 11: +0,1694685600
0.037,16,Sep 14 2023 12: +0,1694689200
0.038,20,Sep 14 2023 13: +0,1694692800
0.037,22,Sep 14 2023 14: +0,1694696400
0.036,10,Sep 14 2023 15: +0,1694700000
0.04,48,Sep 14 2023 16: +0,1694703600
0.052,33,Sep 14 2023 17: +0,1694707200
0.043,18,Sep 14 2023 18: +0,1694710800
0.04,14,Sep 14 2023 19: +0,1694714400
0.047,23,Sep 14 2023 20: +0,1694718000
0.047,19,Sep 14 2023 21: +0,1694721600
0.044,24,Sep 14 2023 22: +0,1694725200
0.037,9,Sep 14 2023 23: +0,1694728800
0.042,4,Sep 15 2023 00: +0,1694732400
0.035,9,Sep 15 2023 01: +0,1694736000
0.038,8,Sep 15 2023 02: +0,1694739600
0.037,3,Sep 15 2023 03: +0,1694743200
0.033,7,Sep 15 2023 04: +0,1694746800
0.038,8,Sep 15 2023 05: +0,1694750400
0.034,4,Sep 15 2023 06: +0,1694754000
0.038,9,Sep 15 2023 07: +0,1694757600
0.036,8,Sep 15 2023 08: +0,1694761200
0.038,15,Sep 15 2023 09: +0,1694764800
0.038,19,Sep 15 2023 10: +0,1694768400
0.038,6,Sep 15 2023 11: +0,1694772000
0.033,11,Sep 15 2023 12: +0,1694775600
0.038,12,Sep 15 2023 13: +0,1694779200
0.034,12,Sep 15 2023 14: +0,1694782800
0.064,510,Sep 15 2023 15: +0,1694786400
0.039,6,Sep 15 2023 16: +0,1694790000
0.04,27,Sep 15 2023 17: +0,1694793600
0.04,15,Sep 15 2023 18: +0,1694797200
0.042,16,Sep 15 2023 19: +0,1694800800
0.041,26,Sep 15 2023 20: +0,1694804400
0.04,18,Sep 15 2023 21: +0,1694808000
0.041,10,Sep 15 2023 22: +0,1694811600
0.04,21,Sep 15 2023 23: +0,1694815200
0.04,14,Sep 16 2023 00: +0,1694818800
0.038,9,Sep 16 2023 01: +0,1694822400
0.041,14,Sep 16 2023 02: +0,1694826000
0.054,4,Sep 16 2023 03: +0,1694829600
0.043,5,Sep 16 2023 04: +0,1694833200
0.04,7,Sep 16 2023 05: +0,1694836800
0.039,8,Sep 16 2023 06: +0,1694840400
0.04,17,Sep 16 2023 07: +0,1694844000
0.046,8,Sep 16 2023 08: +0,1694847600
0.042,31,Sep 16 2023 09: +0,1694851200
0.038,20,Sep 16 2023 10: +0,1694854800
0.042,25,Sep 16 2023 11: +0,1694858400
0.038,20,Sep 16 2023 12: +0,1694862000
0.04,13,Sep 16 2023 13: +0,1694865600
0.04,29,Sep 16 2023 14: +0,1694869200
0.039,19,Sep 16 2023 15: +0,1694872800
0.039,19,Sep 16 2023 16: +0,1694876400
0.04,24,Sep 16 2023 17: +0,1694880000
0.04,13,Sep 16 2023 18: +0,1694883600
0.042,21,Sep 16 2023 19: +0,1694887200
0.06,33,Sep 16 2023 20: +0,1694890800
0.04,23,Sep 16 2023 21: +0,1694894400
0.04,13,Sep 16 2023 22: +0,1694898000
0.038,11,Sep 16 2023 23: +0,1694901600
0.039,15,Sep 17 2023 00: +0,1694905200
0.039,3,Sep 17 2023 01: +0,1694908800
0.037,6,Sep 17 2023 02: +0,1694912400
0.038,10,Sep 17 2023 03: +0,1694916000
0.041,12,Sep 17 2023 04: +0,1694919600
0.04,5,Sep 17 2023 05: +0,1694923200
0.04,13,Sep 17 2023 06: +0,1694926800
0.061,12,Sep 17 2023 07: +0,1694930400
0.038,23,Sep 17 2023 08: +0,1694934000
0.039,17,Sep 17 2023 09: +0,1694937600
0.04,14,Sep 17 2023 10: +0,1694941200
0.04,9,Sep 17 2023 11: +0,1694944800
0.041,16,Sep 17 2023 12: +0,1694948400
0.045,37,Sep 17 2023 13: +0,1694952000
0.043,12,Sep 17 2023 14: +0,1694955600
0.046,50,Sep 17 2023 15: +0,1694959200
0.039,17,Sep 17 2023 16: +0,1694962800
0.043,30,Sep 17 2023 17: +0,1694966400
0.045,35,Sep 17 2023 18: +0,1694970000
0.041,9,Sep 17 2023 19: +0,1694973600
0.039,12,Sep 17 2023 20: +0,1694977200
0.039,20,Sep 17 2023 21: +0,1694980800
0.044,16,Sep 17 2023 22: +0,1694984400
0.044,12,Sep 17 2023 23: +0,1694988000
0.039,7,Sep 18 2023 00: +0,1694991600
0.041,6,Sep 18 2023 01: +0,1694995200
0.043,13,Sep 18 2023 02: +0,1694998800
0.039,5,Sep 18 2023 03: +0,1695002400
0.041,5,Sep 18 2023 04: +0,1695006000
0.04,8,Sep 18 2023 05: +0,1695009600
0.043,7,Sep 18 2023 06: +0,1695013200
0.04,12,Sep 18 2023 07: +0,1695016800
0.044,9,Sep 18 2023 08: +0,1695020400
0.044,9,Sep 18 2023 09: +0,1695024000
0.045,22,Sep 18 2023 10: +0,1695027600
0.043,10,Sep 18 2023 11: +0,1695031200
0.037,13,Sep 18 2023 12: +0,1695034800
0.041,10,Sep 18 2023 13: +0,1695038400
0.039,19,Sep 18 2023 14: +0,1695042000
0.038,16,Sep 18 2023 15: +0,1695045600
0.04,12,Sep 18 2023 16: +0,1695049200
0.04,34,Sep 18 2023 17: +0,1695052800
0.039,5,Sep 18 2023 18: +0,1695056400
0.041,14,Sep 18 2023 19: +0,1695060000
0.039,20,Sep 18 2023 20: +0,1695063600
0.045,30,Sep 18 2023 21: +0,1695067200
0.041,12,Sep 18 2023 22: +0,1695070800
0.041,8,Sep 18 2023 23: +0,1695074400
0.04,5,Sep 19 2023 00: +0,1695078000
0.037,6,Sep 19 2023 01: +0,1695081600
0.04,6,Sep 19 2023 02: +0,1695085200
0.038,3,Sep 19 2023 03: +0,1695088800
0.039,8,Sep 19 2023 04: +0,1695092400
0.037,3,Sep 19 2023 05: +0,1695096000
0.032,6,Sep 19 2023 06: +0,1695099600
0.03,1,Sep 19 2023 07: +0,1695103200
0.032,6,Sep 19 2023 08: +0,1695106800
0.03,6,Sep 19 2023 09: +0,1695110400
0.036,14,Sep 19 2023 10: +0,1695114000
0.037,10,Sep 19 2023 11: +0,1695117600
0.034,6,Sep 19 2023 12: +0,1695121200
0.037,16,Sep 19 2023 13: +0,1695124800
0.039,12,Sep 19 2023 14: +0,1695128400
0.033,13,Sep 19 2023 15: +0,1695132000
0.035,13,Sep 19 2023 16: +0,1695135600
0.038,24,Sep 19 2023 17: +0,1695139200
0.036,14,Sep 19 2023 18: +0,1695142800
0.045,20,Sep 19 2023 19: +0,1695146400
0.035,17,Sep 19 2023 20: +0,1695150000
0.034,19,Sep 19 2023 21: +0,1695153600
0.03,8,Sep 19 2023 22: +0,1695157200
0.03,5,Sep 19 2023 23: +0,1695160800
0.035,4,Sep 20 2023 00: +0,1695164400
0.035,5,Sep 20 2023 01: +0,1695168000
0.035,4,Sep 20 2023 02: +0,1695171600
0.049,42,Sep 20 2023 03: +0,1695175200
0.033,6,Sep 20 2023 04: +0,1695178800
0.035,6,Sep 20 2023 05: +0,1695182400
0.03,8,Sep 20 2023 06: +0,1695186000
0.057,5,Sep 20 2023 07: +0,1695189600
0.05,42,Sep 20 2023 08: +0,1695193200
0.032,5,Sep 20 2023 09: +0,1695196800
0.035,7,Sep 20 2023 10: +0,1695200400
0.035,11,Sep 20 2023 11: +0,1695204000
0.034,8,Sep 20 2023 12: +0,1695207600
0.038,22,Sep 20 2023 13: +0,1695211200
0.033,13,Sep 20 2023 14: +0,1695214800
0.034,6,Sep 20 2023 15: +0,1695218400
0.034,23,Sep 20 2023 16: +0,1695222000
0.03,29,Sep 20 2023 17: +0,1695225600
0.034,9,Sep 20 2023 18: +0,1695229200
0.03,8,Sep 20 2023 19: +0,1695232800
0.053,40,Sep 20 2023 20: +0,1695236400
0.034,6,Sep 20 2023 21: +0,1695240000
0.036,10,Sep 20 2023 22: +0,1695243600
0.03,9,Sep 20 2023 23: +0,1695247200
0.038,12,Sep 21 2023 00: +0,1695250800
0.057,4,Sep 21 2023 01: +0,1695254400
0.036,4,Sep 21 2023 02: +0,1695258000
0.03,4,Sep 21 2023 03: +0,1695261600
0.037,8,Sep 21 2023 04: +0,1695265200
0.038,6,Sep 21 2023 05: +0,1695268800
0.04,2,Sep 21 2023 06: +0,1695272400
0.033,4,Sep 21 2023 07: +0,1695276000
0.03,1,Sep 21 2023 08: +0,1695279600
0.031,9,Sep 21 2023 09: +0,1695283200
0.032,4,Sep 21 2023 10: +0,1695286800
0.035,21,Sep 21 2023 11: +0,1695290400
0.034,10,Sep 21 2023 12: +0,1695294000
0.035,9,Sep 21 2023 13: +0,1695297600
0.053,35,Sep 21 2023 14: +0,1695301200
0.053,14,Sep 21 2023 15: +0,1695304800
0.041,31,Sep 21 2023 16: +0,1695308400
0.053,19,Sep 21 2023 17: +0,1695312000
0.037,15,Sep 21 2023 18: +0,1695315600
0.03,10,Sep 21 2023 19: +0,1695319200
0.035,14,Sep 21 2023 20: +0,1695322800
0.034,15,Sep 21 2023 21: +0,1695326400
0.037,21,Sep 21 2023 22: +0,1695330000
0.039,8,Sep 21 2023 23: +0,1695333600
0.037,3,Sep 22 2023 00: +0,1695337200
0.037,5,Sep 22 2023 01: +0,1695340800
0.036,7,Sep 22 2023 02: +0,1695344400
0.034,11,Sep 22 2023 03: +0,1695348000
0.035,4,Sep 22 2023 04: +0,1695351600
0.037,1,Sep 22 2023 05: +0,1695355200
0.037,7,Sep 22 2023 06: +0,1695358800
0.037,6,Sep 22 2023 07: +0,1695362400
0.037,7,Sep 22 2023 08: +0,1695366000
0.035,10,Sep 22 2023 09: +0,1695369600
0.038,33,Sep 22 2023 10: +0,1695373200
0.035,5,Sep 22 2023 11: +0,1695376800
0.044,15,Sep 22 2023 12: +0,1695380400
0.034,21,Sep 22 2023 13: +0,1695384000
0.044,3,Sep 22 2023 14: +0,1695387600
0.034,10,Sep 22 2023 15: +0,1695391200
0.037,34,Sep 22 2023 16: +0,1695394800
0.037,18,Sep 22 2023 17: +0,1695398400
0.038,17,Sep 22 2023 18: +0,1695402000
0.037,12,Sep 22 2023 19: +0,1695405600
0.037,15,Sep 22 2023 20: +0,1695409200
0.035,11,Sep 22 2023 21: +0,1695412800
0.035,19,Sep 22 2023 22: +0,1695416400
0.035,8,Sep 22 2023 23: +0,1695420000
0.03,3,Sep 23 2023 00: +0,1695423600
0.034,7,Sep 23 2023 01: +0,1695427200
0.034,5,Sep 23 2023 02: +0,1695430800
0.035,4,Sep 23 2023 03: +0,1695434400
0.03,6,Sep 23 2023 04: +0,1695438000
0.031,8,Sep 23 2023 05: +0,1695441600
0.033,5,Sep 23 2023 06: +0,1695445200
0.033,9,Sep 23 2023 07: +0,1695448800
0.033,9,Sep 23 2023 08: +0,1695452400
0.034,9,Sep 23 2023 09: +0,1695456000
0.034,15,Sep 23 2023 10: +0,1695459600
0.034,10,Sep 23 2023 11: +0,1695463200
0.034,14,Sep 23 2023 12: +0,1695466800
0.042,16,Sep 23 2023 13: +0,1695470400
0.034,24,Sep 23 2023 14: +0,1695474000
0.034,29,Sep 23 2023 15: +0,1695477600
0.032,13,Sep 23 2023 16: +0,1695481200
0.034,17,Sep 23 2023 17: +0,1695484800
0.03,16,Sep 23 2023 18: +0,1695488400
0.034,15,Sep 23 2023 19: +0,1695492000
0.039,14,Sep 23 2023 20: +0,1695495600
0.039,19,Sep 23 2023 21: +0,1695499200
0.04,9,Sep 23 2023 22: +0,1695502800
0.039,4,Sep 23 2023 23: +0,1695506400
0.03,8,Sep 24 2023 00: +0,1695510000
0.034,4,Sep 24 2023 01: +0,1695513600
0.034,7,Sep 24 2023 02: +0,1695517200
0.044,3,Sep 24 2023 03: +0,1695520800
0.034,5,Sep 24 2023 04: +0,1695524400
0.03,3,Sep 24 2023 05: +0,1695528000
0.034,11,Sep 24 2023 06: +0,1695531600
0.032,2,Sep 24 2023 07: +0,1695535200
0.035,32,Sep 24 2023 08: +0,1695538800
0.034,15,Sep 24 2023 09: +0,1695542400
0.034,12,Sep 24 2023 10: +0,1695546000
0.038,4,Sep 24 2023 11: +0,1695549600
0.034,8,Sep 24 2023 12: +0,1695553200
0.033,10,Sep 24 2023 13: +0,1695556800
0.033,9,Sep 24 2023 14: +0,1695560400
0.034,15,Sep 24 2023 15: +0,1695564000
0.032,12,Sep 24 2023 16: +0,1695567600
0.034,19,Sep 24 2023 17: +0,1695571200
0.043,14,Sep 24 2023 18: +0,1695574800
0.034,14,Sep 24 2023 19: +0,1695578400
0.034,13,Sep 24 2023 20: +0,1695582000
0.034,13,Sep 24 2023 21: +0,1695585600
0.033,25,Sep 24 2023 22: +0,1695589200
0.049,10,Sep 24 2023 23: +0,1695592800
0.061,121,Sep 25 2023 00: +0,1695596400
0.032,2,Sep 25 2023 01: +0,1695600000
0.03,2,Sep 25 2023 02: +0,1695603600
0.033,3,Sep 25 2023 03: +0,1695607200
0.033,7,Sep 25 2023 04: +0,1695610800
0.038,7,Sep 25 2023 05: +0,1695614400
0.032,4,Sep 25 2023 06: +0,1695618000
0.047,12,Sep 25 2023 07: +0,1695621600
0.052,6,Sep 25 2023 08: +0,1695625200
0.052,5,Sep 25 2023 09: +0,1695628800
0.03,8,Sep 25 2023 10: +0,1695632400
0.034,4,Sep 25 2023 11: +0,1695636000
0.036,6,Sep 25 2023 12: +0,1695639600
0.035,19,Sep 25 2023 13: +0,1695643200
0.038,9,Sep 25 2023 14: +0,1695646800
0.03,5,Sep 25 2023 15: +0,1695650400
0.037,12,Sep 25 2023 16: +0,1695654000
0.035,6,Sep 25 2023 17: +0,1695657600
0.034,12,Sep 25 2023 18: +0,1695661200
0.038,62,Sep 25 2023 19: +0,1695664800
0.034,4,Sep 25 2023 20: +0,1695668400
0.038,10,Sep 25 2023 21: +0,1695672000
0.035,7,Sep 25 2023 22: +0,1695675600
0.034,2,Sep 25 2023 23: +0,1695679200
0.052,8,Sep 26 2023 00: +0,1695682800
0.041,1,Sep 26 2023 01: +0,1695686400
0.032,2,Sep 26 2023 03: +0,1695693600
0.032,5,Sep 26 2023 04: +0,1695697200
0.032,2,Sep 26 2023 05: +0,1695700800
0.035,14,Sep 26 2023 06: +0,1695704400
0.037,6,Sep 26 2023 07: +0,1695708000
0.03,2,Sep 26 2023 08: +0,1695711600
0.035,2,Sep 26 2023 09: +0,1695715200
0.036,12,Sep 26 2023 10: +0,1695718800
0.034,6,Sep 26 2023 11: +0,1695722400
0.036,14,Sep 26 2023 12: +0,1695726000
0.032,9,Sep 26 2023 13: +0,1695729600
0.052,36,Sep 26 2023 14: +0,1695733200
0.034,18,Sep 26 2023 15: +0,1695736800
0.034,18,Sep 26 2023 16: +0,1695740400
0.061,51,Sep 26 2023 17: +0,1695744000
0.034,19,Sep 26 2023 18: +0,1695747600
0.035,11,Sep 26 2023 19: +0,1695751200
0.035,6,Sep 26 2023 20: +0,1695754800
0.034,15,Sep 26 2023 21: +0,1695758400
0.036,9,Sep 26 2023 22: +0,1695762000
0.037,12,Sep 26 2023 23: +0,1695765600
0.03,2,Sep 27 2023 00: +0,1695769200
0.034,4,Sep 27 2023 01: +0,1695772800
0.03,7,Sep 27 2023 02: +0,1695776400
0.035,5,Sep 27 2023 03: +0,1695780000
0.034,11,Sep 27 2023 04: +0,1695783600
0.035,4,Sep 27 2023 05: +0,1695787200
0.03,8,Sep 27 2023 06: +0,1695790800
0.035,9,Sep 27 2023 07: +0,1695794400
0.034,6,Sep 27 2023 08: +0,1695798000
0.035,5,Sep 27 2023 09: +0,1695801600
0.034,10,Sep 27 2023 10: +0,1695805200
0.035,18,Sep 27 2023 11: +0,1695808800
0.039,22,Sep 27 2023 12: +0,1695812400
0.039,11,Sep 27 2023 13: +0,1695816000
0.04,13,Sep 27 2023 14: +0,1695819600
0.04,11,Sep 27 2023 15: +0,1695823200
0.033,16,Sep 27 2023 16: +0,1695826800
0.037,16,Sep 27 2023 17: +0,1695830400
0.042,24,Sep 27 2023 18: +0,1695834000
0.044,19,Sep 27 2023 19: +0,1695837600
0.039,4,Sep 27 2023 20: +0,1695841200
0.044,17,Sep 27 2023 21: +0,1695844800
0.038,27,Sep 27 2023 22: +0,1695848400
0.038,27,Sep 27 2023 23: +0,1695852000
0.033,21,Sep 28 2023 00: +0,1695855600
0.039,27,Sep 28 2023 01: +0,1695859200
0.043,9,Sep 28 2023 02: +0,1695862800
0.052,27,Sep 28 2023 03: +0,1695866400
0.049,7,Sep 28 2023 04: +0,1695870000
0.049,11,Sep 28 2023 05: +0,1695873600
0.049,7,Sep 28 2023 06: +0,1695877200
0.034,9,Sep 28 2023 07: +0,1695880800
0.049,11,Sep 28 2023 08: +0,1695884400
0.034,8,Sep 28 2023 09: +0,1695888000
0.036,13,Sep 28 2023 10: +0,1695891600
0.035,13,Sep 28 2023 11: +0,1695895200
0.034,12,Sep 28 2023 12: +0,1695898800
0.035,13,Sep 28 2023 13: +0,1695902400
0.051,4,Sep 28 2023 14: +0,1695906000
0.035,3,Sep 28 2023 15: +0,1695909600
0.035,9,Sep 28 2023 16: +0,1695913200
0.034,15,Sep 28 2023 17: +0,1695916800
0.039,31,Sep 28 2023 18: +0,1695920400
0.044,9,Sep 28 2023 19: +0,1695924000
0.039,19,Sep 28 2023 20: +0,1695927600
0.037,10,Sep 28 2023 21: +0,1695931200
0.036,16,Sep 28 2023 22: +0,1695934800
0.038,18,Sep 28 2023 23: +0,1695938400
0.057,17,Sep 29 2023 00: +0,1695942000
0.03,5,Sep 29 2023 01: +0,1695945600
0.035,10,Sep 29 2023 02: +0,1695949200
0.035,4,Sep 29 2023 03: +0,1695952800
0.034,6,Sep 29 2023 04: +0,1695956400
0.034,10,Sep 29 2023 05: +0,1695960000
0.033,14,Sep 29 2023 06: +0,1695963600
0.032,8,Sep 29 2023 07: +0,1695967200
0.037,13,Sep 29 2023 08: +0,1695970800
0.037,27,Sep 29 2023 09: +0,1695974400
0.034,11,Sep 29 2023 10: +0,1695978000
0.039,9,Sep 29 2023 11: +0,1695981600
0.038,3,Sep 29 2023 12: +0,1695985200
0.032,12,Sep 29 2023 13: +0,1695988800
0.036,19,Sep 29 2023 14: +0,1695992400
0.038,30,Sep 29 2023 15: +0,1695996000
0.044,53,Sep 29 2023 16: +0,1695999600
0.037,9,Sep 29 2023 17: +0,1696003200
0.038,41,Sep 29 2023 18: +0,1696006800
0.034,18,Sep 29 2023 19: +0,1696010400
0.034,12,Sep 29 2023 20: +0,1696014000
0.036,23,Sep 29 2023 21: +0,1696017600
0.034,24,Sep 29 2023 22: +0,1696021200
0.03,9,Sep 29 2023 23: +0,1696024800
0.035,9,Sep 30 2023 00: +0,1696028400
0.036,17,Sep 30 2023 01: +0,1696032000
0.052,18,Sep 30 2023 02: +0,1696035600
0.034,7,Sep 30 2023 03: +0,1696039200
0.052,10,Sep 30 2023 04: +0,1696042800
0.049,6,Sep 30 2023 05: +0,1696046400
0.052,4,Sep 30 2023 06: +0,1696050000
0.052,7,Sep 30 2023 07: +0,1696053600
0.052,13,Sep 30 2023 08: +0,1696057200
0.043,41,Sep 30 2023 09: +0,1696060800
0.052,19,Sep 30 2023 10: +0,1696064400
0.052,17,Sep 30 2023 11: +0,1696068000
0.052,13,Sep 30 2023 12: +0,1696071600
0.04,10,Sep 30 2023 13: +0,1696075200
0.052,25,Sep 30 2023 14: +0,1696078800
0.052,13,Sep 30 2023 15: +0,1696082400
0.052,25,Sep 30 2023 16: +0,1696086000
0.035,17,Sep 30 2023 17: +0,1696089600
0.052,17,Sep 30 2023 18: +0,1696093200
0.041,18,Sep 30 2023 19: +0,1696096800
0.052,18,Sep 30 2023 20: +0,1696100400
0.052,25,Sep 30 2023 21: +0,1696104000
0.052,27,Sep 30 2023 22: +0,1696107600
0.052,15,Sep 30 2023 23: +0,1696111200
0.046,12,Oct 01 2023 00: +0,1696114800
0.041,10,Oct 01 2023 01: +0,1696118400
0.052,3,Oct 01 2023 02: +0,1696122000
0.052,15,Oct 01 2023 03: +0,1696125600
0.041,7,Oct 01 2023 04: +0,1696129200
0.041,10,Oct 01 2023 05: +0,1696132800
0.034,2,Oct 01 2023 06: +0,1696136400
0.052,2,Oct 01 2023 07: +0,1696140000
0.041,11,Oct 01 2023 08: +0,1696143600
0.052,22,Oct 01 2023 09: +0,1696147200
0.041,8,Oct 01 2023 10: +0,1696150800
0.052,23,Oct 01 2023 11: +0,1696154400
0.04,22,Oct 01 2023 12: +0,1696158000
0.043,33,Oct 01 2023 13: +0,1696161600
0.043,14,Oct 01 2023 14: +0,1696165200
0.041,12,Oct 01 2023 15: +0,1696168800
0.041,10,Oct 01 2023 16: +0,1696172400
0.042,10,Oct 01 2023 17: +0,1696176000
0.041,13,Oct 01 2023 18: +0,1696179600
0.041,19,Oct 01 2023 19: +0,1696183200
0.041,22,Oct 01 2023 20: +0,1696186800
0.042,13,Oct 01 2023 21: +0,1696190400
0.052,5,Oct 01 2023 22: +0,1696194000
0.052,13,Oct 01 2023 23: +0,1696197600
0.041,9,Oct 02 2023 00: +0,1696201200
0.041,5,Oct 02 2023 01: +0,1696204800
0.041,13,Oct 02 2023 02: +0,1696208400
0.041,3,Oct 02 2023 04: +0,1696215600
0.044,11,Oct 02 2023 05: +0,1696219200
0.052,6,Oct 02 2023 06: +0,1696222800
0.041,5,Oct 02 2023 07: +0,1696226400
0.042,8,Oct 02 2023 08: +0,1696230000
0.047,24,Oct 02 2023 09: +0,1696233600
0.044,7,Oct 02 2023 10: +0,1696237200
0.042,17,Oct 02 2023 11: +0,1696240800
0.041,4,Oct 02 2023 12: +0,1696244400
0.052,8,Oct 02 2023 13: +0,1696248000
0.052,21,Oct 02 2023 14: +0,1696251600
0.052,22,Oct 02 2023 15: +0,1696255200
0.041,10,Oct 02 2023 16: +0,1696258800
0.041,19,Oct 02 2023 17: +0,1696262400
0.061,91,Oct 02 2023 18: +0,1696266000
0.041,5,Oct 02 2023 19: +0,1696269600
0.052,13,Oct 02 2023 20: +0,1696273200
0.043,23,Oct 02 2023 21: +0,1696276800
0.041,10,Oct 02 2023 22: +0,1696280400
0.04,9,Oct 02 2023 23: +0,1696284000
0.041,6,Oct 03 2023 00: +0,1696287600
0.039,2,Oct 03 2023 01: +0,1696291200
0.042,5,Oct 03 2023 02: +0,1696294800
0.04,6,Oct 03 2023 03: +0,1696298400
0.041,15,Oct 03 2023 04: +0,1696302000
0.04,8,Oct 03 2023 05: +0,1696305600
0.042,3,Oct 03 2023 06: +0,1696309200
0.039,8,Oct 03 2023 07: +0,1696312800
0.035,2,Oct 03 2023 08: +0,1696316400
0.041,12,Oct 03 2023 09: +0,1696320000
0.04,7,Oct 03 2023 10: +0,1696323600
0.041,10,Oct 03 2023 11: +0,1696327200
0.061,12,Oct 03 2023 12: +0,1696330800
0.042,8,Oct 03 2023 13: +0,1696334400
0.039,10,Oct 03 2023 14: +0,1696338000
0.044,19,Oct 03 2023 15: +0,1696341600
0.04,21,Oct 03 2023 16: +0,1696345200
0.04,18,Oct 03 2023 17: +0,1696348800
0.038,10,Oct 03 2023 18: +0,1696352400
0.04,17,Oct 03 2023 19: +0,1696356000
0.041,25,Oct 03 2023 20: +0,1696359600
0.039,12,Oct 03 2023 21: +0,1696363200
0.041,7,Oct 03 2023 22: +0,1696366800
0.041,11,Oct 03 2023 23: +0,1696370400
0.057,20,Oct 04 2023 00: +0,1696374000
0.041,9,Oct 04 2023 01: +0,1696377600
0.041,3,Oct 04 2023 02: +0,1696381200
0.042,3,Oct 04 2023 03: +0,1696384800
0.041,4,Oct 04 2023 04: +0,1696388400
0.038,3,Oct 04 2023 05: +0,1696392000
0.039,3,Oct 04 2023 06: +0,1696395600
0.042,8,Oct 04 2023 07: +0,1696399200
0.038,6,Oct 04 2023 08: +0,1696402800
0.038,6,Oct 04 2023 09: +0,1696406400
0.042,14,Oct 04 2023 10: +0,1696410000
0.041,9,Oct 04 2023 11: +0,1696413600
0.042,22,Oct 04 2023 12: +0,1696417200
0.045,7,Oct 04 2023 13: +0,1696420800
0.043,5,Oct 04 2023 14: +0,1696424400
0.044,9,Oct 04 2023 15: +0,1696428000
0.045,35,Oct 04 2023 16: +0,1696431600
0.06,35,Oct 04 2023 17: +0,1696435200
0.044,21,Oct 04 2023 18: +0,1696438800
0.045,17,Oct 04 2023 19: +0,1696442400
0.044,27,Oct 04 2023 20: +0,1696446000
0.047,13,Oct 04 2023 21: +0,1696449600
0.045,13,Oct 04 2023 22: +0,1696453200
0.069,159,Oct 04 2023 23: +0,1696456800
0.044,2,Oct 05 2023 00: +0,1696460400
0.04,4,Oct 05 2023 01: +0,1696464000
0.047,5,Oct 05 2023 02: +0,1696467600
0.042,2,Oct 05 2023 03: +0,1696471200
0.042,14,Oct 05 2023 04: +0,1696474800
0.045,6,Oct 05 2023 05: +0,1696478400
0.045,7,Oct 05 2023 06: +0,1696482000
0.045,15,Oct 05 2023 07: +0,1696485600
0.045,18,Oct 05 2023 08: +0,1696489200
0.045,25,Oct 05 2023 09: +0,1696492800
0.045,11,Oct 05 2023 10: +0,1696496400
0.041,18,Oct 05 2023 11: +0,1696500000
0.052,9,Oct 05 2023 12: +0,1696503600
0.04,23,Oct 05 2023 13: +0,1696507200
0.044,12,Oct 05 2023 14: +0,1696510800
0.052,10,Oct 05 2023 15: +0,1696514400
0.052,18,Oct 05 2023 16: +0,1696518000
0.034,9,Oct 05 2023 17: +0,1696521600
0.052,16,Oct 05 2023 18: +0,1696525200
0.04,29,Oct 05 2023 19: +0,1696528800
0.041,17,Oct 05 2023 20: +0,1696532400
0.041,26,Oct 05 2023 21: +0,1696536000
0.041,30,Oct 05 2023 22: +0,1696539600
0.039,9,Oct 05 2023 23: +0,1696543200
0.041,10,Oct 06 2023 00: +0,1696546800
0.039,5,Oct 06 2023 01: +0,1696550400
0.058,1,Oct 06 2023 02: +0,1696554000
0.044,3,Oct 06 2023 03: +0,1696557600
0.048,4,Oct 06 2023 04: +0,1696561200
0.039,5,Oct 06 2023 05: +0,1696564800
0.052,3,Oct 06 2023 06: +0,1696568400
0.04,4,Oct 06 2023 07: +0,1696572000
0.052,4,Oct 06 2023 08: +0,1696575600
0.045,35,Oct 06 2023 09: +0,1696579200
0.049,10,Oct 06 2023 10: +0,1696582800
0.047,9,Oct 06 2023 11: +0,1696586400
0.054,6,Oct 06 2023 12: +0,1696590000
0.045,12,Oct 06 2023 13: +0,1696593600
0.044,4,Oct 06 2023 14: +0,1696597200
0.042,10,Oct 06 2023 15: +0,1696600800
0.054,19,Oct 06 2023 16: +0,1696604400
0.052,13,Oct 06 2023 17: +0,1696608000
0.052,19,Oct 06 2023 18: +0,1696611600
0.044,31,Oct 06 2023 19: +0,1696615200
0.045,12,Oct 06 2023 20: +0,1696618800
0.052,35,Oct 06 2023 21: +0,1696622400
0.03,7,Oct 06 2023 22: +0,1696626000
0.05,19,Oct 06 2023 23: +0,1696629600
0.069,1,Oct 07 2023 00: +0,1696633200
0.05,3,Oct 07 2023 01: +0,1696636800
0.052,6,Oct 07 2023 02: +0,1696640400
0.066,1,Oct 07 2023 03: +0,1696644000
0.057,30,Oct 07 2023 04: +0,1696647600
0.056,2,Oct 07 2023 05: +0,1696651200
0.06,1,Oct 07 2023 06: +0,1696654800
0.057,7,Oct 07 2023 07: +0,1696658400
0.05,7,Oct 07 2023 08: +0,1696662000
0.05,6,Oct 07 2023 09: +0,1696665600
0.069,11,Oct 07 2023 10: +0,1696669200
0.05,13,Oct 07 2023 11: +0,1696672800
0.05,9,Oct 07 2023 12: +0,1696676400
0.05,8,Oct 07 2023 13: +0,1696680000
0.048,5,Oct 07 2023 14: +0,1696683600
0.049,14,Oct 07 2023 15: +0,1696687200
0.05,6,Oct 07 2023 16: +0,1696690800
0.048,12,Oct 07 2023 17: +0,1696694400
0.05,8,Oct 07 2023 18: +0,1696698000
0.049,10,Oct 07 2023 19: +0,1696701600
0.05,15,Oct 07 2023 20: +0,1696705200
0.047,11,Oct 07 2023 21: +0,1696708800
0.048,4,Oct 07 2023 22: +0,1696712400
0.05,3,Oct 07 2023 23: +0,1696716000
0.066,1,Oct 08 2023 00: +0,1696719600
0.049,2,Oct 08 2023 01: +0,1696723200
0.069,50,Oct 08 2023 02: +0,1696726800
0.069,6,Oct 08 2023 03: +0,1696730400
0.069,10,Oct 08 2023 04: +0,1696734000
0.05,11,Oct 08 2023 05: +0,1696737600
0.069,48,Oct 08 2023 06: +0,1696741200
0.069,8,Oct 08 2023 07: +0,1696744800
0.069,7,Oct 08 2023 08: +0,1696748400
0.061,120,Oct 08 2023 09: +0,1696752000
0.069,24,Oct 08 2023 10: +0,1696755600
0.061,12,Oct 08 2023 11: +0,1696759200
0.061,12,Oct 08 2023 12: +0,1696762800
0.069,19,Oct 08 2023 13: +0,1696766400
0.069,5,Oct 08 2023 14: +0,1696770000
0.065,12,Oct 08 2023 15: +0,1696773600
0.061,14,Oct 08 2023 16: +0,1696777200
0.069,9,Oct 08 2023 17: +0,1696780800
0.062,5,Oct 08 2023 18: +0,1696784400
0.061,18,Oct 08 2023 19: +0,1696788000
0.062,10,Oct 08 2023 20: +0,1696791600
0.062,6,Oct 08 2023 21: +0,1696795200
0.069,6,Oct 08 2023 22: +0,1696798800
0.06,11,Oct 08 2023 23: +0,1696802400
0.062,22,Oct 09 2023 00: +0,1696806000
0.063,203,Oct 09 2023 01: +0,1696809600
0.069,4,Oct 09 2023 02: +0,1696813200
0.072,2,Oct 09 2023 03: +0,1696816800
0.078,17,Oct 09 2023 04: +0,1696820400
0.069,7,Oct 09 2023 05: +0,1696824000
0.069,10,Oct 09 2023 06: +0,1696827600
0.063,9,Oct 09 2023 07: +0,1696831200
0.069,12,Oct 09 2023 08: +0,1696834800
0.065,2,Oct 09 2023 09: +0,1696838400
0.069,31,Oct 09 2023 10: +0,1696842000
0.049,10,Oct 09 2023 11: +0,1696845600
0.051,18,Oct 09 2023 12: +0,1696849200
0.047,9,Oct 09 2023 13: +0,1696852800
0.04,7,Oct 09 2023 14: +0,1696856400
0.048,7,Oct 09 2023 15: +0,1696860000
0.049,6,Oct 09 2023 16: +0,1696863600
0.049,7,Oct 09 2023 17: +0,1696867200
0.047,5,Oct 09 2023 18: +0,1696870800
0.049,11,Oct 09 2023 19: +0,1696874400
0.05,16,Oct 09 2023 20: +0,1696878000
0.047,9,Oct 09 2023 21: +0,1696881600
0.043,4,Oct 09 2023 22: +0,1696885200
0.043,5,Oct 09 2023 23: +0,1696888800
0.051,102,Oct 10 2023 00: +0,1696892400
0.047,2,Oct 10 2023 02: +0,1696899600
0.03,2,Oct 10 2023 03: +0,1696903200
0.03,1,Oct 10 2023 04: +0,1696906800
0.047,5,Oct 10 2023 05: +0,1696910400
0.044,7,Oct 10 2023 06: +0,1696914000
0.047,18,Oct 10 2023 07: +0,1696917600
0.052,1,Oct 10 2023 08: +0,1696921200
0.069,16,Oct 10 2023 09: +0,1696924800
0.048,7,Oct 10 2023 10: +0,1696928400
0.047,4,Oct 10 2023 11: +0,1696932000
0.049,11,Oct 10 2023 12: +0,1696935600
0.039,6,Oct 10 2023 13: +0,1696939200
0.047,1,Oct 10 2023 14: +0,1696942800
0.047,4,Oct 10 2023 15: +0,1696946400
0.047,8,Oct 10 2023 16: +0,1696950000
0.047,11,Oct 10 2023 17: +0,1696953600
0.039,5,Oct 10 2023 18: +0,1696957200
0.048,11,Oct 10 2023 19: +0,1696960800
0.048,11,Oct 10 2023 20: +0,1696964400
0.044,8,Oct 10 2023 21: +0,1696968000
0.05,17,Oct 10 2023 22: +0,1696971600
0.055,7,Oct 10 2023 23: +0,1696975200
0.048,8,Oct 11 2023 00: +0,1696978800
0.048,1,Oct 11 2023 01: +0,1696982400
0.039,7,Oct 11 2023 02: +0,1696986000
0.056,9,Oct 11 2023 03: +0,1696989600
0.051,2,Oct 11 2023 04: +0,1696993200
0.061,4,Oct 11 2023 05: +0,1696996800
0.048,1,Oct 11 2023 06: +0,1697000400
0.049,3,Oct 11 2023 07: +0,1697004000
0.05,3,Oct 11 2023 08: +0,1697007600
0.058,12,Oct 11 2023 09: +0,1697011200
0.048,4,Oct 11 2023 10: +0,1697014800
0.049,3,Oct 11 2023 11: +0,1697018400
0.048,13,Oct 11 2023 12: +0,1697022000
0.057,39,Oct 11 2023 13: +0,1697025600
0.059,57,Oct 11 2023 14: +0,1697029200
0.063,8,Oct 11 2023 15: +0,1697032800
0.049,10,Oct 11 2023 16: +0,1697036400
0.04,10,Oct 11 2023 17: +0,1697040000
0.048,14,Oct 11 2023 18: +0,1697043600
0.047,3,Oct 11 2023 19: +0,1697047200
0.05,14,Oct 11 2023 20: +0,1697050800
0.048,7,Oct 11 2023 21: +0,1697054400
0.049,14,Oct 11 2023 22: +0,1697058000
0.05,10,Oct 11 2023 23: +0,1697061600
0.05,5,Oct 12 2023 00: +0,1697065200
0.034,1,Oct 12 2023 01: +0,1697068800
0.05,17,Oct 12 2023 03: +0,1697076000
0.05,4,Oct 12 2023 04: +0,1697079600
0.05,5,Oct 12 2023 05: +0,1697083200
0.05,7,Oct 12 2023 06: +0,1697086800
0.05,7,Oct 12 2023 07: +0,1697090400
0.05,11,Oct 12 2023 08: +0,1697094000
0.053,6,Oct 12 2023 09: +0,1697097600
0.054,9,Oct 12 2023 10: +0,1697101200
0.054,28,Oct 12 2023 11: +0,1697104800
0.057,14,Oct 12 2023 12: +0,1697108400
0.058,2,Oct 12 2023 13: +0,1697112000
0.05,13,Oct 12 2023 14: +0,1697115600
0.05,9,Oct 12 2023 15: +0,1697119200
0.05,22,Oct 12 2023 16: +0,1697122800
0.054,18,Oct 12 2023 17: +0,1697126400
0.05,19,Oct 12 2023 18: +0,1697130000
0.055,15,Oct 12 2023 19: +0,1697133600
0.057,5,Oct 12 2023 20: +0,1697137200
0.066,7,Oct 12 2023 21: +0,1697140800
0.055,15,Oct 12 2023 22: +0,1697144400
0.049,5,Oct 12 2023 23: +0,1697148000
0.05,13,Oct 13 2023 00: +0,1697151600
0.069,7,Oct 13 2023 01: +0,1697155200
0.066,9,Oct 13 2023 02: +0,1697158800
0.047,4,Oct 13 2023 03: +0,1697162400
0.065,30,Oct 13 2023 05: +0,1697169600
0.056,5,Oct 13 2023 07: +0,1697176800
0.054,11,Oct 13 2023 08: +0,1697180400
0.055,10,Oct 13 2023 09: +0,1697184000
0.05,7,Oct 13 2023 10: +0,1697187600
0.053,9,Oct 13 2023 11: +0,1697191200
0.049,10,Oct 13 2023 12: +0,1697194800
0.05,20,Oct 13 2023 13: +0,1697198400
0.054,11,Oct 13 2023 14: +0,1697202000
0.054,12,Oct 13 2023 15: +0,1697205600
0.05,6,Oct 13 2023 16: +0,1697209200
0.049,10,Oct 13 2023 17: +0,1697212800
0.055,19,Oct 13 2023 18: +0,1697216400
0.055,6,Oct 13 2023 19: +0,1697220000
0.078,131,Oct 13 2023 20: +0,1697223600
0.076,7,Oct 13 2023 21: +0,1697227200
0.049,4,Oct 13 2023 22: +0,1697230800
0.048,4,Oct 13 2023 23: +0,1697234400
0.045,3,Oct 14 2023 00: +0,1697238000
0.05,9,Oct 14 2023 01: +0,1697241600
0.049,5,Oct 14 2023 02: +0,1697245200
0.046,2,Oct 14 2023 03: +0,1697248800
0.05,4,Oct 14 2023 04: +0,1697252400
0.05,6,Oct 14 2023 05: +0,1697256000
0.05,6,Oct 14 2023 06: +0,1697259600
0.05,44,Oct 14 2023 07: +0,1697263200
0.045,12,Oct 14 2023 08: +0,1697266800
0.047,4,Oct 14 2023 09: +0,1697270400
0.05,25,Oct 14 2023 10: +0,1697274000
0.044,7,Oct 14 2023 11: +0,1697277600
0.045,15,Oct 14 2023 12: +0,1697281200
0.045,22,Oct 14 2023 13: +0,1697284800
0.045,7,Oct 14 2023 14: +0,1697288400
0.045,2,Oct 14 2023 15: +0,1697292000
0.048,16,Oct 14 2023 16: +0,1697295600
0.045,18,Oct 14 2023 17: +0,1697299200
0.049,3,Oct 14 2023 18: +0,1697302800
0.044,6,Oct 14 2023 19: +0,1697306400
0.042,6,Oct 14 2023 20: +0,1697310000
0.047,9,Oct 14 2023 21: +0,1697313600
0.05,30,Oct 14 2023 22: +0,1697317200
0.052,6,Oct 14 2023 23: +0,1697320800
0.045,15,Oct 15 2023 00: +0,1697324400
0.054,19,Oct 15 2023 01: +0,1697328000
0.045,2,Oct 15 2023 02: +0,1697331600
0.04,10,Oct 15 2023 03: +0,1697335200
0.039,2,Oct 15 2023 04: +0,1697338800
0.042,3,Oct 15 2023 05: +0,1697342400
0.061,3,Oct 15 2023 06: +0,1697346000
0.044,2,Oct 15 2023 07: +0,1697349600
0.042,7,Oct 15 2023 08: +0,1697353200
0.048,8,Oct 15 2023 09: +0,1697356800
0.05,33,Oct 15 2023 10: +0,1697360400
0.055,4,Oct 15 2023 11: +0,1697364000
0.045,2,Oct 15 2023 12: +0,1697367600
0.04,3,Oct 15 2023 13: +0,1697371200
0.042,4,Oct 15 2023 14: +0,1697374800
0.051,6,Oct 15 2023 15: +0,1697378400
0.055,1,Oct 15 2023 16: +0,1697382000
0.05,5,Oct 15 2023 17: +0,1697385600
0.051,10,Oct 15 2023 18: +0,1697389200
0.051,8,Oct 15 2023 19: +0,1697392800
0.051,2,Oct 15 2023 20: +0,1697396400
0.047,8,Oct 15 2023 21: +0,1697400000
0.042,9,Oct 15 2023 22: +0,1697403600
0.05,6,Oct 15 2023 23: +0,1697407200
0.047,1,Oct 16 2023 00: +0,1697410800
0.066,5,Oct 16 2023 01: +0,1697414400
0.04,3,Oct 16 2023 03: +0,1697421600
0.05,1,Oct 16 2023 04: +0,1697425200
0.052,8,Oct 16 2023 06: +0,1697432400
0.053,6,Oct 16 2023 07: +0,1697436000
0.06,6,Oct 16 2023 08: +0,1697439600
0.042,5,Oct 16 2023 09: +0,1697443200
0.061,5,Oct 16 2023 10: +0,1697446800
0.053,11,Oct 16 2023 11: +0,1697450400
0.05,1,Oct 16 2023 12: +0,1697454000
0.054,4,Oct 16 2023 14: +0,1697461200
0.048,7,Oct 16 2023 15: +0,1697464800
0.047,2,Oct 16 2023 16: +0,1697468400
0.047,10,Oct 16 2023 17: +0,1697472000
0.049,8,Oct 16 2023 18: +0,1697475600
0.047,6,Oct 16 2023 19: +0,1697479200
0.05,13,Oct 16 2023 20: +0,1697482800
0.061,9,Oct 16 2023 21: +0,1697486400
0.049,5,Oct 16 2023 22: +0,1697490000
0.048,5,Oct 16 2023 23: +0,1697493600
0.048,2,Oct 17 2023 00: +0,1697497200
0.054,17,Oct 17 2023 01: +0,1697500800
0.048,2,Oct 17 2023 02: +0,1697504400
0.045,1,Oct 17 2023 04: +0,1697511600
0.045,2,Oct 17 2023 05: +0,1697515200
0.045,5,Oct 17 2023 06: +0,1697518800
0.045,3,Oct 17 2023 07: +0,1697522400
0.045,9,Oct 17 2023 08: +0,1697526000
0.05,1,Oct 17 2023 09: +0,1697529600
0.047,3,Oct 17 2023 10: +0,1697533200
0.048,8,Oct 17 2023 11: +0,1697536800
0.054,32,Oct 17 2023 12: +0,1697540400
0.061,12,Oct 17 2023 13: +0,1697544000
0.049,9,Oct 17 2023 14: +0,1697547600
0.045,10,Oct 17 2023 15: +0,1697551200
0.049,12,Oct 17 2023 16: +0,1697554800
0.048,7,Oct 17 2023 17: +0,1697558400
0.049,20,Oct 17 2023 18: +0,1697562000
0.066,11,Oct 17 2023 19: +0,1697565600
0.059,2,Oct 17 2023 20: +0,1697569200
0.05,7,Oct 17 2023 21: +0,1697572800
0.046,3,Oct 17 2023 22: +0,1697576400
0.042,1,Oct 17 2023 23: +0,1697580000
0.052,6,Oct 18 2023 00: +0,1697583600
0.04,1,Oct 18 2023 01: +0,1697587200
0.043,2,Oct 18 2023 02: +0,1697590800
0.048,5,Oct 18 2023 03: +0,1697594400
0.041,3,Oct 18 2023 04: +0,1697598000
0.046,1,Oct 18 2023 06: +0,1697605200
0.056,2,Oct 18 2023 07: +0,1697608800
0.049,10,Oct 18 2023 08: +0,1697612400
0.04,2,Oct 18 2023 09: +0,1697616000
0.043,7,Oct 18 2023 10: +0,1697619600
0.049,3,Oct 18 2023 11: +0,1697623200
0.061,18,Oct 18 2023 12: +0,1697626800
0.043,2,Oct 18 2023 13: +0,1697630400
0.047,18,Oct 18 2023 14: +0,1697634000
0.045,4,Oct 18 2023 15: +0,1697637600
0.045,8,Oct 18 2023 16: +0,1697641200
0.04,4,Oct 18 2023 17: +0,1697644800
0.038,8,Oct 18 2023 18: +0,1697648400
0.044,3,Oct 18 2023 19: +0,1697652000
0.044,12,Oct 18 2023 20: +0,1697655600
0.046,1,Oct 18 2023 21: +0,1697659200
0.041,7,Oct 18 2023 22: +0,1697662800
0.046,3,Oct 18 2023 23: +0,1697666400
0.045,4,Oct 19 2023 00: +0,1697670000
0.054,5,Oct 19 2023 01: +0,1697673600
0.046,3,Oct 19 2023 02: +0,1697677200
0.045,7,Oct 19 2023 03: +0,1697680800
0.041,44,Oct 19 2023 04: +0,1697684400
0.03,2,Oct 19 2023 05: +0,1697688000
0.048,27,Oct 19 2023 06: +0,1697691600
0.062,2,Oct 19 2023 07: +0,1697695200
0.07,18,Oct 19 2023 08: +0,1697698800
0.04,5,Oct 19 2023 09: +0,1697702400
0.07,25,Oct 19 2023 10: +0,1697706000
0.06,8,Oct 19 2023 11: +0,1697709600
0.045,7,Oct 19 2023 12: +0,1697713200
0.04,1,Oct 19 2023 13: +0,1697716800
0.043,6,Oct 19 2023 14: +0,1697720400
0.04,3,Oct 19 2023 15: +0,1697724000
0.042,16,Oct 19 2023 16: +0,1697727600
0.048,26,Oct 19 2023 17: +0,1697731200
0.048,5,Oct 19 2023 18: +0,1697734800
0.039,4,Oct 19 2023 19: +0,1697738400
0.06,6,Oct 19 2023 20: +0,1697742000
0.048,10,Oct 19 2023 21: +0,1697745600
0.042,6,Oct 19 2023 22: +0,1697749200
0.052,1,Oct 19 2023 23: +0,1697752800
0.04,6,Oct 20 2023 00: +0,1697756400
0.03,1,Oct 20 2023 01: +0,1697760000
0.058,4,Oct 20 2023 02: +0,1697763600
0.038,5,Oct 20 2023 03: +0,1697767200
0.04,1,Oct 20 2023 04: +0,1697770800
0.044,4,Oct 20 2023 06: +0,1697778000
0.047,9,Oct 20 2023 07: +0,1697781600
0.037,8,Oct 20 2023 09: +0,1697788800
0.039,2,Oct 20 2023 10: +0,1697792400
0.04,5,Oct 20 2023 11: +0,1697796000
0.037,6,Oct 20 2023 12: +0,1697799600
0.03,4,Oct 20 2023 13: +0,1697803200
0.03,1,Oct 20 2023 14: +0,1697806800
0.038,9,Oct 20 2023 15: +0,1697810400
0.04,6,Oct 20 2023 16: +0,1697814000
0.037,6,Oct 20 2023 17: +0,1697817600
0.041,30,Oct 20 2023 18: +0,1697821200
0.042,4,Oct 20 2023 19: +0,1697824800
0.061,7,Oct 20 2023 20: +0,1697828400
0.043,6,Oct 20 2023 21: +0,1697832000
0.043,3,Oct 20 2023 22: +0,1697835600
0.04,6,Oct 20 2023 23: +0,1697839200
0.044,3,Oct 21 2023 00: +0,1697842800
0.03,3,Oct 21 2023 01: +0,1697846400
0.04,1,Oct 21 2023 02: +0,1697850000
0.054,4,Oct 21 2023 03: +0,1697853600
0.044,1,Oct 21 2023 04: +0,1697857200
0.03,1,Oct 21 2023 05: +0,1697860800
0.042,2,Oct 21 2023 06: +0,1697864400
0.046,1,Oct 21 2023 07: +0,1697868000
0.03,2,Oct 21 2023 08: +0,1697871600
0.045,10,Oct 21 2023 09: +0,1697875200
0.043,13,Oct 21 2023 10: +0,1697878800
0.061,9,Oct 21 2023 11: +0,1697882400
0.043,1,Oct 21 2023 12: +0,1697886000
0.061,10,Oct 21 2023 13: +0,1697889600
0.05,7,Oct 21 2023 14: +0,1697893200
0.05,1,Oct 21 2023 15: +0,1697896800
0.061,6,Oct 21 2023 16: +0,1697900400
0.07,15,Oct 21 2023 17: +0,1697904000
0.061,11,Oct 21 2023 18: +0,1697907600
0.043,6,Oct 21 2023 19: +0,1697911200
0.052,33,Oct 21 2023 20: +0,1697914800
0.055,2,Oct 21 2023 21: +0,1697918400
0.043,11,Oct 21 2023 22: +0,1697922000
0.043,2,Oct 21 2023 23: +0,1697925600
0.045,1,Oct 22 2023 02: +0,1697936400
0.043,2,Oct 22 2023 04: +0,1697943600
0.047,4,Oct 22 2023 06: +0,1697950800
0.035,1,Oct 22 2023 07: +0,1697954400
0.036,2,Oct 22 2023 08: +0,1697958000
0.04,5,Oct 22 2023 09: +0,1697961600
0.04,12,Oct 22 2023 10: +0,1697965200
0.04,3,Oct 22 2023 11: +0,1697968800
0.047,3,Oct 22 2023 12: +0,1697972400
0.043,2,Oct 22 2023 13: +0,1697976000
0.04,13,Oct 22 2023 14: +0,1697979600
0.038,1,Oct 22 2023 15: +0,1697983200
0.049,9,Oct 22 2023 16: +0,1697986800
0.048,13,Oct 22 2023 17: +0,1697990400
0.038,8,Oct 22 2023 18: +0,1697994000
0.044,1,Oct 22 2023 19: +0,1697997600
0.035,1,Oct 22 2023 20: +0,1698001200
0.061,5,Oct 22 2023 21: +0,1698004800
0.03,2,Oct 22 2023 22: +0,1698008400
0.033,4,Oct 23 2023 00: +0,1698015600
0.061,5,Oct 23 2023 01: +0,1698019200
0.048,3,Oct 23 2023 02: +0,1698022800
0.034,4,Oct 23 2023 05: +0,1698033600
0.038,4,Oct 23 2023 06: +0,1698037200
0.036,4,Oct 23 2023 07: +0,1698040800
0.034,2,Oct 23 2023 08: +0,1698044400
0.036,1,Oct 23 2023 09: +0,1698048000
0.03,1,Oct 23 2023 10: +0,1698051600
0.034,11,Oct 23 2023 11: +0,1698055200
0.034,3,Oct 23 2023 12: +0,1698058800
0.03,14,Oct 23 2023 13: +0,1698062400
0.033,5,Oct 23 2023 14: +0,1698066000
0.039,7,Oct 23 2023 15: +0,1698069600
0.058,8,Oct 23 2023 16: +0,1698073200
0.03,2,Oct 23 2023 17: +0,1698076800
0.039,15,Oct 23 2023 18: +0,1698080400
0.041,2,Oct 23 2023 19: +0,1698084000
0.035,5,Oct 23 2023 20: +0,1698087600
0.037,10,Oct 23 2023 21: +0,1698091200
0.038,5,Oct 23 2023 22: +0,1698094800
0.052,1,Oct 23 2023 23: +0,1698098400
0.037,1,Oct 24 2023 02: +0,1698109200
0.048,2,Oct 24 2023 03: +0,1698112800
0.037,1,Oct 24 2023 04: +0,1698116400
0.037,2,Oct 24 2023 05: +0,1698120000
0.038,25,Oct 24 2023 06: +0,1698123600
0.044,3,Oct 24 2023 07: +0,1698127200
0.044,3,Oct 24 2023 08: +0,1698130800
0.061,5,Oct 24 2023 09: +0,1698134400
0.03,3,Oct 24 2023 10: +0,1698138000
0.042,3,Oct 24 2023 11: +0,1698141600
0.041,4,Oct 24 2023 12: +0,1698145200
0.042,1,Oct 24 2023 13: +0,1698148800
0.03,3,Oct 24 2023 14: +0,1698152400
0.039,15,Oct 24 2023 15: +0,1698156000
0.035,4,Oct 24 2023 16: +0,1698159600
0.038,9,Oct 24 2023 17: +0,1698163200
0.033,2,Oct 24 2023 18: +0,1698166800
0.038,5,Oct 24 2023 19: +0,1698170400
0.038,4,Oct 24 2023 20: +0,1698174000
0.051,4,Oct 24 2023 21: +0,1698177600
0.037,4,Oct 24 2023 22: +0,1698181200
0.053,4,Oct 24 2023 23: +0,1698184800
0.038,7,Oct 25 2023 00: +0,1698188400
0.047,35,Oct 25 2023 01: +0,1698192000
0.034,1,Oct 25 2023 02: +0,1698195600
0.036,2,Oct 25 2023 03: +0,1698199200
0.042,2,Oct 25 2023 04: +0,1698202800
0.034,5,Oct 25 2023 06: +0,1698210000
0.048,2,Oct 25 2023 07: +0,1698213600
0.04,2,Oct 25 2023 08: +0,1698217200
0.042,2,Oct 25 2023 09: +0,1698220800
0.043,4,Oct 25 2023 10: +0,1698224400
0.036,6,Oct 25 2023 11: +0,1698228000
0.043,7,Oct 25 2023 12: +0,1698231600
0.043,11,Oct 25 2023 13: +0,1698235200
0.043,2,Oct 25 2023 14: +0,1698238800
0.04,8,Oct 25 2023 15: +0,1698242400
0.039,9,Oct 25 2023 16: +0,1698246000
0.041,7,Oct 25 2023 17: +0,1698249600
0.043,5,Oct 25 2023 18: +0,1698253200
0.044,8,Oct 25 2023 19: +0,1698256800
0.042,10,Oct 25 2023 20: +0,1698260400
0.037,3,Oct 25 2023 21: +0,1698264000
0.044,10,Oct 25 2023 22: +0,1698267600
0.045,5,Oct 25 2023 23: +0,1698271200
0.045,11,Oct 26 2023 00: +0,1698274800
0.034,3,Oct 26 2023 01: +0,1698278400
0.048,2,Oct 26 2023 02: +0,1698282000
0.049,1,Oct 26 2023 03: +0,1698285600
0.054,2,Oct 26 2023 04: +0,1698289200
0.038,3,Oct 26 2023 05: +0,1698292800
0.048,3,Oct 26 2023 06: +0,1698296400
0.03,1,Oct 26 2023 08: +0,1698303600
0.038,15,Oct 26 2023 09: +0,1698307200
0.039,6,Oct 26 2023 10: +0,1698310800
0.037,1,Oct 26 2023 14: +0,1698325200
0.033,2,Oct 26 2023 15: +0,1698328800
0.037,6,Oct 26 2023 16: +0,1698332400
0.038,5,Oct 26 2023 17: +0,1698336000
0.041,9,Oct 26 2023 18: +0,1698339600
0.041,3,Oct 26 2023 19: +0,1698343200
0.035,13,Oct 26 2023 20: +0,1698346800
0.04,10,Oct 26 2023 21: +0,1698350400
0.056,2,Oct 26 2023 22: +0,1698354000
0.033,3,Oct 26 2023 23: +0,1698357600
0.033,1,Oct 27 2023 00: +0,1698361200
0.037,4,Oct 27 2023 02: +0,1698368400
0.035,5,Oct 27 2023 03: +0,1698372000
0.038,1,Oct 27 2023 04: +0,1698375600
0.04,5,Oct 27 2023 07: +0,1698386400
0.04,6,Oct 27 2023 08: +0,1698390000
0.041,6,Oct 27 2023 09: +0,1698393600
0.039,1,Oct 27 2023 11: +0,1698400800
0.039,2,Oct 27 2023 12: +0,1698404400
0.041,8,Oct 27 2023 13: +0,1698408000
0.041,5,Oct 27 2023 14: +0,1698411600
0.06,22,Oct 27 2023 15: +0,1698415200
0.041,17,Oct 27 2023 16: +0,1698418800
0.039,9,Oct 27 2023 17: +0,1698422400
0.031,2,Oct 27 2023 18: +0,1698426000
0.03,9,Oct 27 2023 19: +0,1698429600
0.037,9,Oct 27 2023 20: +0,1698433200
0.033,3,Oct 27 2023 21: +0,1698436800
0.035,2,Oct 27 2023 22: +0,1698440400
0.05,2,Oct 27 2023 23: +0,1698444000
0.03,1,Oct 28 2023 00: +0,1698447600
0.041,4,Oct 28 2023 01: +0,1698451200
0.03,2,Oct 28 2023 03: +0,1698458400
0.041,14,Oct 28 2023 04: +0,1698462000
0.045,3,Oct 28 2023 05: +0,1698465600
0.047,1,Oct 28 2023 07: +0,1698472800
0.03,3,Oct 28 2023 08: +0,1698476400
0.04,20,Oct 28 2023 09: +0,1698480000
0.037,2,Oct 28 2023 10: +0,1698483600
0.03,2,Oct 28 2023 11: +0,1698487200
0.039,26,Oct 28 2023 12: +0,1698490800
0.045,7,Oct 28 2023 13: +0,1698494400
0.039,5,Oct 28 2023 14: +0,1698498000
0.031,2,Oct 28 2023 15: +0,1698501600
0.03,6,Oct 28 2023 16: +0,1698505200
0.034,3,Oct 28 2023 17: +0,1698508800
0.039,8,Oct 28 2023 18: +0,1698512400
0.03,4,Oct 28 2023 19: +0,1698516000
0.034,6,Oct 28 2023 20: +0,1698519600
0.038,11,Oct 28 2023 21: +0,1698523200
0.038,7,Oct 28 2023 22: +0,1698526800
0.047,9,Oct 28 2023 23: +0,1698530400
0.039,1,Oct 29 2023 00: +0,1698534000
0.031,2,Oct 29 2023 01: +0,1698537600
0.036,9,Oct 29 2023 03: +0,1698548400
0.038,5,Oct 29 2023 04: +0,1698552000
0.033,1,Oct 29 2023 06: +0,1698559200
0.035,6,Oct 29 2023 08: +0,1698566400
0.034,2,Oct 29 2023 09: +0,1698570000
0.038,2,Oct 29 2023 10: +0,1698573600
0.034,5,Oct 29 2023 11: +0,1698577200
0.037,7,Oct 29 2023 12: +0,1698580800
0.036,29,Oct 29 2023 13: +0,1698584400
0.03,2,Oct 29 2023 14: +0,1698588000
0.039,16,Oct 29 2023 15: +0,1698591600
0.052,16,Oct 29 2023 16: +0,1698595200
0.036,4,Oct 29 2023 17: +0,1698598800
0.039,9,Oct 29 2023 18: +0,1698602400
0.036,11,Oct 29 2023 19: +0,1698606000
0.035,5,Oct 29 2023 20: +0,1698609600
0.057,165,Oct 29 2023 21: +0,1698613200
0.035,3,Oct 29 2023 22: +0,1698616800
0.038,1,Oct 29 2023 23: +0,1698620400
0.06,23,Oct 30 2023 00: +0,1698624000
0.05,11,Oct 30 2023 01: +0,1698627600
0.06,1,Oct 30 2023 02: +0,1698631200
0.049,2,Oct 30 2023 03: +0,1698634800
0.069,30,Oct 30 2023 05: +0,1698642000
0.037,3,Oct 30 2023 06: +0,1698645600
0.041,1,Oct 30 2023 08: +0,1698652800
0.069,131,Oct 30 2023 09: +0,1698656400
0.049,18,Oct 30 2023 10: +0,1698660000
0.043,2,Oct 30 2023 11: +0,1698663600
0.05,6,Oct 30 2023 12: +0,1698667200
0.045,8,Oct 30 2023 13: +0,1698670800
0.039,1,Oct 30 2023 14: +0,1698674400
0.041,4,Oct 30 2023 15: +0,1698678000
0.045,2,Oct 30 2023 16: +0,1698681600
0.039,2,Oct 30 2023 17: +0,1698685200
0.044,7,Oct 30 2023 18: +0,1698688800
0.052,6,Oct 30 2023 19: +0,1698692400
0.039,6,Oct 30 2023 20: +0,1698696000
0.039,1,Oct 30 2023 21: +0,1698699600
0.042,6,Oct 30 2023 22: +0,1698703200
0.043,2,Oct 30 2023 23: +0,1698706800
0.041,30,Oct 31 2023 00: +0,1698710400
0.04,2,Oct 31 2023 02: +0,1698717600
0.041,18,Oct 31 2023 03: +0,1698721200
0.042,1,Oct 31 2023 04: +0,1698724800
0.041,3,Oct 31 2023 05: +0,1698728400
0.042,1,Oct 31 2023 06: +0,1698732000
0.04,3,Oct 31 2023 07: +0,1698735600
0.043,3,Oct 31 2023 08: +0,1698739200
0.049,3,Oct 31 2023 09: +0,1698742800
0.046,2,Oct 31 2023 10: +0,1698746400
0.04,7,Oct 31 2023 11: +0,1698750000
0.05,2,Oct 31 2023 12: +0,1698753600
0.06,3,Oct 31 2023 13: +0,1698757200
0.041,2,Oct 31 2023 14: +0,1698760800
0.043,7,Oct 31 2023 15: +0,1698764400
0.04,3,Oct 31 2023 16: +0,1698768000
0.06,37,Oct 31 2023 17: +0,1698771600
0.06,6,Oct 31 2023 18: +0,1698775200
0.042,3,Oct 31 2023 19: +0,1698778800
0.04,5,Oct 31 2023 20: +0,1698782400
0.043,3,Oct 31 2023 21: +0,1698786000
0.049,6,Oct 31 2023 22: +0,1698789600
0.049,6,Oct 31 2023 23: +0,1698793200
0.049,27,Nov 01 2023 00: +0,1698796800
0.06,5,Nov 01 2023 01: +0,1698800400
0.059,5,Nov 01 2023 04: +0,1698811200
0.059,4,Nov 01 2023 05: +0,1698814800
0.047,2,Nov 01 2023 06: +0,1698818400
0.051,2,Nov 01 2023 07: +0,1698822000
0.043,1,Nov 01 2023 08: +0,1698825600
0.045,4,Nov 01 2023 09: +0,1698829200
0.057,3,Nov 01 2023 10: +0,1698832800
0.047,2,Nov 01 2023 11: +0,1698836400
0.052,12,Nov 01 2023 12: +0,1698840000
0.046,8,Nov 01 2023 14: +0,1698847200
0.06,12,Nov 01 2023 15: +0,1698850800
0.052,20,Nov 01 2023 16: +0,1698854400
0.055,6,Nov 01 2023 17: +0,1698858000
0.069,21,Nov 01 2023 18: +0,1698861600
0.06,11,Nov 01 2023 19: +0,1698865200
0.058,7,Nov 01 2023 20: +0,1698868800
0.064,6,Nov 01 2023 21: +0,1698872400
0.059,6,Nov 01 2023 22: +0,1698876000
0.06,7,Nov 01 2023 23: +0,1698879600
0.068,4,Nov 02 2023 00: +0,1698883200
0.06,2,Nov 02 2023 02: +0,1698890400
0.052,1,Nov 02 2023 03: +0,1698894000
0.06,3,Nov 02 2023 04: +0,1698897600
0.055,10,Nov 02 2023 05: +0,1698901200
0.056,9,Nov 02 2023 06: +0,1698904800
0.035,1,Nov 02 2023 07: +0,1698908400
0.06,6,Nov 02 2023 08: +0,1698912000
0.05,1,Nov 02 2023 09: +0,1698915600
0.053,4,Nov 02 2023 10: +0,1698919200
0.05,4,Nov 02 2023 11: +0,1698922800
0.056,4,Nov 02 2023 12: +0,1698926400
0.052,7,Nov 02 2023 13: +0,1698930000
0.05,3,Nov 02 2023 14: +0,1698933600
0.051,1,Nov 02 2023 15: +0,1698937200
0.053,1,Nov 02 2023 16: +0,1698940800
0.055,8,Nov 02 2023 17: +0,1698944400
0.05,3,Nov 02 2023 18: +0,1698948000
0.054,10,Nov 02 2023 19: +0,1698951600
0.062,4,Nov 02 2023 20: +0,1698955200
0.048,4,Nov 02 2023 21: +0,1698958800
0.049,2,Nov 02 2023 22: +0,1698962400
0.05,5,Nov 02 2023 23: +0,1698966000
0.069,3,Nov 03 2023 00: +0,1698969600
0.05,16,Nov 03 2023 01: +0,1698973200
0.051,1,Nov 03 2023 02: +0,1698976800
0.043,2,Nov 03 2023 03: +0,1698980400
0.051,3,Nov 03 2023 04: +0,1698984000
0.047,2,Nov 03 2023 05: +0,1698987600
0.045,4,Nov 03 2023 06: +0,1698991200
0.051,1,Nov 03 2023 07: +0,1698994800
0.05,3,Nov 03 2023 08: +0,1698998400
0.047,3,Nov 03 2023 09: +0,1699002000
0.05,3,Nov 03 2023 10: +0,1699005600
0.05,12,Nov 03 2023 11: +0,1699009200
0.049,3,Nov 03 2023 12: +0,1699012800
0.049,4,Nov 03 2023 13: +0,1699016400
0.05,6,Nov 03 2023 14: +0,1699020000
0.05,1,Nov 03 2023 15: +0,1699023600
0.05,21,Nov 03 2023 16: +0,1699027200
0.056,3,Nov 03 2023 17: +0,1699030800
0.06,24,Nov 03 2023 18: +0,1699034400
0.06,8,Nov 03 2023 19: +0,1699038000
0.062,9,Nov 03 2023 20: +0,1699041600
0.05,3,Nov 03 2023 21: +0,1699045200
0.05,9,Nov 03 2023 22: +0,1699048800
0.052,3,Nov 03 2023 23: +0,1699052400
0.057,2,Nov 04 2023 00: +0,1699056000
0.05,5,Nov 04 2023 01: +0,1699059600
0.05,1,Nov 04 2023 02: +0,1699063200
0.055,1,Nov 04 2023 03: +0,1699066800
0.05,1,Nov 04 2023 04: +0,1699070400
0.057,2,Nov 04 2023 05: +0,1699074000
0.057,5,Nov 04 2023 06: +0,1699077600
0.043,1,Nov 04 2023 07: +0,1699081200
0.043,3,Nov 04 2023 08: +0,1699084800
0.054,2,Nov 04 2023 09: +0,1699088400
0.051,1,Nov 04 2023 10: +0,1699092000
0.052,4,Nov 04 2023 11: +0,1699095600
0.048,4,Nov 04 2023 12: +0,1699099200
0.045,7,Nov 04 2023 13: +0,1699102800
0.053,8,Nov 04 2023 14: +0,1699106400
0.051,6,Nov 04 2023 15: +0,1699110000
0.05,5,Nov 04 2023 16: +0,1699113600
0.052,7,Nov 04 2023 17: +0,1699117200
0.06,17,Nov 04 2023 18: +0,1699120800
0.048,2,Nov 04 2023 19: +0,1699124400
0.054,6,Nov 04 2023 20: +0,1699128000
0.052,3,Nov 04 2023 21: +0,1699131600
0.051,4,Nov 04 2023 22: +0,1699135200
0.05,1,Nov 04 2023 23: +0,1699138800
0.061,11,Nov 05 2023 00: +0,1699142400
0.051,3,Nov 05 2023 02: +0,1699149600
0.052,1,Nov 05 2023 03: +0,1699153200
0.051,5,Nov 05 2023 04: +0,1699156800
0.06,5,Nov 05 2023 05: +0,1699160400
0.044,2,Nov 05 2023 06: +0,1699164000
0.05,3,Nov 05 2023 08: +0,1699171200
0.045,2,Nov 05 2023 09: +0,1699174800
0.057,5,Nov 05 2023 10: +0,1699178400
0.051,3,Nov 05 2023 11: +0,1699182000
0.054,5,Nov 05 2023 12: +0,1699185600
0.051,9,Nov 05 2023 13: +0,1699189200
0.051,3,Nov 05 2023 14: +0,1699192800
0.053,1,Nov 05 2023 15: +0,1699196400
0.049,7,Nov 05 2023 16: +0,1699200000
0.047,3,Nov 05 2023 17: +0,1699203600
0.045,16,Nov 05 2023 18: +0,1699207200
0.051,6,Nov 05 2023 19: +0,1699210800
0.051,12,Nov 05 2023 20: +0,1699214400
0.044,5,Nov 05 2023 21: +0,1699218000
0.052,4,Nov 05 2023 22: +0,1699221600
0.057,6,Nov 05 2023 23: +0,1699225200
0.051,4,Nov 06 2023 00: +0,1699228800
0.073,3,Nov 06 2023 01: +0,1699232400
0.045,2,Nov 06 2023 04: +0,1699243200
0.062,2,Nov 06 2023 05: +0,1699246800
0.055,3,Nov 06 2023 06: +0,1699250400
0.045,2,Nov 06 2023 07: +0,1699254000
0.045,1,Nov 06 2023 08: +0,1699257600
0.052,1,Nov 06 2023 10: +0,1699264800
0.052,3,Nov 06 2023 11: +0,1699268400
0.054,8,Nov 06 2023 12: +0,1699272000
0.048,2,Nov 06 2023 13: +0,1699275600
0.05,9,Nov 06 2023 14: +0,1699279200
0.055,8,Nov 06 2023 15: +0,1699282800
0.054,11,Nov 06 2023 16: +0,1699286400
0.051,8,Nov 06 2023 17: +0,1699290000
0.05,6,Nov 06 2023 18: +0,1699293600
0.047,15,Nov 06 2023 19: +0,1699297200
0.058,13,Nov 06 2023 20: +0,1699300800
0.058,12,Nov 06 2023 21: +0,1699304400
0.04,1,Nov 06 2023 22: +0,1699308000
0.05,19,Nov 06 2023 23: +0,1699311600
0.059,32,Nov 07 2023 00: +0,1699315200
0.052,3,Nov 07 2023 02: +0,1699322400
0.05,1,Nov 07 2023 04: +0,1699329600
0.05,2,Nov 07 2023 05: +0,1699333200
0.052,4,Nov 07 2023 06: +0,1699336800
0.048,1,Nov 07 2023 08: +0,1699344000
0.039,2,Nov 07 2023 09: +0,1699347600
0.055,5,Nov 07 2023 10: +0,1699351200
0.049,2,Nov 07 2023 11: +0,1699354800
0.05,6,Nov 07 2023 12: +0,1699358400
0.055,9,Nov 07 2023 13: +0,1699362000
0.069,12,Nov 07 2023 14: +0,1699365600
0.05,4,Nov 07 2023 15: +0,1699369200
0.054,2,Nov 07 2023 16: +0,1699372800
0.046,5,Nov 07 2023 17: +0,1699376400
0.069,1,Nov 07 2023 18: +0,1699380000
0.053,3,Nov 07 2023 19: +0,1699383600
0.05,2,Nov 07 2023 20: +0,1699387200
0.052,8,Nov 07 2023 21: +0,1699390800
0.052,5,Nov 07 2023 22: +0,1699394400
0.049,1,Nov 07 2023 23: +0,1699398000
0.052,4,Nov 08 2023 00: +0,1699401600
0.049,3,Nov 08 2023 01: +0,1699405200
0.048,1,Nov 08 2023 02: +0,1699408800
0.047,1,Nov 08 2023 03: +0,1699412400
0.053,10,Nov 08 2023 04: +0,1699416000
0.047,4,Nov 08 2023 06: +0,1699423200
0.058,1,Nov 08 2023 07: +0,1699426800
0.052,5,Nov 08 2023 08: +0,1699430400
0.052,5,Nov 08 2023 09: +0,1699434000
0.049,4,Nov 08 2023 10: +0,1699437600
0.043,3,Nov 08 2023 11: +0,1699441200
0.053,1,Nov 08 2023 12: +0,1699444800
0.051,1,Nov 08 2023 13: +0,1699448400
0.051,4,Nov 08 2023 14: +0,1699452000
0.049,13,Nov 08 2023 15: +0,1699455600
0.053,15,Nov 08 2023 16: +0,1699459200
0.048,1,Nov 08 2023 17: +0,1699462800
0.05,2,Nov 08 2023 18: +0,1699466400
0.046,1,Nov 08 2023 19: +0,1699470000
0.05,2,Nov 08 2023 20: +0,1699473600
0.052,11,Nov 08 2023 21: +0,1699477200
0.058,8,Nov 08 2023 22: +0,1699480800
0.058,3,Nov 09 2023 00: +0,1699488000
0.058,1,Nov 09 2023 02: +0,1699495200
0.062,4,Nov 09 2023 04: +0,1699502400
0.052,1,Nov 09 2023 05: +0,1699506000
0.049,3,Nov 09 2023 06: +0,1699509600
0.046,1,Nov 09 2023 07: +0,1699513200
0.051,2,Nov 09 2023 08: +0,1699516800
0.05,2,Nov 09 2023 09: +0,1699520400
0.046,2,Nov 09 2023 10: +0,1699524000
0.051,4,Nov 09 2023 11: +0,1699527600
0.045,4,Nov 09 2023 12: +0,1699531200
0.049,7,Nov 09 2023 13: +0,1699534800
0.056,2,Nov 09 2023 14: +0,1699538400
0.069,7,Nov 09 2023 15: +0,1699542000
0.044,3,Nov 09 2023 16: +0,1699545600
0.047,2,Nov 09 2023 17: +0,1699549200
0.042,2,Nov 09 2023 18: +0,1699552800
0.049,6,Nov 09 2023 19: +0,1699556400
0.047,2,Nov 09 2023 20: +0,1699560000
0.049,9,Nov 09 2023 21: +0,1699563600
0.05,17,Nov 09 2023 22: +0,1699567200
0.064,4,Nov 09 2023 23: +0,1699570800
0.034,1,Nov 10 2023 00: +0,1699574400
0.064,4,Nov 10 2023 05: +0,1699592400
0.072,4,Nov 10 2023 06: +0,1699596000
0.047,1,Nov 10 2023 07: +0,1699599600
0.052,4,Nov 10 2023 08: +0,1699603200
0.052,1,Nov 10 2023 10: +0,1699610400
0.049,1,Nov 10 2023 11: +0,1699614000
0.049,2,Nov 10 2023 12: +0,1699617600
0.05,2,Nov 10 2023 13: +0,1699621200
0.045,5,Nov 10 2023 14: +0,1699624800
0.047,3,Nov 10 2023 15: +0,1699628400
0.048,11,Nov 10 2023 16: +0,1699632000
0.049,3,Nov 10 2023 17: +0,1699635600
0.052,2,Nov 10 2023 18: +0,1699639200
0.044,91,Nov 10 2023 19: +0,1699642800
0.046,9,Nov 10 2023 20: +0,1699646400
0.048,11,Nov 10 2023 21: +0,1699650000
0.044,4,Nov 10 2023 23: +0,1699657200
0.048,6,Nov 11 2023 00: +0,1699660800
0.045,1,Nov 11 2023 01: +0,1699664400
0.052,5,Nov 11 2023 02: +0,1699668000
0.044,3,Nov 11 2023 03: +0,1699671600
0.046,1,Nov 11 2023 04: +0,1699675200
0.044,3,Nov 11 2023 05: +0,1699678800
0.048,4,Nov 11 2023 06: +0,1699682400
0.052,4,Nov 11 2023 07: +0,1699686000
0.047,1,Nov 11 2023 08: +0,1699689600
0.053,12,Nov 11 2023 09: +0,1699693200
0.044,2,Nov 11 2023 10: +0,1699696800
0.046,4,Nov 11 2023 11: +0,1699700400
0.046,4,Nov 11 2023 12: +0,1699704000
0.051,2,Nov 11 2023 13: +0,1699707600
0.048,11,Nov 11 2023 14: +0,1699711200
0.046,7,Nov 11 2023 15: +0,1699714800
0.049,6,Nov 11 2023 16: +0,1699718400
0.048,10,Nov 11 2023 18: +0,1699725600
0.049,5,Nov 11 2023 19: +0,1699729200
0.048,5,Nov 11 2023 21: +0,1699736400
0.049,7,Nov 11 2023 22: +0,1699740000
0.051,19,Nov 11 2023 23: +0,1699743600
0.053,5,Nov 12 2023 00: +0,1699747200
0.064,1,Nov 12 2023 04: +0,1699761600
0.053,2,Nov 12 2023 05: +0,1699765200
0.05,2,Nov 12 2023 06: +0,1699768800
0.064,2,Nov 12 2023 07: +0,1699772400
0.051,3,Nov 12 2023 08: +0,1699776000
0.05,4,Nov 12 2023 09: +0,1699779600
0.05,9,Nov 12 2023 11: +0,1699786800
0.069,4,Nov 12 2023 12: +0,1699790400
0.049,11,Nov 12 2023 13: +0,1699794000
0.043,1,Nov 12 2023 14: +0,1699797600
0.047,3,Nov 12 2023 15: +0,1699801200
0.051,3,Nov 12 2023 16: +0,1699804800
0.059,2,Nov 12 2023 17: +0,1699808400
0.049,3,Nov 12 2023 18: +0,1699812000
0.049,4,Nov 12 2023 19: +0,1699815600
0.051,7,Nov 12 2023 20: +0,1699819200
0.04,3,Nov 12 2023 21: +0,1699822800
0.046,6,Nov 12 2023 22: +0,1699826400
0.046,1,Nov 12 2023 23: +0,1699830000
0.048,3,Nov 13 2023 01: +0,1699837200
0.06,5,Nov 13 2023 03: +0,1699844400
0.051,2,Nov 13 2023 04: +0,1699848000
0.044,1,Nov 13 2023 05: +0,1699851600
0.057,10,Nov 13 2023 06: +0,1699855200
0.05,2,Nov 13 2023 07: +0,1699858800
0.047,8,Nov 13 2023 10: +0,1699869600
0.048,5,Nov 13 2023 11: +0,1699873200
0.049,2,Nov 13 2023 12: +0,1699876800
0.05,1,Nov 13 2023 13: +0,1699880400
0.046,2,Nov 13 2023 14: +0,1699884000
0.045,5,Nov 13 2023 15: +0,1699887600
0.069,6,Nov 13 2023 16: +0,1699891200
0.049,1,Nov 13 2023 17: +0,1699894800
0.048,4,Nov 13 2023 18: +0,1699898400
0.05,3,Nov 13 2023 19: +0,1699902000
0.047,2,Nov 13 2023 20: +0,1699905600
0.048,4,Nov 13 2023 21: +0,1699909200
0.043,1,Nov 13 2023 22: +0,1699912800
0.048,1,Nov 13 2023 23: +0,1699916400
0.049,1,Nov 14 2023 00: +0,1699920000
0.045,1,Nov 14 2023 02: +0,1699927200
0.043,3,Nov 14 2023 03: +0,1699930800
0.044,1,Nov 14 2023 06: +0,1699941600
0.041,2,Nov 14 2023 10: +0,1699956000
0.044,9,Nov 14 2023 11: +0,1699959600
0.03,1,Nov 14 2023 12: +0,1699963200
0.047,10,Nov 14 2023 13: +0,1699966800
0.044,3,Nov 14 2023 14: +0,1699970400
0.048,7,Nov 14 2023 15: +0,1699974000
0.043,4,Nov 14 2023 16: +0,1699977600
0.045,8,Nov 14 2023 17: +0,1699981200
0.047,4,Nov 14 2023 18: +0,1699984800
0.047,11,Nov 14 2023 19: +0,1699988400
0.048,3,Nov 14 2023 20: +0,1699992000
0.048,9,Nov 14 2023 21: +0,1699995600
0.04,33,Nov 14 2023 23: +0,1700002800
0.044,1,Nov 15 2023 00: +0,1700006400
0.043,1,Nov 15 2023 01: +0,1700010000
0.041,1,Nov 15 2023 02: +0,1700013600
0.044,7,Nov 15 2023 05: +0,1700024400
0.047,4,Nov 15 2023 09: +0,1700038800
0.036,1,Nov 15 2023 10: +0,1700042400
0.039,2,Nov 15 2023 12: +0,1700049600
0.044,8,Nov 15 2023 13: +0,1700053200
0.046,5,Nov 15 2023 14: +0,1700056800
0.04,1,Nov 15 2023 15: +0,1700060400
0.044,6,Nov 15 2023 17: +0,1700067600
0.045,12,Nov 15 2023 18: +0,1700071200
0.044,4,Nov 15 2023 19: +0,1700074800
0.044,5,Nov 15 2023 20: +0,1700078400
0.033,2,Nov 15 2023 21: +0,1700082000
0.045,4,Nov 15 2023 22: +0,1700085600
0.041,5,Nov 15 2023 23: +0,1700089200
0.046,4,Nov 16 2023 00: +0,1700092800
0.045,1,Nov 16 2023 02: +0,1700100000
0.037,8,Nov 16 2023 03: +0,1700103600
0.045,1,Nov 16 2023 04: +0,1700107200
0.041,2,Nov 16 2023 07: +0,1700118000
0.047,25,Nov 16 2023 08: +0,1700121600
0.04,5,Nov 16 2023 09: +0,1700125200
0.05,4,Nov 16 2023 10: +0,1700128800
0.044,2,Nov 16 2023 11: +0,1700132400
0.045,2,Nov 16 2023 12: +0,1700136000
0.046,5,Nov 16 2023 13: +0,1700139600
0.042,1,Nov 16 2023 14: +0,1700143200
0.064,23,Nov 16 2023 15: +0,1700146800
0.043,3,Nov 16 2023 16: +0,1700150400
0.043,4,Nov 16 2023 17: +0,1700154000
0.047,2,Nov 16 2023 18: +0,1700157600
0.041,2,Nov 16 2023 19: +0,1700161200
0.045,9,Nov 16 2023 20: +0,1700164800
0.045,5,Nov 16 2023 21: +0,1700168400
0.07,22,Nov 16 2023 22: +0,1700172000
0.046,1,Nov 17 2023 00: +0,1700179200
0.046,4,Nov 17 2023 01: +0,1700182800
0.046,6,Nov 17 2023 02: +0,1700186400
0.049,2,Nov 17 2023 03: +0,1700190000
0.045,1,Nov 17 2023 04: +0,1700193600
0.046,4,Nov 17 2023 06: +0,1700200800
0.044,1,Nov 17 2023 07: +0,1700204400
0.045,5,Nov 17 2023 08: +0,1700208000
0.045,3,Nov 17 2023 09: +0,1700211600
0.045,3,Nov 17 2023 10: +0,1700215200
0.045,3,Nov 17 2023 11: +0,1700218800
0.045,4,Nov 17 2023 12: +0,1700222400
0.048,1,Nov 17 2023 13: +0,1700226000
0.064,4,Nov 17 2023 14: +0,1700229600
0.045,37,Nov 17 2023 15: +0,1700233200
0.045,14,Nov 17 2023 16: +0,1700236800
0.044,6,Nov 17 2023 17: +0,1700240400
0.045,9,Nov 17 2023 18: +0,1700244000
0.047,1,Nov 17 2023 19: +0,1700247600
0.044,5,Nov 17 2023 20: +0,1700251200
0.04,3,Nov 17 2023 21: +0,1700254800
0.042,4,Nov 17 2023 22: +0,1700258400
0.061,2,Nov 17 2023 23: +0,1700262000
0.061,8,Nov 18 2023 00: +0,1700265600
0.044,2,Nov 18 2023 01: +0,1700269200
0.036,1,Nov 18 2023 02: +0,1700272800
0.042,3,Nov 18 2023 03: +0,1700276400
0.044,7,Nov 18 2023 04: +0,1700280000
0.046,1,Nov 18 2023 05: +0,1700283600
0.07,1,Nov 18 2023 06: +0,1700287200
0.047,16,Nov 18 2023 07: +0,1700290800
0.051,5,Nov 18 2023 08: +0,1700294400
0.052,3,Nov 18 2023 09: +0,1700298000
0.054,4,Nov 18 2023 10: +0,1700301600
0.045,2,Nov 18 2023 11: +0,1700305200
0.049,2,Nov 18 2023 12: +0,1700308800
0.051,4,Nov 18 2023 14: +0,1700316000
0.051,3,Nov 18 2023 15: +0,1700319600
0.042,2,Nov 18 2023 16: +0,1700323200
0.043,3,Nov 18 2023 17: +0,1700326800
0.04,3,Nov 18 2023 18: +0,1700330400
0.045,1,Nov 18 2023 19: +0,1700334000
0.04,3,Nov 18 2023 20: +0,1700337600
0.042,3,Nov 18 2023 21: +0,1700341200
0.035,2,Nov 18 2023 23: +0,1700348400
0.044,1,Nov 19 2023 00: +0,1700352000
0.056,6,Nov 19 2023 01: +0,1700355600
0.041,4,Nov 19 2023 02: +0,1700359200
0.037,5,Nov 19 2023 03: +0,1700362800
0.035,1,Nov 19 2023 05: +0,1700370000
0.041,9,Nov 19 2023 06: +0,1700373600
0.039,4,Nov 19 2023 07: +0,1700377200
0.039,2,Nov 19 2023 08: +0,1700380800
0.041,1,Nov 19 2023 09: +0,1700384400
0.043,4,Nov 19 2023 10: +0,1700388000
0.044,1,Nov 19 2023 11: +0,1700391600
0.04,2,Nov 19 2023 12: +0,1700395200
0.04,9,Nov 19 2023 13: +0,1700398800
0.038,2,Nov 19 2023 14: +0,1700402400
0.04,1,Nov 19 2023 15: +0,1700406000
0.043,11,Nov 19 2023 16: +0,1700409600
0.041,3,Nov 19 2023 17: +0,1700413200
0.04,1,Nov 19 2023 18: +0,1700416800
0.041,5,Nov 19 2023 19: +0,1700420400
0.036,2,Nov 19 2023 20: +0,1700424000
0.057,8,Nov 19 2023 21: +0,1700427600
0.038,1,Nov 19 2023 22: +0,1700431200
0.03,2,Nov 19 2023 23: +0,1700434800
0.033,2,Nov 20 2023 00: +0,1700438400
0.04,3,Nov 20 2023 01: +0,1700442000
0.038,2,Nov 20 2023 02: +0,1700445600
0.035,3,Nov 20 2023 04: +0,1700452800
0.038,1,Nov 20 2023 05: +0,1700456400
0.04,1,Nov 20 2023 06: +0,1700460000
0.038,2,Nov 20 2023 07: +0,1700463600
0.035,1,Nov 20 2023 08: +0,1700467200
0.043,7,Nov 20 2023 09: +0,1700470800
0.038,1,Nov 20 2023 10: +0,1700474400
0.039,3,Nov 20 2023 11: +0,1700478000
0.036,1,Nov 20 2023 12: +0,1700481600
0.04,13,Nov 20 2023 13: +0,1700485200
0.061,103,Nov 20 2023 14: +0,1700488800
0.038,2,Nov 20 2023 15: +0,1700492400
0.04,5,Nov 20 2023 16: +0,1700496000
0.03,7,Nov 20 2023 17: +0,1700499600
0.061,4,Nov 20 2023 18: +0,1700503200
0.045,3,Nov 20 2023 19: +0,1700506800
0.031,2,Nov 20 2023 20: +0,1700510400
0.044,7,Nov 20 2023 21: +0,1700514000
0.03,6,Nov 20 2023 22: +0,1700517600
0.04,1,Nov 20 2023 23: +0,1700521200
0.039,2,Nov 21 2023 04: +0,1700539200
0.04,13,Nov 21 2023 06: +0,1700546400
0.054,2,Nov 21 2023 07: +0,1700550000
0.039,1,Nov 21 2023 08: +0,1700553600
0.039,6,Nov 21 2023 10: +0,1700560800
0.036,4,Nov 21 2023 11: +0,1700564400
0.04,3,Nov 21 2023 12: +0,1700568000
0.043,2,Nov 21 2023 13: +0,1700571600
0.046,4,Nov 21 2023 14: +0,1700575200
0.052,7,Nov 21 2023 16: +0,1700582400
0.034,1,Nov 21 2023 17: +0,1700586000
0.047,5,Nov 21 2023 18: +0,1700589600
0.049,5,Nov 21 2023 19: +0,1700593200
0.056,6,Nov 21 2023 20: +0,1700596800
0.032,1,Nov 21 2023 21: +0,1700600400
0.033,2,Nov 21 2023 22: +0,1700604000
0.036,1,Nov 21 2023 23: +0,1700607600
0.038,2,Nov 22 2023 00: +0,1700611200
0.04,2,Nov 22 2023 01: +0,1700614800
0.036,3,Nov 22 2023 02: +0,1700618400
0.064,8,Nov 22 2023 04: +0,1700625600
0.033,2,Nov 22 2023 05: +0,1700629200
0.046,1,Nov 22 2023 06: +0,1700632800
0.045,1,Nov 22 2023 07: +0,1700636400
0.046,6,Nov 22 2023 08: +0,1700640000
0.04,1,Nov 22 2023 09: +0,1700643600
0.039,2,Nov 22 2023 10: +0,1700647200
0.036,1,Nov 22 2023 11: +0,1700650800
0.042,1,Nov 22 2023 12: +0,1700654400
0.04,4,Nov 22 2023 13: +0,1700658000
0.042,4,Nov 22 2023 14: +0,1700661600
0.041,7,Nov 22 2023 15: +0,1700665200
0.04,4,Nov 22 2023 16: +0,1700668800
0.038,7,Nov 22 2023 17: +0,1700672400
0.042,3,Nov 22 2023 18: +0,1700676000
0.046,3,Nov 22 2023 19: +0,1700679600
0.041,3,Nov 22 2023 20: +0,1700683200
0.047,2,Nov 22 2023 21: +0,1700686800
0.031,1,Nov 22 2023 23: +0,1700694000
0.04,1,Nov 23 2023 00: +0,1700697600
0.04,2,Nov 23 2023 01: +0,1700701200
0.041,1,Nov 23 2023 02: +0,1700704800
0.035,4,Nov 23 2023 03: +0,1700708400
0.041,3,Nov 23 2023 04: +0,1700712000
0.033,2,Nov 23 2023 06: +0,1700719200
0.039,7,Nov 23 2023 07: +0,1700722800
0.041,2,Nov 23 2023 10: +0,1700733600
0.035,16,Nov 23 2023 11: +0,1700737200
0.038,3,Nov 23 2023 12: +0,1700740800
0.039,2,Nov 23 2023 13: +0,1700744400
0.04,1,Nov 23 2023 14: +0,1700748000
0.038,2,Nov 23 2023 15: +0,1700751600
0.038,6,Nov 23 2023 16: +0,1700755200
0.036,3,Nov 23 2023 17: +0,1700758800
0.041,2,Nov 23 2023 18: +0,1700762400
0.044,11,Nov 23 2023 19: +0,1700766000
0.04,13,Nov 23 2023 20: +0,1700769600
0.043,2,Nov 23 2023 21: +0,1700773200
0.042,4,Nov 23 2023 22: +0,1700776800
0.037,1,Nov 23 2023 23: +0,1700780400
0.037,1,Nov 24 2023 00: +0,1700784000
0.039,2,Nov 24 2023 01: +0,1700787600
0.037,2,Nov 24 2023 02: +0,1700791200
0.034,1,Nov 24 2023 03: +0,1700794800
0.036,4,Nov 24 2023 05: +0,1700802000
0.037,3,Nov 24 2023 06: +0,1700805600
0.031,1,Nov 24 2023 09: +0,1700816400
0.04,2,Nov 24 2023 10: +0,1700820000
0.04,3,Nov 24 2023 11: +0,1700823600
0.038,6,Nov 24 2023 12: +0,1700827200
0.036,1,Nov 24 2023 13: +0,1700830800
0.032,8,Nov 24 2023 15: +0,1700838000
0.04,2,Nov 24 2023 16: +0,1700841600
0.039,3,Nov 24 2023 17: +0,1700845200
0.041,6,Nov 24 2023 18: +0,1700848800
0.042,3,Nov 24 2023 19: +0,1700852400
0.039,3,Nov 24 2023 20: +0,1700856000
0.039,4,Nov 24 2023 21: +0,1700859600
0.041,4,Nov 24 2023 22: +0,1700863200
0.04,4,Nov 24 2023 23: +0,1700866800
0.053,8,Nov 25 2023 00: +0,1700870400
0.044,2,Nov 25 2023 01: +0,1700874000
0.039,1,Nov 25 2023 02: +0,1700877600
0.041,3,Nov 25 2023 04: +0,1700884800
0.036,4,Nov 25 2023 05: +0,1700888400
0.037,4,Nov 25 2023 06: +0,1700892000
0.036,2,Nov 25 2023 07: +0,1700895600
0.042,4,Nov 25 2023 08: +0,1700899200
0.037,1,Nov 25 2023 09: +0,1700902800
0.034,4,Nov 25 2023 10: +0,1700906400
0.033,6,Nov 25 2023 11: +0,1700910000
0.039,3,Nov 25 2023 12: +0,1700913600
0.041,4,Nov 25 2023 13: +0,1700917200
0.041,4,Nov 25 2023 14: +0,1700920800
0.037,20,Nov 25 2023 15: +0,1700924400
0.046,3,Nov 25 2023 16: +0,1700928000
0.046,5,Nov 25 2023 17: +0,1700931600
0.03,2,Nov 25 2023 18: +0,1700935200
0.041,7,Nov 25 2023 19: +0,1700938800
0.052,9,Nov 25 2023 20: +0,1700942400
0.049,4,Nov 25 2023 21: +0,1700946000
0.052,3,Nov 25 2023 22: +0,1700949600
0.039,1,Nov 25 2023 23: +0,1700953200
0.035,2,Nov 26 2023 00: +0,1700956800
0.041,1,Nov 26 2023 04: +0,1700971200
0.045,20,Nov 26 2023 05: +0,1700974800
0.03,1,Nov 26 2023 06: +0,1700978400
0.033,5,Nov 26 2023 07: +0,1700982000
0.035,2,Nov 26 2023 08: +0,1700985600
0.039,4,Nov 26 2023 09: +0,1700989200
0.034,2,Nov 26 2023 10: +0,1700992800
0.052,2,Nov 26 2023 11: +0,1700996400
0.041,1,Nov 26 2023 12: +0,1701000000
0.041,3,Nov 26 2023 13: +0,1701003600
0.044,7,Nov 26 2023 14: +0,1701007200
0.038,6,Nov 26 2023 15: +0,1701010800
0.044,7,Nov 26 2023 16: +0,1701014400
0.041,13,Nov 26 2023 17: +0,1701018000
0.044,12,Nov 26 2023 18: +0,1701021600
0.042,2,Nov 26 2023 19: +0,1701025200
0.03,7,Nov 26 2023 21: +0,1701032400
0.04,4,Nov 26 2023 22: +0,1701036000
0.041,6,Nov 26 2023 23: +0,1701039600
0.044,3,Nov 27 2023 00: +0,1701043200
0.037,2,Nov 27 2023 01: +0,1701046800
0.038,1,Nov 27 2023 02: +0,1701050400
0.038,1,Nov 27 2023 03: +0,1701054000
0.038,1,Nov 27 2023 05: +0,1701061200
0.056,4,Nov 27 2023 06: +0,1701064800
0.052,7,Nov 27 2023 07: +0,1701068400
0.039,3,Nov 27 2023 09: +0,1701075600
0.037,6,Nov 27 2023 10: +0,1701079200
0.033,4,Nov 27 2023 11: +0,1701082800
0.04,1,Nov 27 2023 12: +0,1701086400
0.04,6,Nov 27 2023 13: +0,1701090000
0.042,4,Nov 27 2023 14: +0,1701093600
0.039,10,Nov 27 2023 15: +0,1701097200
0.04,11,Nov 27 2023 16: +0,1701100800
0.03,2,Nov 27 2023 17: +0,1701104400
0.04,4,Nov 27 2023 18: +0,1701108000
0.041,6,Nov 27 2023 19: +0,1701111600
0.042,1,Nov 27 2023 20: +0,1701115200
0.041,7,Nov 27 2023 21: +0,1701118800
0.036,10,Nov 27 2023 22: +0,1701122400
0.038,3,Nov 27 2023 23: +0,1701126000
0.04,7,Nov 28 2023 00: +0,1701129600
0.033,5,Nov 28 2023 01: +0,1701133200
0.036,6,Nov 28 2023 02: +0,1701136800
0.036,1,Nov 28 2023 03: +0,1701140400
0.04,1,Nov 28 2023 04: +0,1701144000
0.043,1,Nov 28 2023 05: +0,1701147600
0.042,3,Nov 28 2023 06: +0,1701151200
0.04,5,Nov 28 2023 07: +0,1701154800
0.036,1,Nov 28 2023 08: +0,1701158400
0.042,1,Nov 28 2023 09: +0,1701162000
0.042,1,Nov 28 2023 10: +0,1701165600
0.044,131,Nov 28 2023 11: +0,1701169200
0.04,2,Nov 28 2023 12: +0,1701172800
0.04,3,Nov 28 2023 13: +0,1701176400
0.05,6,Nov 28 2023 14: +0,1701180000
0.049,1,Nov 28 2023 15: +0,1701183600
0.04,5,Nov 28 2023 16: +0,1701187200
0.04,1,Nov 28 2023 17: +0,1701190800
0.041,3,Nov 28 2023 18: +0,1701194400
0.042,3,Nov 28 2023 19: +0,1701198000
0.033,2,Nov 28 2023 20: +0,1701201600
0.045,5,Nov 28 2023 21: +0,1701205200
0.041,3,Nov 28 2023 22: +0,1701208800
0.042,1,Nov 28 2023 23: +0,1701212400
0.046,3,Nov 29 2023 00: +0,1701216000
0.036,1,Nov 29 2023 01: +0,1701219600
0.053,12,Nov 29 2023 02: +0,1701223200
0.046,1,Nov 29 2023 07: +0,1701241200
0.038,1,Nov 29 2023 08: +0,1701244800
0.046,4,Nov 29 2023 09: +0,1701248400
0.047,4,Nov 29 2023 10: +0,1701252000
0.047,1,Nov 29 2023 11: +0,1701255600
0.04,6,Nov 29 2023 12: +0,1701259200
0.04,1,Nov 29 2023 13: +0,1701262800
0.04,1,Nov 29 2023 14: +0,1701266400
0.034,1,Nov 29 2023 15: +0,1701270000
0.044,5,Nov 29 2023 16: +0,1701273600
0.038,2,Nov 29 2023 17: +0,1701277200
0.037,13,Nov 29 2023 18: +0,1701280800
0.046,12,Nov 29 2023 19: +0,1701284400
0.043,6,Nov 29 2023 20: +0,1701288000
0.044,2,Nov 29 2023 21: +0,1701291600
0.045,4,Nov 29 2023 23: +0,1701298800
0.053,1,Nov 30 2023 00: +0,1701302400
0.046,2,Nov 30 2023 01: +0,1701306000
0.046,3,Nov 30 2023 02: +0,1701309600
0.037,6,Nov 30 2023 03: +0,1701313200
0.036,3,Nov 30 2023 07: +0,1701327600
0.041,3,Nov 30 2023 09: +0,1701334800
0.054,2,Nov 30 2023 10: +0,1701338400
0.053,6,Nov 30 2023 11: +0,1701342000
0.061,2,Nov 30 2023 12: +0,1701345600
0.047,2,Nov 30 2023 13: +0,1701349200
0.053,5,Nov 30 2023 14: +0,1701352800
0.053,3,Nov 30 2023 15: +0,1701356400
0.041,4,Nov 30 2023 16: +0,1701360000
0.047,2,Nov 30 2023 17: +0,1701363600
0.037,3,Nov 30 2023 18: +0,1701367200
0.053,13,Nov 30 2023 19: +0,1701370800
0.056,1,Nov 30 2023 20: +0,1701374400
0.036,2,Nov 30 2023 21: +0,1701378000
0.034,2,Nov 30 2023 22: +0,1701381600
0.037,2,Nov 30 2023 23: +0,1701385200
0.042,2,Dec 01 2023 00: +0,1701388800
0.052,1,Dec 01 2023 02: +0,1701396000
0.042,3,Dec 01 2023 03: +0,1701399600
0.041,1,Dec 01 2023 05: +0,1701406800
0.037,1,Dec 01 2023 06: +0,1701410400
0.037,2,Dec 01 2023 08: +0,1701417600
0.042,2,Dec 01 2023 09: +0,1701421200
0.045,2,Dec 01 2023 10: +0,1701424800
0.052,11,Dec 01 2023 11: +0,1701428400
0.037,5,Dec 01 2023 12: +0,1701432000
0.03,1,Dec 01 2023 13: +0,1701435600
0.052,10,Dec 01 2023 14: +0,1701439200
0.036,12,Dec 01 2023 15: +0,1701442800
0.052,3,Dec 01 2023 16: +0,1701446400
0.041,4,Dec 01 2023 17: +0,1701450000
0.045,4,Dec 01 2023 18: +0,1701453600
0.041,6,Dec 01 2023 19: +0,1701457200
0.044,7,Dec 01 2023 20: +0,1701460800
0.045,2,Dec 01 2023 21: +0,1701464400
0.053,6,Dec 01 2023 22: +0,1701468000
0.045,1,Dec 01 2023 23: +0,1701471600
0.037,1,Dec 02 2023 00: +0,1701475200
0.037,6,Dec 02 2023 06: +0,1701496800
0.052,1,Dec 02 2023 08: +0,1701504000
0.043,4,Dec 02 2023 09: +0,1701507600
0.037,5,Dec 02 2023 10: +0,1701511200
0.032,1,Dec 02 2023 11: +0,1701514800
0.042,6,Dec 02 2023 12: +0,1701518400
0.052,1,Dec 02 2023 13: +0,1701522000
0.041,3,Dec 02 2023 14: +0,1701525600
0.042,5,Dec 02 2023 15: +0,1701529200
0.042,13,Dec 02 2023 16: +0,1701532800
0.037,4,Dec 02 2023 17: +0,1701536400
0.04,3,Dec 02 2023 18: +0,1701540000
0.043,5,Dec 02 2023 19: +0,1701543600
0.036,1,Dec 02 2023 20: +0,1701547200
0.046,7,Dec 02 2023 21: +0,1701550800
0.052,3,Dec 02 2023 23: +0,1701558000
0.044,6,Dec 03 2023 01: +0,1701565200
0.052,1,Dec 03 2023 02: +0,1701568800
0.041,2,Dec 03 2023 03: +0,1701572400
0.045,7,Dec 03 2023 07: +0,1701586800
0.032,2,Dec 03 2023 08: +0,1701590400
0.056,1,Dec 03 2023 09: +0,1701594000
0.045,3,Dec 03 2023 10: +0,1701597600
0.061,6,Dec 03 2023 11: +0,1701601200
0.046,7,Dec 03 2023 12: +0,1701604800
0.052,4,Dec 03 2023 14: +0,1701612000
0.052,2,Dec 03 2023 15: +0,1701615600
0.042,3,Dec 03 2023 16: +0,1701619200
0.035,2,Dec 03 2023 17: +0,1701622800
0.035,1,Dec 03 2023 18: +0,1701626400
0.034,12,Dec 03 2023 19: +0,1701630000
0.04,4,Dec 03 2023 20: +0,1701633600
0.037,14,Dec 03 2023 21: +0,1701637200
0.037,2,Dec 03 2023 22: +0,1701640800
0.035,3,Dec 03 2023 23: +0,1701644400
0.034,6,Dec 04 2023 00: +0,1701648000
0.03,1,Dec 04 2023 01: +0,1701651600
0.034,1,Dec 04 2023 02: +0,1701655200
0.034,3,Dec 04 2023 03: +0,1701658800
0.03,1,Dec 04 2023 04: +0,1701662400
0.056,5,Dec 04 2023 06: +0,1701669600
0.035,1,Dec 04 2023 07: +0,1701673200
0.037,1,Dec 04 2023 08: +0,1701676800
0.037,3,Dec 04 2023 09: +0,1701680400
0.039,6,Dec 04 2023 10: +0,1701684000
0.04,6,Dec 04 2023 11: +0,1701687600
0.034,3,Dec 04 2023 12: +0,1701691200
0.038,4,Dec 04 2023 13: +0,1701694800
0.035,5,Dec 04 2023 14: +0,1701698400
0.035,3,Dec 04 2023 15: +0,1701702000
0.039,8,Dec 04 2023 16: +0,1701705600
0.033,4,Dec 04 2023 17: +0,1701709200
0.035,2,Dec 04 2023 19: +0,1701716400
0.035,3,Dec 04 2023 20: +0,1701720000
0.037,1,Dec 04 2023 21: +0,1701723600
0.039,6,Dec 04 2023 22: +0,1701727200
0.052,3,Dec 04 2023 23: +0,1701730800
0.038,2,Dec 05 2023 02: +0,1701741600
0.038,1,Dec 05 2023 03: +0,1701745200
0.032,1,Dec 05 2023 04: +0,1701748800
0.034,1,Dec 05 2023 05: +0,1701752400
0.037,1,Dec 05 2023 06: +0,1701756000
0.044,5,Dec 05 2023 08: +0,1701763200
0.035,2,Dec 05 2023 09: +0,1701766800
0.035,3,Dec 05 2023 10: +0,1701770400
0.033,4,Dec 05 2023 11: +0,1701774000
0.035,2,Dec 05 2023 12: +0,1701777600
0.03,1,Dec 05 2023 13: +0,1701781200
0.036,2,Dec 05 2023 14: +0,1701784800
0.034,2,Dec 05 2023 16: +0,1701792000
0.038,4,Dec 05 2023 17: +0,1701795600
0.036,5,Dec 05 2023 18: +0,1701799200
0.035,2,Dec 05 2023 19: +0,1701802800
0.037,3,Dec 05 2023 21: +0,1701810000
0.03,2,Dec 05 2023 22: +0,1701813600
0.038,5,Dec 05 2023 23: +0,1701817200
0.036,18,Dec 06 2023 00: +0,1701820800
0.036,1,Dec 06 2023 01: +0,1701824400
0.039,1,Dec 06 2023 02: +0,1701828000
0.048,1,Dec 06 2023 03: +0,1701831600
0.037,1,Dec 06 2023 05: +0,1701838800
0.048,3,Dec 06 2023 06: +0,1701842400
0.037,2,Dec 06 2023 07: +0,1701846000
0.03,2,Dec 06 2023 10: +0,1701856800
0.048,3,Dec 06 2023 12: +0,1701864000
0.035,1,Dec 06 2023 13: +0,1701867600
0.038,5,Dec 06 2023 14: +0,1701871200
0.056,4,Dec 06 2023 15: +0,1701874800
0.036,2,Dec 06 2023 16: +0,1701878400
0.036,7,Dec 06 2023 17: +0,1701882000
0.034,3,Dec 06 2023 19: +0,1701889200
0.036,5,Dec 06 2023 20: +0,1701892800
0.036,1,Dec 06 2023 21: +0,1701896400
0.03,1,Dec 06 2023 22: +0,1701900000
0.044,2,Dec 06 2023 23: +0,1701903600
0.03,1,Dec 07 2023 00: +0,1701907200
0.036,1,Dec 07 2023 01: +0,1701910800
0.036,1,Dec 07 2023 02: +0,1701914400
0.056,1,Dec 07 2023 05: +0,1701925200
0.04,17,Dec 07 2023 07: +0,1701932400
0.036,1,Dec 07 2023 08: +0,1701936000
0.053,1,Dec 07 2023 09: +0,1701939600
0.033,2,Dec 07 2023 11: +0,1701946800
0.03,1,Dec 07 2023 12: +0,1701950400
0.04,1,Dec 07 2023 13: +0,1701954000
0.036,8,Dec 07 2023 15: +0,1701961200
0.032,2,Dec 07 2023 16: +0,1701964800
0.04,7,Dec 07 2023 17: +0,1701968400
0.036,3,Dec 07 2023 18: +0,1701972000
0.036,7,Dec 07 2023 19: +0,1701975600
0.06,1,Dec 07 2023 20: +0,1701979200
0.036,4,Dec 07 2023 21: +0,1701982800
0.035,2,Dec 07 2023 22: +0,1701986400
0.038,3,Dec 07 2023 23: +0,1701990000
0.036,1,Dec 08 2023 00: +0,1701993600
0.056,4,Dec 08 2023 01: +0,1701997200
0.056,4,Dec 08 2023 04: +0,1702008000
0.033,3,Dec 08 2023 05: +0,1702011600
0.038,7,Dec 08 2023 06: +0,1702015200
0.034,2,Dec 08 2023 07: +0,1702018800
0.042,16,Dec 08 2023 09: +0,1702026000
0.033,1,Dec 08 2023 10: +0,1702029600
0.038,1,Dec 08 2023 11: +0,1702033200
0.039,1,Dec 08 2023 12: +0,1702036800
0.038,1,Dec 08 2023 14: +0,1702044000
0.038,3,Dec 08 2023 15: +0,1702047600
0.039,10,Dec 08 2023 16: +0,1702051200
0.036,3,Dec 08 2023 17: +0,1702054800
0.039,3,Dec 08 2023 18: +0,1702058400
0.033,1,Dec 08 2023 19: +0,1702062000
0.042,15,Dec 08 2023 20: +0,1702065600
0.041,14,Dec 08 2023 21: +0,1702069200
0.06,94,Dec 08 2023 22: +0,1702072800
0.036,4,Dec 08 2023 23: +0,1702076400
0.036,3,Dec 09 2023 00: +0,1702080000
0.054,6,Dec 09 2023 03: +0,1702090800
0.038,5,Dec 09 2023 04: +0,1702094400
0.054,1,Dec 09 2023 05: +0,1702098000
0.054,1,Dec 09 2023 06: +0,1702101600
0.054,1,Dec 09 2023 07: +0,1702105200
0.044,13,Dec 09 2023 09: +0,1702112400
0.031,2,Dec 09 2023 10: +0,1702116000
0.05,171,Dec 09 2023 11: +0,1702119600
0.042,3,Dec 09 2023 12: +0,1702123200
0.03,6,Dec 09 2023 13: +0,1702126800
0.043,6,Dec 09 2023 14: +0,1702130400
0.033,1,Dec 09 2023 15: +0,1702134000
0.069,13,Dec 09 2023 16: +0,1702137600
0.04,5,Dec 09 2023 17: +0,1702141200
0.049,6,Dec 09 2023 18: +0,1702144800
0.037,2,Dec 09 2023 19: +0,1702148400
0.035,1,Dec 09 2023 20: +0,1702152000
0.037,2,Dec 09 2023 21: +0,1702155600
0.031,1,Dec 09 2023 22: +0,1702159200
0.038,3,Dec 09 2023 23: +0,1702162800
0.039,1,Dec 10 2023 03: +0,1702177200
0.042,1,Dec 10 2023 07: +0,1702191600
0.03,1,Dec 10 2023 08: +0,1702195200
0.043,8,Dec 10 2023 09: +0,1702198800
0.044,4,Dec 10 2023 10: +0,1702202400
0.039,1,Dec 10 2023 12: +0,1702209600
0.033,2,Dec 10 2023 13: +0,1702213200
0.039,9,Dec 10 2023 14: +0,1702216800
0.039,4,Dec 10 2023 15: +0,1702220400
0.038,1,Dec 10 2023 16: +0,1702224000
0.038,5,Dec 10 2023 17: +0,1702227600
0.03,57,Dec 10 2023 18: +0,1702231200
0.039,3,Dec 10 2023 19: +0,1702234800
0.037,4,Dec 10 2023 20: +0,1702238400
0.039,2,Dec 10 2023 21: +0,1702242000
0.039,5,Dec 10 2023 22: +0,1702245600
0.03,1,Dec 10 2023 23: +0,1702249200
0.039,2,Dec 11 2023 00: +0,1702252800
0.034,3,Dec 11 2023 01: +0,1702256400
0.044,6,Dec 11 2023 02: +0,1702260000
0.03,1,Dec 11 2023 04: +0,1702267200
0.033,2,Dec 11 2023 06: +0,1702274400
0.042,2,Dec 11 2023 09: +0,1702285200
0.043,2,Dec 11 2023 10: +0,1702288800
0.043,6,Dec 11 2023 11: +0,1702292400
0.039,12,Dec 11 2023 14: +0,1702303200
0.037,8,Dec 11 2023 15: +0,1702306800
0.034,1,Dec 11 2023 16: +0,1702310400
0.039,7,Dec 11 2023 17: +0,1702314000
0.041,2,Dec 11 2023 19: +0,1702321200
0.037,2,Dec 11 2023 20: +0,1702324800
0.048,11,Dec 11 2023 22: +0,1702332000
0.041,3,Dec 11 2023 23: +0,1702335600
0.041,1,Dec 12 2023 00: +0,1702339200
0.036,1,Dec 12 2023 01: +0,1702342800
0.052,3,Dec 12 2023 04: +0,1702353600
0.052,1,Dec 12 2023 05: +0,1702357200
0.059,1,Dec 12 2023 06: +0,1702360800
0.059,1,Dec 12 2023 07: +0,1702364400
0.049,2,Dec 12 2023 09: +0,1702371600
0.04,1,Dec 12 2023 12: +0,1702382400
0.041,2,Dec 12 2023 14: +0,1702389600
0.04,4,Dec 12 2023 15: +0,1702393200
0.059,10,Dec 12 2023 16: +0,1702396800
0.039,1,Dec 12 2023 18: +0,1702404000
0.039,5,Dec 12 2023 20: +0,1702411200
0.037,2,Dec 12 2023 21: +0,1702414800
0.041,2,Dec 12 2023 22: +0,1702418400
0.039,3,Dec 13 2023 01: +0,1702429200
0.038,2,Dec 13 2023 02: +0,1702432800
0.045,20,Dec 13 2023 04: +0,1702440000
0.038,1,Dec 13 2023 06: +0,1702447200
0.033,3,Dec 13 2023 07: +0,1702450800
0.039,3,Dec 13 2023 08: +0,1702454400
0.039,3,Dec 13 2023 09: +0,1702458000
0.043,3,Dec 13 2023 11: +0,1702465200
0.036,12,Dec 13 2023 12: +0,1702468800
0.039,3,Dec 13 2023 13: +0,1702472400
0.06,1,Dec 13 2023 14: +0,1702476000
0.039,5,Dec 13 2023 15: +0,1702479600
0.043,4,Dec 13 2023 16: +0,1702483200
0.03,2,Dec 13 2023 17: +0,1702486800
0.043,4,Dec 13 2023 18: +0,1702490400
0.04,4,Dec 13 2023 19: +0,1702494000
0.043,2,Dec 13 2023 20: +0,1702497600
0.038,3,Dec 13 2023 22: +0,1702504800
0.039,1,Dec 13 2023 23: +0,1702508400
0.039,3,Dec 14 2023 00: +0,1702512000
0.041,5,Dec 14 2023 01: +0,1702515600
0.043,1,Dec 14 2023 04: +0,1702526400
0.039,1,Dec 14 2023 05: +0,1702530000
0.041,1,Dec 14 2023 06: +0,1702533600
0.038,1,Dec 14 2023 07: +0,1702537200
0.034,3,Dec 14 2023 08: +0,1702540800
0.03,1,Dec 14 2023 10: +0,1702548000
0.04,3,Dec 14 2023 11: +0,1702551600
0.043,3,Dec 14 2023 12: +0,1702555200
0.045,12,Dec 14 2023 13: +0,1702558800
0.045,8,Dec 14 2023 14: +0,1702562400
0.045,3,Dec 14 2023 15: +0,1702566000
0.034,1,Dec 14 2023 16: +0,1702569600
0.04,5,Dec 14 2023 18: +0,1702576800
0.055,2,Dec 14 2023 19: +0,1702580400
0.039,13,Dec 14 2023 20: +0,1702584000
0.042,5,Dec 14 2023 22: +0,1702591200
0.043,1,Dec 15 2023 01: +0,1702602000
0.042,3,Dec 15 2023 02: +0,1702605600
0.042,3,Dec 15 2023 03: +0,1702609200
0.035,1,Dec 15 2023 06: +0,1702620000
0.036,1,Dec 15 2023 07: +0,1702623600
0.04,3,Dec 15 2023 08: +0,1702627200
0.04,2,Dec 15 2023 09: +0,1702630800
0.042,2,Dec 15 2023 10: +0,1702634400
0.04,2,Dec 15 2023 11: +0,1702638000
0.032,2,Dec 15 2023 12: +0,1702641600
0.045,5,Dec 15 2023 13: +0,1702645200
0.036,5,Dec 15 2023 14: +0,1702648800
0.04,8,Dec 15 2023 15: +0,1702652400
0.048,4,Dec 15 2023 16: +0,1702656000
0.04,11,Dec 15 2023 17: +0,1702659600
0.039,2,Dec 15 2023 18: +0,1702663200
0.045,4,Dec 15 2023 19: +0,1702666800
0.04,13,Dec 15 2023 20: +0,1702670400
0.044,1,Dec 15 2023 21: +0,1702674000
0.06,11,Dec 16 2023 00: +0,1702684800
0.055,9,Dec 16 2023 01: +0,1702688400
0.042,2,Dec 16 2023 05: +0,1702702800
0.055,2,Dec 16 2023 06: +0,1702706400
0.042,1,Dec 16 2023 07: +0,1702710000
0.05,2,Dec 16 2023 10: +0,1702720800
0.046,4,Dec 16 2023 12: +0,1702728000
0.05,1,Dec 16 2023 13: +0,1702731600
0.049,7,Dec 16 2023 14: +0,1702735200
0.046,6,Dec 16 2023 15: +0,1702738800
0.037,6,Dec 16 2023 16: +0,1702742400
0.039,3,Dec 16 2023 17: +0,1702746000
0.04,17,Dec 16 2023 18: +0,1702749600
0.039,12,Dec 16 2023 19: +0,1702753200
0.039,2,Dec 16 2023 20: +0,1702756800
0.06,1,Dec 16 2023 21: +0,1702760400
0.043,3,Dec 16 2023 23: +0,1702767600
0.039,1,Dec 17 2023 00: +0,1702771200
0.038,3,Dec 17 2023 02: +0,1702778400
0.038,1,Dec 17 2023 03: +0,1702782000
0.036,2,Dec 17 2023 04: +0,1702785600
0.036,1,Dec 17 2023 05: +0,1702789200
0.037,5,Dec 17 2023 06: +0,1702792800
0.04,1,Dec 17 2023 07: +0,1702796400
0.03,1,Dec 17 2023 08: +0,1702800000
0.03,3,Dec 17 2023 09: +0,1702803600
0.04,4,Dec 17 2023 11: +0,1702810800
0.04,4,Dec 17 2023 12: +0,1702814400
0.036,1,Dec 17 2023 15: +0,1702825200
0.036,31,Dec 17 2023 16: +0,1702828800
0.036,4,Dec 17 2023 17: +0,1702832400
0.041,3,Dec 17 2023 18: +0,1702836000
0.03,1,Dec 17 2023 19: +0,1702839600
0.041,3,Dec 17 2023 21: +0,1702846800
0.038,2,Dec 17 2023 22: +0,1702850400
0.038,2,Dec 17 2023 23: +0,1702854000
0.035,2,Dec 18 2023 00: +0,1702857600
0.037,4,Dec 18 2023 04: +0,1702872000
0.036,5,Dec 18 2023 05: +0,1702875600
0.035,2,Dec 18 2023 06: +0,1702879200
0.046,8,Dec 18 2023 07: +0,1702882800
0.038,1,Dec 18 2023 09: +0,1702890000
0.036,1,Dec 18 2023 11: +0,1702897200
0.036,6,Dec 18 2023 12: +0,1702900800
0.037,2,Dec 18 2023 13: +0,1702904400
0.038,7,Dec 18 2023 14: +0,1702908000
0.055,12,Dec 18 2023 15: +0,1702911600
0.037,2,Dec 18 2023 16: +0,1702915200
0.034,4,Dec 18 2023 17: +0,1702918800
0.036,3,Dec 18 2023 18: +0,1702922400
0.03,17,Dec 18 2023 19: +0,1702926000
0.04,4,Dec 18 2023 20: +0,1702929600
0.037,23,Dec 18 2023 21: +0,1702933200
0.037,1,Dec 18 2023 22: +0,1702936800
0.037,1,Dec 18 2023 23: +0,1702940400
0.038,4,Dec 19 2023 00: +0,1702944000
0.033,1,Dec 19 2023 05: +0,1702962000
0.036,1,Dec 19 2023 06: +0,1702965600
0.034,2,Dec 19 2023 07: +0,1702969200
0.032,3,Dec 19 2023 08: +0,1702972800
0.048,7,Dec 19 2023 09: +0,1702976400
0.039,1,Dec 19 2023 10: +0,1702980000
0.038,1,Dec 19 2023 11: +0,1702983600
0.04,1,Dec 19 2023 12: +0,1702987200
0.033,10,Dec 19 2023 13: +0,1702990800
0.052,1,Dec 19 2023 14: +0,1702994400
0.037,2,Dec 19 2023 16: +0,1703001600
0.036,1,Dec 19 2023 17: +0,1703005200
0.039,6,Dec 19 2023 18: +0,1703008800
0.03,1,Dec 19 2023 19: +0,1703012400
0.033,2,Dec 19 2023 21: +0,1703019600
0.048,7,Dec 20 2023 01: +0,1703034000
0.048,4,Dec 20 2023 03: +0,1703041200
0.047,1,Dec 20 2023 04: +0,1703044800
0.055,3,Dec 20 2023 05: +0,1703048400
0.038,5,Dec 20 2023 06: +0,1703052000
0.034,2,Dec 20 2023 07: +0,1703055600
0.036,7,Dec 20 2023 08: +0,1703059200
0.037,3,Dec 20 2023 09: +0,1703062800
0.038,1,Dec 20 2023 10: +0,1703066400
0.035,1,Dec 20 2023 11: +0,1703070000
0.036,1,Dec 20 2023 12: +0,1703073600
0.038,1,Dec 20 2023 13: +0,1703077200
0.035,1,Dec 20 2023 14: +0,1703080800
0.034,2,Dec 20 2023 15: +0,1703084400
0.032,2,Dec 20 2023 16: +0,1703088000
0.039,52,Dec 20 2023 17: +0,1703091600
0.03,1,Dec 20 2023 18: +0,1703095200
0.035,5,Dec 20 2023 19: +0,1703098800
0.04,4,Dec 20 2023 20: +0,1703102400
0.032,7,Dec 20 2023 21: +0,1703106000
0.032,9,Dec 20 2023 22: +0,1703109600
0.04,1,Dec 20 2023 23: +0,1703113200
0.036,6,Dec 21 2023 00: +0,1703116800
0.055,4,Dec 21 2023 02: +0,1703124000
0.036,2,Dec 21 2023 04: +0,1703131200
0.034,2,Dec 21 2023 07: +0,1703142000
0.036,1,Dec 21 2023 08: +0,1703145600
0.03,2,Dec 21 2023 09: +0,1703149200
0.033,1,Dec 21 2023 10: +0,1703152800
0.052,1,Dec 21 2023 11: +0,1703156400
0.037,3,Dec 21 2023 12: +0,1703160000
0.036,3,Dec 21 2023 13: +0,1703163600
0.034,2,Dec 21 2023 14: +0,1703167200
0.035,3,Dec 21 2023 15: +0,1703170800
0.032,6,Dec 21 2023 16: +0,1703174400
0.035,2,Dec 21 2023 18: +0,1703181600
0.035,4,Dec 21 2023 19: +0,1703185200
0.035,4,Dec 21 2023 20: +0,1703188800
0.044,2,Dec 21 2023 21: +0,1703192400
0.03,3,Dec 21 2023 22: +0,1703196000
0.035,5,Dec 21 2023 23: +0,1703199600
0.047,4,Dec 22 2023 00: +0,1703203200
0.035,2,Dec 22 2023 01: +0,1703206800
0.033,3,Dec 22 2023 08: +0,1703232000
0.035,1,Dec 22 2023 09: +0,1703235600
0.033,3,Dec 22 2023 11: +0,1703242800
0.03,3,Dec 22 2023 12: +0,1703246400
0.035,3,Dec 22 2023 13: +0,1703250000
0.035,3,Dec 22 2023 14: +0,1703253600
0.037,5,Dec 22 2023 15: +0,1703257200
0.033,6,Dec 22 2023 16: +0,1703260800
0.033,17,Dec 22 2023 17: +0,1703264400
0.035,5,Dec 22 2023 18: +0,1703268000
0.036,2,Dec 22 2023 19: +0,1703271600
0.034,2,Dec 22 2023 20: +0,1703275200
0.036,5,Dec 22 2023 21: +0,1703278800
0.036,3,Dec 22 2023 22: +0,1703282400
0.036,1,Dec 22 2023 23: +0,1703286000
0.052,6,Dec 23 2023 00: +0,1703289600
0.036,1,Dec 23 2023 01: +0,1703293200
0.036,1,Dec 23 2023 02: +0,1703296800
0.036,3,Dec 23 2023 03: +0,1703300400
0.03,1,Dec 23 2023 04: +0,1703304000
0.034,2,Dec 23 2023 09: +0,1703322000
0.033,1,Dec 23 2023 13: +0,1703336400
0.03,2,Dec 23 2023 14: +0,1703340000
0.038,14,Dec 23 2023 15: +0,1703343600
0.036,11,Dec 23 2023 17: +0,1703350800
0.035,2,Dec 23 2023 18: +0,1703354400
0.036,2,Dec 23 2023 19: +0,1703358000
0.04,1,Dec 23 2023 20: +0,1703361600
0.036,6,Dec 23 2023 21: +0,1703365200
0.048,2,Dec 23 2023 22: +0,1703368800
0.033,4,Dec 23 2023 23: +0,1703372400
0.044,2,Dec 24 2023 00: +0,1703376000
0.036,3,Dec 24 2023 04: +0,1703390400
0.036,6,Dec 24 2023 07: +0,1703401200
0.033,6,Dec 24 2023 08: +0,1703404800
0.037,5,Dec 24 2023 11: +0,1703415600
0.036,32,Dec 24 2023 12: +0,1703419200
0.039,1,Dec 24 2023 13: +0,1703422800
0.03,1,Dec 24 2023 14: +0,1703426400
0.032,2,Dec 24 2023 15: +0,1703430000
0.03,15,Dec 24 2023 16: +0,1703433600
0.03,6,Dec 24 2023 17: +0,1703437200
0.036,3,Dec 24 2023 18: +0,1703440800
0.041,1,Dec 24 2023 20: +0,1703448000
0.036,9,Dec 24 2023 21: +0,1703451600
0.037,4,Dec 24 2023 22: +0,1703455200
0.036,7,Dec 24 2023 23: +0,1703458800
0.038,4,Dec 25 2023 00: +0,1703462400
0.034,2,Dec 25 2023 01: +0,1703466000
0.034,1,Dec 25 2023 02: +0,1703469600
0.034,2,Dec 25 2023 03: +0,1703473200
0.03,1,Dec 25 2023 04: +0,1703476800
0.036,6,Dec 25 2023 05: +0,1703480400
0.036,2,Dec 25 2023 07: +0,1703487600
0.03,1,Dec 25 2023 08: +0,1703491200
0.03,3,Dec 25 2023 09: +0,1703494800
0.03,1,Dec 25 2023 10: +0,1703498400
0.037,5,Dec 25 2023 11: +0,1703502000
0.03,3,Dec 25 2023 13: +0,1703509200
0.031,1,Dec 25 2023 15: +0,1703516400
0.034,1,Dec 25 2023 16: +0,1703520000
0.036,5,Dec 25 2023 17: +0,1703523600
0.033,2,Dec 25 2023 18: +0,1703527200
0.055,14,Dec 25 2023 19: +0,1703530800
0.033,4,Dec 25 2023 20: +0,1703534400
0.03,2,Dec 25 2023 21: +0,1703538000
0.033,6,Dec 25 2023 22: +0,1703541600
0.036,9,Dec 25 2023 23: +0,1703545200
0.034,2,Dec 26 2023 00: +0,1703548800
0.035,3,Dec 26 2023 02: +0,1703556000
0.038,1,Dec 26 2023 05: +0,1703566800
0.037,1,Dec 26 2023 06: +0,1703570400
0.03,1,Dec 26 2023 08: +0,1703577600
0.039,6,Dec 26 2023 10: +0,1703584800
0.04,3,Dec 26 2023 11: +0,1703588400
0.04,5,Dec 26 2023 12: +0,1703592000
0.034,2,Dec 26 2023 13: +0,1703595600
0.042,5,Dec 26 2023 15: +0,1703602800
0.038,3,Dec 26 2023 16: +0,1703606400
0.04,2,Dec 26 2023 17: +0,1703610000
0.038,4,Dec 26 2023 18: +0,1703613600
0.038,6,Dec 26 2023 19: +0,1703617200
0.033,4,Dec 26 2023 20: +0,1703620800
0.036,3,Dec 26 2023 21: +0,1703624400
0.037,3,Dec 26 2023 22: +0,1703628000
0.03,2,Dec 26 2023 23: +0,1703631600
0.052,5,Dec 27 2023 00: +0,1703635200
0.03,3,Dec 27 2023 01: +0,1703638800
0.039,1,Dec 27 2023 03: +0,1703646000
0.042,4,Dec 27 2023 05: +0,1703653200
0.034,2,Dec 27 2023 06: +0,1703656800
0.03,1,Dec 27 2023 07: +0,1703660400
0.034,2,Dec 27 2023 08: +0,1703664000
0.038,2,Dec 27 2023 09: +0,1703667600
0.052,5,Dec 27 2023 11: +0,1703674800
0.041,4,Dec 27 2023 12: +0,1703678400
0.037,4,Dec 27 2023 13: +0,1703682000
0.036,3,Dec 27 2023 14: +0,1703685600
0.03,53,Dec 27 2023 15: +0,1703689200
0.035,2,Dec 27 2023 16: +0,1703692800
0.036,2,Dec 27 2023 17: +0,1703696400
0.03,4,Dec 27 2023 18: +0,1703700000
0.03,137,Dec 27 2023 19: +0,1703703600
0.03,7,Dec 27 2023 20: +0,1703707200
0.032,4,Dec 27 2023 21: +0,1703710800
0.037,2,Dec 27 2023 22: +0,1703714400
0.03,2,Dec 27 2023 23: +0,1703718000
0.03,1,Dec 28 2023 00: +0,1703721600
0.034,1,Dec 28 2023 01: +0,1703725200
0.034,5,Dec 28 2023 02: +0,1703728800
0.037,1,Dec 28 2023 03: +0,1703732400
0.034,2,Dec 28 2023 04: +0,1703736000
0.034,1,Dec 28 2023 06: +0,1703743200
0.03,2,Dec 28 2023 07: +0,1703746800
0.031,1,Dec 28 2023 09: +0,1703754000
0.03,2,Dec 28 2023 10: +0,1703757600
0.03,1,Dec 28 2023 11: +0,1703761200
0.035,1,Dec 28 2023 12: +0,1703764800
0.038,1,Dec 28 2023 13: +0,1703768400
0.037,1,Dec 28 2023 14: +0,1703772000
0.03,3,Dec 28 2023 16: +0,1703779200
0.034,18,Dec 28 2023 17: +0,1703782800
0.052,6,Dec 28 2023 18: +0,1703786400
0.034,10,Dec 28 2023 19: +0,1703790000
0.032,9,Dec 28 2023 20: +0,1703793600
0.036,11,Dec 28 2023 21: +0,1703797200
0.03,7,Dec 28 2023 22: +0,1703800800
0.036,4,Dec 28 2023 23: +0,1703804400
0.034,1,Dec 29 2023 00: +0,1703808000
0.036,3,Dec 29 2023 01: +0,1703811600
0.036,3,Dec 29 2023 06: +0,1703829600
0.03,2,Dec 29 2023 07: +0,1703833200
0.037,4,Dec 29 2023 08: +0,1703836800
0.036,1,Dec 29 2023 09: +0,1703840400
0.03,3,Dec 29 2023 10: +0,1703844000
0.055,1,Dec 29 2023 11: +0,1703847600
0.034,4,Dec 29 2023 12: +0,1703851200
0.034,1,Dec 29 2023 13: +0,1703854800
0.034,3,Dec 29 2023 14: +0,1703858400
0.031,3,Dec 29 2023 16: +0,1703865600
0.03,2,Dec 29 2023 18: +0,1703872800
0.03,2,Dec 29 2023 19: +0,1703876400
0.03,4,Dec 29 2023 20: +0,1703880000
0.03,2,Dec 29 2023 21: +0,1703883600
0.03,2,Dec 29 2023 22: +0,1703887200
0.032,4,Dec 29 2023 23: +0,1703890800
0.034,12,Dec 30 2023 00: +0,1703894400
0.03,1,Dec 30 2023 01: +0,1703898000
0.03,1,Dec 30 2023 02: +0,1703901600
0.034,1,Dec 30 2023 04: +0,1703908800
0.034,1,Dec 30 2023 06: +0,1703916000
0.03,4,Dec 30 2023 08: +0,1703923200
0.031,1,Dec 30 2023 09: +0,1703926800
0.03,3,Dec 30 2023 10: +0,1703930400
0.031,6,Dec 30 2023 11: +0,1703934000
0.03,5,Dec 30 2023 12: +0,1703937600
0.03,6,Dec 30 2023 13: +0,1703941200
0.03,1,Dec 30 2023 15: +0,1703948400
0.03,2,Dec 30 2023 16: +0,1703952000
0.03,2,Dec 30 2023 17: +0,1703955600
0.03,2,Dec 30 2023 18: +0,1703959200
0.03,11,Dec 30 2023 20: +0,1703966400
0.03,7,Dec 30 2023 21: +0,1703970000
0.031,3,Dec 30 2023 22: +0,1703973600
0.034,13,Dec 30 2023 23: +0,1703977200
0.036,4,Dec 31 2023 00: +0,1703980800
0.031,2,Dec 31 2023 02: +0,1703988000
0.032,17,Dec 31 2023 03: +0,1703991600
0.03,2,Dec 31 2023 06: +0,1704002400
0.034,4,Dec 31 2023 11: +0,1704020400
0.03,1,Dec 31 2023 12: +0,1704024000
0.032,1,Dec 31 2023 13: +0,1704027600
0.03,2,Dec 31 2023 14: +0,1704031200
0.03,1,Dec 31 2023 15: +0,1704034800
0.03,2,Dec 31 2023 16: +0,1704038400
0.03,1,Dec 31 2023 17: +0,1704042000
0.031,1,Dec 31 2023 18: +0,1704045600
0.03,3,Dec 31 2023 19: +0,1704049200
0.03,2,Dec 31 2023 20: +0,1704052800
0.03,2,Dec 31 2023 21: +0,1704056400
0.03,1,Dec 31 2023 22: +0,1704060000
0.03,9,Dec 31 2023 23: +0,1704063600
0.03,1,Jan 01 2024 00: +0,1704067200
0.03,4,Jan 01 2024 01: +0,1704070800
0.03,1,Jan 01 2024 02: +0,1704074400
0.03,3,Jan 01 2024 03: +0,1704078000
0.03,3,Jan 01 2024 04: +0,1704081600
0.03,3,Jan 01 2024 07: +0,1704092400
0.03,3,Jan 01 2024 08: +0,1704096000
0.03,2,Jan 01 2024 10: +0,1704103200
0.03,5,Jan 01 2024 11: +0,1704106800
0.03,6,Jan 01 2024 12: +0,1704110400
0.032,2,Jan 01 2024 13: +0,1704114000
0.03,6,Jan 01 2024 14: +0,1704117600
0.03,3,Jan 01 2024 16: +0,1704124800
0.03,4,Jan 01 2024 17: +0,1704128400
0.03,4,Jan 01 2024 18: +0,1704132000
0.03,3,Jan 01 2024 19: +0,1704135600
0.03,2,Jan 01 2024 20: +0,1704139200
0.035,1,Jan 01 2024 21: +0,1704142800
0.03,5,Jan 01 2024 22: +0,1704146400
0.03,36,Jan 01 2024 23: +0,1704150000
0.03,2,Jan 02 2024 00: +0,1704153600
0.03,2,Jan 02 2024 01: +0,1704157200
0.035,1,Jan 02 2024 02: +0,1704160800
0.035,1,Jan 02 2024 03: +0,1704164400
0.03,1,Jan 02 2024 07: +0,1704178800
0.03,2,Jan 02 2024 09: +0,1704186000
0.03,4,Jan 02 2024 10: +0,1704189600
0.03,1,Jan 02 2024 12: +0,1704196800
0.03,1,Jan 02 2024 14: +0,1704204000
0.03,3,Jan 02 2024 15: +0,1704207600
0.03,3,Jan 02 2024 16: +0,1704211200
0.03,6,Jan 02 2024 17: +0,1704214800
0.03,5,Jan 02 2024 18: +0,1704218400
0.03,6,Jan 02 2024 19: +0,1704222000
0.03,5,Jan 02 2024 20: +0,1704225600
0.03,2,Jan 02 2024 22: +0,1704232800
0.03,6,Jan 02 2024 23: +0,1704236400
0.03,5,Jan 03 2024 00: +0,1704240000
0.034,1,Jan 03 2024 01: +0,1704243600
0.03,3,Jan 03 2024 03: +0,1704250800
0.03,3,Jan 03 2024 05: +0,1704258000
0.03,3,Jan 03 2024 07: +0,1704265200
0.03,4,Jan 03 2024 09: +0,1704272400
0.03,2,Jan 03 2024 10: +0,1704276000
0.03,36,Jan 03 2024 12: +0,1704283200
0.034,3,Jan 03 2024 13: +0,1704286800
0.052,6,Jan 03 2024 15: +0,1704294000
0.03,1,Jan 03 2024 17: +0,1704301200
0.03,3,Jan 03 2024 19: +0,1704308400
0.032,8,Jan 03 2024 20: +0,1704312000
0.03,1,Jan 03 2024 21: +0,1704315600
0.047,5,Jan 03 2024 22: +0,1704319200
0.043,6,Jan 03 2024 23: +0,1704322800
0.03,7,Jan 04 2024 00: +0,1704326400
0.03,3,Jan 04 2024 02: +0,1704333600
0.03,13,Jan 04 2024 03: +0,1704337200
0.03,1,Jan 04 2024 04: +0,1704340800
0.03,1,Jan 04 2024 05: +0,1704344400
0.03,2,Jan 04 2024 08: +0,1704355200
0.03,1,Jan 04 2024 09: +0,1704358800
0.03,1,Jan 04 2024 10: +0,1704362400
0.03,1,Jan 04 2024 12: +0,1704369600
0.03,1,Jan 04 2024 13: +0,1704373200
0.03,2,Jan 04 2024 14: +0,1704376800
0.03,5,Jan 04 2024 15: +0,1704380400
0.032,43,Jan 04 2024 16: +0,1704384000
0.03,4,Jan 04 2024 18: +0,1704391200
0.03,1,Jan 04 2024 20: +0,1704398400
0.031,3,Jan 04 2024 21: +0,1704402000
0.03,2,Jan 04 2024 22: +0,1704405600
0.032,2,Jan 04 2024 23: +0,1704409200
0.031,9,Jan 05 2024 00: +0,1704412800
0.032,8,Jan 05 2024 01: +0,1704416400
0.03,1,Jan 05 2024 02: +0,1704420000
0.03,1,Jan 05 2024 06: +0,1704434400
0.033,5,Jan 05 2024 07: +0,1704438000
0.03,2,Jan 05 2024 09: +0,1704445200
0.042,7,Jan 05 2024 11: +0,1704452400
0.03,5,Jan 05 2024 12: +0,1704456000
0.03,10,Jan 05 2024 13: +0,1704459600
0.033,2,Jan 05 2024 15: +0,1704466800
0.034,8,Jan 05 2024 16: +0,1704470400
0.034,6,Jan 05 2024 18: +0,1704477600
0.034,21,Jan 05 2024 20: +0,1704484800
0.03,5,Jan 05 2024 22: +0,1704492000
0.052,1,Jan 05 2024 23: +0,1704495600
0.035,4,Jan 06 2024 00: +0,1704499200
0.03,2,Jan 06 2024 01: +0,1704502800
0.03,1,Jan 06 2024 03: +0,1704510000
0.047,3,Jan 06 2024 04: +0,1704513600
0.034,2,Jan 06 2024 05: +0,1704517200
0.033,2,Jan 06 2024 06: +0,1704520800
0.03,1,Jan 06 2024 08: +0,1704528000
0.033,2,Jan 06 2024 10: +0,1704535200
0.031,1,Jan 06 2024 11: +0,1704538800
0.03,5,Jan 06 2024 12: +0,1704542400
0.031,4,Jan 06 2024 14: +0,1704549600
0.034,10,Jan 06 2024 15: +0,1704553200
0.03,3,Jan 06 2024 16: +0,1704556800
0.031,1,Jan 06 2024 17: +0,1704560400
0.036,6,Jan 06 2024 18: +0,1704564000
0.03,2,Jan 06 2024 19: +0,1704567600
0.037,10,Jan 06 2024 20: +0,1704571200
0.03,1,Jan 06 2024 21: +0,1704574800
0.031,1,Jan 07 2024 00: +0,1704585600
0.03,2,Jan 07 2024 02: +0,1704592800
0.035,5,Jan 07 2024 03: +0,1704596400
0.031,2,Jan 07 2024 04: +0,1704600000
0.03,2,Jan 07 2024 05: +0,1704603600
0.034,2,Jan 07 2024 07: +0,1704610800
0.035,2,Jan 07 2024 08: +0,1704614400
0.034,1,Jan 07 2024 09: +0,1704618000
0.03,3,Jan 07 2024 10: +0,1704621600
0.034,2,Jan 07 2024 11: +0,1704625200
0.031,2,Jan 07 2024 12: +0,1704628800
0.03,1,Jan 07 2024 14: +0,1704636000
0.035,2,Jan 07 2024 16: +0,1704643200
0.035,7,Jan 07 2024 17: +0,1704646800
0.034,9,Jan 07 2024 18: +0,1704650400
0.03,4,Jan 07 2024 19: +0,1704654000
0.03,5,Jan 07 2024 20: +0,1704657600
0.03,9,Jan 07 2024 21: +0,1704661200
0.035,7,Jan 07 2024 22: +0,1704664800
0.03,1,Jan 08 2024 00: +0,1704672000
0.03,1,Jan 08 2024 02: +0,1704679200
0.03,1,Jan 08 2024 04: +0,1704686400
0.034,3,Jan 08 2024 08: +0,1704700800
0.031,1,Jan 08 2024 10: +0,1704708000
0.034,1,Jan 08 2024 11: +0,1704711600
0.03,1,Jan 08 2024 12: +0,1704715200
0.032,2,Jan 08 2024 13: +0,1704718800
0.036,13,Jan 08 2024 14: +0,1704722400
0.03,2,Jan 08 2024 16: +0,1704729600
0.03,1,Jan 08 2024 17: +0,1704733200
0.03,1,Jan 08 2024 18: +0,1704736800
0.036,4,Jan 08 2024 19: +0,1704740400
0.035,2,Jan 08 2024 20: +0,1704744000
0.052,4,Jan 08 2024 21: +0,1704747600
0.032,2,Jan 08 2024 22: +0,1704751200
0.032,16,Jan 08 2024 23: +0,1704754800
0.03,3,Jan 09 2024 00: +0,1704758400
0.03,1,Jan 09 2024 01: +0,1704762000
0.03,1,Jan 09 2024 02: +0,1704765600
0.03,1,Jan 09 2024 03: +0,1704769200
0.032,3,Jan 09 2024 04: +0,1704772800
0.03,1,Jan 09 2024 08: +0,1704787200
0.033,3,Jan 09 2024 09: +0,1704790800
0.03,1,Jan 09 2024 10: +0,1704794400
0.03,1,Jan 09 2024 11: +0,1704798000
0.031,4,Jan 09 2024 12: +0,1704801600
0.03,1,Jan 09 2024 13: +0,1704805200
0.031,2,Jan 09 2024 14: +0,1704808800
0.034,10,Jan 09 2024 15: +0,1704812400
0.035,7,Jan 09 2024 16: +0,1704816000
0.035,7,Jan 09 2024 17: +0,1704819600
0.03,4,Jan 09 2024 19: +0,1704826800
0.039,2,Jan 09 2024 22: +0,1704837600
0.033,2,Jan 09 2024 23: +0,1704841200
0.036,1,Jan 10 2024 03: +0,1704855600
0.03,1,Jan 10 2024 05: +0,1704862800
0.03,2,Jan 10 2024 06: +0,1704866400
0.03,2,Jan 10 2024 07: +0,1704870000
0.03,4,Jan 10 2024 08: +0,1704873600
0.031,4,Jan 10 2024 09: +0,1704877200
0.03,2,Jan 10 2024 10: +0,1704880800
0.031,1,Jan 10 2024 11: +0,1704884400
0.031,4,Jan 10 2024 12: +0,1704888000
0.034,8,Jan 10 2024 13: +0,1704891600
0.03,2,Jan 10 2024 14: +0,1704895200
0.03,1,Jan 10 2024 15: +0,1704898800
0.03,6,Jan 10 2024 16: +0,1704902400
0.034,6,Jan 10 2024 17: +0,1704906000
0.036,4,Jan 10 2024 18: +0,1704909600
0.03,1,Jan 10 2024 19: +0,1704913200
0.032,2,Jan 10 2024 20: +0,1704916800
0.036,1,Jan 10 2024 21: +0,1704920400
0.036,8,Jan 10 2024 22: +0,1704924000
0.03,1,Jan 11 2024 00: +0,1704931200
0.03,1,Jan 11 2024 02: +0,1704938400
0.036,1,Jan 11 2024 03: +0,1704942000
0.036,3,Jan 11 2024 06: +0,1704952800
0.03,2,Jan 11 2024 10: +0,1704967200
0.035,3,Jan 11 2024 12: +0,1704974400
0.034,1,Jan 11 2024 13: +0,1704978000
0.032,2,Jan 11 2024 14: +0,1704981600
0.042,2,Jan 11 2024 17: +0,1704992400
0.035,5,Jan 11 2024 19: +0,1704999600
0.03,8,Jan 11 2024 20: +0,1705003200
0.03,4,Jan 11 2024 21: +0,1705006800
0.03,7,Jan 11 2024 22: +0,1705010400
0.031,3,Jan 11 2024 23: +0,1705014000
0.031,3,Jan 12 2024 00: +0,1705017600
0.031,1,Jan 12 2024 02: +0,1705024800
0.034,2,Jan 12 2024 03: +0,1705028400
0.034,1,Jan 12 2024 04: +0,1705032000
0.03,2,Jan 12 2024 08: +0,1705046400
0.03,1,Jan 12 2024 10: +0,1705053600
0.031,2,Jan 12 2024 11: +0,1705057200
0.042,4,Jan 12 2024 12: +0,1705060800
0.037,3,Jan 12 2024 13: +0,1705064400
0.03,2,Jan 12 2024 15: +0,1705071600
0.04,2,Jan 12 2024 16: +0,1705075200
0.032,1,Jan 12 2024 17: +0,1705078800
0.042,1,Jan 12 2024 18: +0,1705082400
0.031,1,Jan 12 2024 19: +0,1705086000
0.052,7,Jan 12 2024 20: +0,1705089600
0.037,6,Jan 12 2024 21: +0,1705093200
0.03,3,Jan 12 2024 22: +0,1705096800
0.03,1,Jan 13 2024 00: +0,1705104000
0.033,3,Jan 13 2024 04: +0,1705118400
0.034,1,Jan 13 2024 05: +0,1705122000
0.039,2,Jan 13 2024 07: +0,1705129200
0.03,7,Jan 13 2024 10: +0,1705140000
0.052,5,Jan 13 2024 11: +0,1705143600
0.043,4,Jan 13 2024 12: +0,1705147200
0.034,1,Jan 13 2024 13: +0,1705150800
0.037,5,Jan 13 2024 14: +0,1705154400
0.038,4,Jan 13 2024 15: +0,1705158000
0.035,2,Jan 13 2024 16: +0,1705161600
0.034,17,Jan 13 2024 17: +0,1705165200
0.032,4,Jan 13 2024 18: +0,1705168800
0.032,1,Jan 13 2024 20: +0,1705176000
0.033,2,Jan 13 2024 21: +0,1705179600
0.031,3,Jan 13 2024 22: +0,1705183200
0.036,7,Jan 13 2024 23: +0,1705186800
0.036,9,Jan 14 2024 00: +0,1705190400
0.03,1,Jan 14 2024 02: +0,1705197600
0.03,1,Jan 14 2024 04: +0,1705204800
0.034,1,Jan 14 2024 07: +0,1705215600
0.033,1,Jan 14 2024 08: +0,1705219200
0.03,1,Jan 14 2024 09: +0,1705222800
0.032,1,Jan 14 2024 10: +0,1705226400
0.03,2,Jan 14 2024 11: +0,1705230000
0.03,2,Jan 14 2024 12: +0,1705233600
0.03,2,Jan 14 2024 13: +0,1705237200
0.03,1,Jan 14 2024 15: +0,1705244400
0.036,10,Jan 14 2024 16: +0,1705248000
0.039,14,Jan 14 2024 17: +0,1705251600
0.036,3,Jan 14 2024 19: +0,1705258800
0.039,8,Jan 14 2024 20: +0,1705262400
0.039,5,Jan 14 2024 21: +0,1705266000
0.034,3,Jan 14 2024 22: +0,1705269600
0.031,3,Jan 14 2024 23: +0,1705273200
0.032,3,Jan 15 2024 00: +0,1705276800
0.036,1,Jan 15 2024 01: +0,1705280400
0.033,7,Jan 15 2024 05: +0,1705294800
0.03,1,Jan 15 2024 06: +0,1705298400
0.032,2,Jan 15 2024 07: +0,1705302000
0.035,3,Jan 15 2024 08: +0,1705305600
0.032,4,Jan 15 2024 09: +0,1705309200
0.032,4,Jan 15 2024 10: +0,1705312800
0.034,1,Jan 15 2024 11: +0,1705316400
0.031,3,Jan 15 2024 12: +0,1705320000
0.035,5,Jan 15 2024 14: +0,1705327200
0.034,1,Jan 15 2024 15: +0,1705330800
0.036,3,Jan 15 2024 16: +0,1705334400
0.033,1,Jan 15 2024 17: +0,1705338000
0.035,7,Jan 15 2024 18: +0,1705341600
0.03,4,Jan 15 2024 19: +0,1705345200
0.03,2,Jan 15 2024 20: +0,1705348800
0.03,1,Jan 15 2024 23: +0,1705359600
0.03,6,Jan 16 2024 00: +0,1705363200
0.031,2,Jan 16 2024 01: +0,1705366800
0.037,2,Jan 16 2024 07: +0,1705388400
0.036,6,Jan 16 2024 09: +0,1705395600
0.038,1,Jan 16 2024 10: +0,1705399200
0.034,5,Jan 16 2024 11: +0,1705402800
0.032,2,Jan 16 2024 12: +0,1705406400
0.034,1,Jan 16 2024 13: +0,1705410000
0.035,1,Jan 16 2024 15: +0,1705417200
0.03,7,Jan 16 2024 16: +0,1705420800
0.036,1,Jan 16 2024 17: +0,1705424400
0.035,1,Jan 16 2024 18: +0,1705428000
0.038,4,Jan 16 2024 20: +0,1705435200
0.039,5,Jan 16 2024 21: +0,1705438800
0.034,1,Jan 16 2024 22: +0,1705442400
0.031,4,Jan 16 2024 23: +0,1705446000
0.035,2,Jan 17 2024 00: +0,1705449600
0.03,1,Jan 17 2024 01: +0,1705453200
0.037,6,Jan 17 2024 02: +0,1705456800
0.039,1,Jan 17 2024 03: +0,1705460400
0.03,1,Jan 17 2024 04: +0,1705464000
0.039,3,Jan 17 2024 05: +0,1705467600
0.03,1,Jan 17 2024 06: +0,1705471200
0.038,4,Jan 17 2024 07: +0,1705474800
0.038,3,Jan 17 2024 10: +0,1705485600
0.036,2,Jan 17 2024 11: +0,1705489200
0.034,2,Jan 17 2024 12: +0,1705492800
0.037,2,Jan 17 2024 13: +0,1705496400
0.03,2,Jan 17 2024 14: +0,1705500000
0.03,17,Jan 17 2024 15: +0,1705503600
0.031,184,Jan 17 2024 16: +0,1705507200
0.03,3,Jan 17 2024 17: +0,1705510800
0.03,3,Jan 17 2024 18: +0,1705514400
0.03,1,Jan 17 2024 19: +0,1705518000
0.032,4,Jan 17 2024 20: +0,1705521600
0.033,8,Jan 17 2024 21: +0,1705525200
0.03,3,Jan 17 2024 23: +0,1705532400
0.03,1,Jan 18 2024 02: +0,1705543200
0.034,2,Jan 18 2024 03: +0,1705546800
0.03,1,Jan 18 2024 05: +0,1705554000
0.033,2,Jan 18 2024 06: +0,1705557600
0.03,1,Jan 18 2024 10: +0,1705572000
0.042,8,Jan 18 2024 11: +0,1705575600
0.034,5,Jan 18 2024 12: +0,1705579200
0.03,1,Jan 18 2024 13: +0,1705582800
0.03,5,Jan 18 2024 14: +0,1705586400
0.03,6,Jan 18 2024 15: +0,1705590000
0.031,2,Jan 18 2024 16: +0,1705593600
0.031,2,Jan 18 2024 18: +0,1705600800
0.03,1,Jan 18 2024 19: +0,1705604400
0.03,1,Jan 18 2024 20: +0,1705608000
0.03,1,Jan 18 2024 21: +0,1705611600
0.03,2,Jan 18 2024 23: +0,1705618800
0.03,1,Jan 19 2024 00: +0,1705622400
0.051,2,Jan 19 2024 01: +0,1705626000
0.03,1,Jan 19 2024 04: +0,1705636800
0.047,2,Jan 19 2024 06: +0,1705644000
0.03,1,Jan 19 2024 07: +0,1705647600
0.03,2,Jan 19 2024 08: +0,1705651200
0.03,2,Jan 19 2024 09: +0,1705654800
0.03,1,Jan 19 2024 10: +0,1705658400
0.03,1,Jan 19 2024 11: +0,1705662000
0.032,2,Jan 19 2024 12: +0,1705665600
0.034,1,Jan 19 2024 14: +0,1705672800
0.033,3,Jan 19 2024 15: +0,1705676400
0.03,1,Jan 19 2024 16: +0,1705680000
0.032,2,Jan 19 2024 17: +0,1705683600
0.051,3,Jan 19 2024 18: +0,1705687200
0.03,1,Jan 19 2024 19: +0,1705690800
0.033,5,Jan 19 2024 20: +0,1705694400
0.03,1,Jan 19 2024 21: +0,1705698000
0.03,1,Jan 19 2024 22: +0,1705701600
0.03,3,Jan 20 2024 00: +0,1705708800
0.03,2,Jan 20 2024 01: +0,1705712400
0.03,1,Jan 20 2024 04: +0,1705723200
0.03,1,Jan 20 2024 06: +0,1705730400
0.03,1,Jan 20 2024 08: +0,1705737600
0.032,2,Jan 20 2024 09: +0,1705741200
0.03,1,Jan 20 2024 10: +0,1705744800
0.041,8,Jan 20 2024 11: +0,1705748400
0.03,2,Jan 20 2024 13: +0,1705755600
0.032,2,Jan 20 2024 14: +0,1705759200
0.03,2,Jan 20 2024 15: +0,1705762800
0.03,1,Jan 20 2024 16: +0,1705766400
0.03,8,Jan 20 2024 18: +0,1705773600
0.047,7,Jan 20 2024 20: +0,1705780800
0.03,6,Jan 20 2024 21: +0,1705784400
0.03,2,Jan 20 2024 22: +0,1705788000
0.03,1,Jan 20 2024 23: +0,1705791600
0.03,2,Jan 21 2024 00: +0,1705795200
0.03,1,Jan 21 2024 02: +0,1705802400
0.03,1,Jan 21 2024 03: +0,1705806000
0.034,1,Jan 21 2024 04: +0,1705809600
0.03,3,Jan 21 2024 05: +0,1705813200
0.03,1,Jan 21 2024 07: +0,1705820400
0.03,1,Jan 21 2024 08: +0,1705824000
0.03,5,Jan 21 2024 09: +0,1705827600
0.03,4,Jan 21 2024 10: +0,1705831200
0.03,1,Jan 21 2024 11: +0,1705834800
0.03,1,Jan 21 2024 12: +0,1705838400
0.03,1,Jan 21 2024 13: +0,1705842000
0.03,8,Jan 21 2024 16: +0,1705852800
0.03,2,Jan 21 2024 17: +0,1705856400
0.03,8,Jan 21 2024 20: +0,1705867200
0.03,3,Jan 21 2024 21: +0,1705870800
0.03,2,Jan 21 2024 22: +0,1705874400
0.03,1,Jan 22 2024 00: +0,1705881600
0.031,3,Jan 22 2024 01: +0,1705885200
0.033,3,Jan 22 2024 02: +0,1705888800
0.047,1,Jan 22 2024 03: +0,1705892400
0.03,3,Jan 22 2024 04: +0,1705896000
0.03,2,Jan 22 2024 05: +0,1705899600
0.032,2,Jan 22 2024 06: +0,1705903200
0.03,1,Jan 22 2024 07: +0,1705906800
0.03,1,Jan 22 2024 09: +0,1705914000
0.047,1,Jan 22 2024 10: +0,1705917600
0.03,1,Jan 22 2024 12: +0,1705924800
0.031,8,Jan 22 2024 13: +0,1705928400
0.034,2,Jan 22 2024 14: +0,1705932000
0.03,7,Jan 22 2024 16: +0,1705939200
0.034,1,Jan 22 2024 18: +0,1705946400
0.031,4,Jan 22 2024 19: +0,1705950000
0.03,2,Jan 22 2024 20: +0,1705953600
0.037,4,Jan 22 2024 21: +0,1705957200
0.043,1,Jan 22 2024 22: +0,1705960800
0.043,1,Jan 22 2024 23: +0,1705964400
0.043,1,Jan 23 2024 00: +0,1705968000
0.03,2,Jan 23 2024 01: +0,1705971600
0.03,3,Jan 23 2024 02: +0,1705975200
0.03,2,Jan 23 2024 03: +0,1705978800
0.03,1,Jan 23 2024 05: +0,1705986000
0.043,1,Jan 23 2024 09: +0,1706000400
0.03,2,Jan 23 2024 11: +0,1706007600
0.034,2,Jan 23 2024 12: +0,1706011200
0.035,2,Jan 23 2024 13: +0,1706014800
0.043,1,Jan 23 2024 14: +0,1706018400
0.043,1,Jan 23 2024 15: +0,1706022000
0.03,2,Jan 23 2024 16: +0,1706025600
0.03,2,Jan 23 2024 17: +0,1706029200
0.035,4,Jan 23 2024 18: +0,1706032800
0.043,6,Jan 23 2024 19: +0,1706036400
0.03,5,Jan 23 2024 20: +0,1706040000
0.05,1,Jan 23 2024 21: +0,1706043600
0.042,10,Jan 23 2024 22: +0,1706047200
0.06,5,Jan 24 2024 00: +0,1706054400
0.03,2,Jan 24 2024 04: +0,1706068800
0.03,7,Jan 24 2024 05: +0,1706072400
0.03,1,Jan 24 2024 06: +0,1706076000
0.03,1,Jan 24 2024 08: +0,1706083200
0.051,5,Jan 24 2024 09: +0,1706086800
0.03,1,Jan 24 2024 10: +0,1706090400
0.034,1,Jan 24 2024 11: +0,1706094000
0.032,2,Jan 24 2024 12: +0,1706097600
0.03,2,Jan 24 2024 15: +0,1706108400
0.03,5,Jan 24 2024 17: +0,1706115600
0.03,7,Jan 24 2024 18: +0,1706119200
0.031,5,Jan 24 2024 19: +0,1706122800
0.035,1,Jan 24 2024 20: +0,1706126400
0.034,1,Jan 24 2024 23: +0,1706137200
0.03,3,Jan 25 2024 00: +0,1706140800
0.03,2,Jan 25 2024 01: +0,1706144400
0.033,6,Jan 25 2024 02: +0,1706148000
0.037,2,Jan 25 2024 03: +0,1706151600
0.033,1,Jan 25 2024 04: +0,1706155200
0.03,2,Jan 25 2024 07: +0,1706166000
0.047,3,Jan 25 2024 09: +0,1706173200
0.03,1,Jan 25 2024 12: +0,1706184000
0.03,6,Jan 25 2024 14: +0,1706191200
0.03,1,Jan 25 2024 15: +0,1706194800
0.03,2,Jan 25 2024 17: +0,1706202000
0.03,1,Jan 25 2024 18: +0,1706205600
0.03,2,Jan 25 2024 19: +0,1706209200
0.034,7,Jan 25 2024 20: +0,1706212800
0.03,2,Jan 25 2024 22: +0,1706220000
0.03,2,Jan 25 2024 23: +0,1706223600
0.03,1,Jan 26 2024 02: +0,1706234400
0.03,1,Jan 26 2024 03: +0,1706238000
0.03,1,Jan 26 2024 06: +0,1706248800
0.03,2,Jan 26 2024 07: +0,1706252400
0.03,1,Jan 26 2024 08: +0,1706256000
0.03,29,Jan 26 2024 10: +0,1706263200
0.03,1,Jan 26 2024 11: +0,1706266800
0.03,1,Jan 26 2024 12: +0,1706270400
0.03,1,Jan 26 2024 14: +0,1706277600
0.034,3,Jan 26 2024 16: +0,1706284800
0.03,3,Jan 26 2024 17: +0,1706288400
0.034,9,Jan 26 2024 18: +0,1706292000
0.03,1,Jan 26 2024 19: +0,1706295600
0.034,6,Jan 26 2024 20: +0,1706299200
0.03,1,Jan 26 2024 21: +0,1706302800
0.03,6,Jan 26 2024 22: +0,1706306400
0.036,4,Jan 26 2024 23: +0,1706310000
0.03,6,Jan 27 2024 00: +0,1706313600
0.03,1,Jan 27 2024 01: +0,1706317200
0.03,1,Jan 27 2024 03: +0,1706324400
0.03,1,Jan 27 2024 05: +0,1706331600
0.048,4,Jan 27 2024 07: +0,1706338800
0.04,1,Jan 27 2024 08: +0,1706342400
0.03,1,Jan 27 2024 09: +0,1706346000
0.043,1,Jan 27 2024 10: +0,1706349600
0.03,3,Jan 27 2024 12: +0,1706356800
0.035,3,Jan 27 2024 13: +0,1706360400
0.03,1,Jan 27 2024 14: +0,1706364000
0.035,1,Jan 27 2024 15: +0,1706367600
0.03,1,Jan 27 2024 16: +0,1706371200
0.03,5,Jan 27 2024 17: +0,1706374800
0.03,5,Jan 27 2024 18: +0,1706378400
0.03,5,Jan 27 2024 19: +0,1706382000
0.03,8,Jan 27 2024 20: +0,1706385600
0.035,1,Jan 27 2024 21: +0,1706389200
0.03,3,Jan 27 2024 22: +0,1706392800
0.03,2,Jan 27 2024 23: +0,1706396400
0.03,1,Jan 28 2024 02: +0,1706407200
0.035,1,Jan 28 2024 03: +0,1706410800
0.03,1,Jan 28 2024 04: +0,1706414400
0.03,2,Jan 28 2024 05: +0,1706418000
0.03,3,Jan 28 2024 07: +0,1706425200
0.03,1,Jan 28 2024 08: +0,1706428800
0.03,1,Jan 28 2024 11: +0,1706439600
0.035,1,Jan 28 2024 12: +0,1706443200
0.03,4,Jan 28 2024 13: +0,1706446800
0.03,4,Jan 28 2024 15: +0,1706454000
0.03,21,Jan 28 2024 16: +0,1706457600
0.03,2,Jan 28 2024 17: +0,1706461200
0.03,2,Jan 28 2024 18: +0,1706464800
0.043,1,Jan 28 2024 19: +0,1706468400
0.03,2,Jan 28 2024 20: +0,1706472000
0.035,1,Jan 28 2024 21: +0,1706475600
0.03,3,Jan 28 2024 22: +0,1706479200
0.035,1,Jan 28 2024 23: +0,1706482800
0.03,1,Jan 29 2024 00: +0,1706486400
0.03,1,Jan 29 2024 02: +0,1706493600
0.03,2,Jan 29 2024 03: +0,1706497200
0.035,1,Jan 29 2024 04: +0,1706500800
0.03,2,Jan 29 2024 05: +0,1706504400
0.03,1,Jan 29 2024 06: +0,1706508000
0.048,2,Jan 29 2024 08: +0,1706515200
0.03,10,Jan 29 2024 09: +0,1706518800
0.03,1,Jan 29 2024 10: +0,1706522400
0.03,4,Jan 29 2024 11: +0,1706526000
0.03,1,Jan 29 2024 13: +0,1706533200
0.03,2,Jan 29 2024 14: +0,1706536800
0.03,2,Jan 29 2024 15: +0,1706540400
0.03,3,Jan 29 2024 16: +0,1706544000
0.03,2,Jan 29 2024 17: +0,1706547600
0.03,1,Jan 29 2024 18: +0,1706551200
0.03,5,Jan 29 2024 19: +0,1706554800
0.03,2,Jan 29 2024 20: +0,1706558400
0.03,1,Jan 29 2024 21: +0,1706562000
0.03,3,Jan 29 2024 22: +0,1706565600
0.03,1,Jan 29 2024 23: +0,1706569200
0.03,1,Jan 30 2024 00: +0,1706572800
0.03,5,Jan 30 2024 01: +0,1706576400
0.034,2,Jan 30 2024 03: +0,1706583600
0.03,1,Jan 30 2024 04: +0,1706587200
0.034,1,Jan 30 2024 06: +0,1706594400
0.03,1,Jan 30 2024 10: +0,1706608800
0.03,1,Jan 30 2024 12: +0,1706616000
0.03,2,Jan 30 2024 13: +0,1706619600
0.043,6,Jan 30 2024 15: +0,1706626800
0.03,6,Jan 30 2024 16: +0,1706630400
0.034,1,Jan 30 2024 17: +0,1706634000
0.043,155,Jan 30 2024 18: +0,1706637600
0.03,7,Jan 30 2024 19: +0,1706641200
0.03,3,Jan 30 2024 20: +0,1706644800
0.03,7,Jan 30 2024 21: +0,1706648400
0.03,2,Jan 30 2024 22: +0,1706652000
0.03,1,Jan 30 2024 23: +0,1706655600
0.03,4,Jan 31 2024 00: +0,1706659200
0.03,2,Jan 31 2024 01: +0,1706662800
0.03,2,Jan 31 2024 03: +0,1706670000
0.03,1,Jan 31 2024 05: +0,1706677200
0.03,2,Jan 31 2024 06: +0,1706680800
0.03,1,Jan 31 2024 07: +0,1706684400
0.03,4,Jan 31 2024 08: +0,1706688000
0.03,2,Jan 31 2024 09: +0,1706691600
0.034,1,Jan 31 2024 10: +0,1706695200
0.03,6,Jan 31 2024 11: +0,1706698800
0.03,1,Jan 31 2024 12: +0,1706702400
0.03,2,Jan 31 2024 13: +0,1706706000
0.03,2,Jan 31 2024 14: +0,1706709600
0.03,2,Jan 31 2024 15: +0,1706713200
0.03,1,Jan 31 2024 16: +0,1706716800
0.03,5,Jan 31 2024 17: +0,1706720400
0.03,5,Jan 31 2024 18: +0,1706724000
0.03,3,Jan 31 2024 19: +0,1706727600
0.03,3,Jan 31 2024 20: +0,1706731200
0.03,1,Jan 31 2024 21: +0,1706734800
0.035,5,Jan 31 2024 22: +0,1706738400
0.03,3,Feb 01 2024 00: +0,1706745600
0.03,5,Feb 01 2024 02: +0,1706752800
0.03,3,Feb 01 2024 03: +0,1706756400
0.043,8,Feb 01 2024 04: +0,1706760000
0.03,2,Feb 01 2024 05: +0,1706763600
0.035,4,Feb 01 2024 06: +0,1706767200
0.03,5,Feb 01 2024 08: +0,1706774400
0.03,2,Feb 01 2024 09: +0,1706778000
0.03,4,Feb 01 2024 10: +0,1706781600
0.03,6,Feb 01 2024 11: +0,1706785200
0.03,1,Feb 01 2024 12: +0,1706788800
0.03,2,Feb 01 2024 13: +0,1706792400
0.03,1,Feb 01 2024 14: +0,1706796000
0.031,2,Feb 01 2024 15: +0,1706799600
0.03,4,Feb 01 2024 16: +0,1706803200
0.03,1,Feb 01 2024 17: +0,1706806800
0.03,1,Feb 01 2024 18: +0,1706810400
0.03,1,Feb 01 2024 19: +0,1706814000
0.03,1,Feb 01 2024 20: +0,1706817600
0.03,1,Feb 01 2024 21: +0,1706821200
0.03,1,Feb 01 2024 23: +0,1706828400
0.03,4,Feb 02 2024 00: +0,1706832000
0.03,3,Feb 02 2024 01: +0,1706835600
0.043,14,Feb 02 2024 02: +0,1706839200
0.03,2,Feb 02 2024 03: +0,1706842800
0.03,2,Feb 02 2024 07: +0,1706857200
0.03,2,Feb 02 2024 08: +0,1706860800
0.03,3,Feb 02 2024 09: +0,1706864400
0.03,2,Feb 02 2024 10: +0,1706868000
0.034,3,Feb 02 2024 11: +0,1706871600
0.03,3,Feb 02 2024 12: +0,1706875200
0.048,3,Feb 02 2024 13: +0,1706878800
0.03,6,Feb 02 2024 14: +0,1706882400
0.034,2,Feb 02 2024 15: +0,1706886000
0.03,8,Feb 02 2024 17: +0,1706893200
0.03,3,Feb 02 2024 18: +0,1706896800
0.03,3,Feb 02 2024 19: +0,1706900400
0.03,7,Feb 02 2024 20: +0,1706904000
0.03,8,Feb 02 2024 21: +0,1706907600
0.034,6,Feb 02 2024 23: +0,1706914800
0.03,2,Feb 03 2024 00: +0,1706918400
0.03,4,Feb 03 2024 02: +0,1706925600
0.03,1,Feb 03 2024 03: +0,1706929200
0.03,4,Feb 03 2024 06: +0,1706940000
0.03,1,Feb 03 2024 08: +0,1706947200
0.03,4,Feb 03 2024 09: +0,1706950800
0.03,2,Feb 03 2024 11: +0,1706958000
0.032,2,Feb 03 2024 12: +0,1706961600
0.03,10,Feb 03 2024 13: +0,1706965200
0.03,1,Feb 03 2024 14: +0,1706968800
0.03,1,Feb 03 2024 15: +0,1706972400
0.03,2,Feb 03 2024 17: +0,1706979600
0.034,3,Feb 03 2024 18: +0,1706983200
0.03,1,Feb 03 2024 19: +0,1706986800
0.034,11,Feb 03 2024 20: +0,1706990400
0.03,6,Feb 03 2024 21: +0,1706994000
0.03,3,Feb 03 2024 22: +0,1706997600
0.03,1,Feb 04 2024 01: +0,1707008400
0.03,21,Feb 04 2024 04: +0,1707019200
0.03,1,Feb 04 2024 06: +0,1707026400
0.03,1,Feb 04 2024 07: +0,1707030000
0.034,1,Feb 04 2024 08: +0,1707033600
0.043,5,Feb 04 2024 09: +0,1707037200
0.03,1,Feb 04 2024 10: +0,1707040800
0.03,1,Feb 04 2024 11: +0,1707044400
0.03,3,Feb 04 2024 12: +0,1707048000
0.03,26,Feb 04 2024 13: +0,1707051600
0.03,1,Feb 04 2024 15: +0,1707058800
0.03,2,Feb 04 2024 16: +0,1707062400
0.03,4,Feb 04 2024 17: +0,1707066000
0.03,16,Feb 04 2024 18: +0,1707069600
0.03,2,Feb 04 2024 19: +0,1707073200
0.03,27,Feb 04 2024 21: +0,1707080400
0.03,2,Feb 04 2024 22: +0,1707084000
0.03,2,Feb 04 2024 23: +0,1707087600
0.036,2,Feb 05 2024 00: +0,1707091200
0.03,3,Feb 05 2024 01: +0,1707094800
0.03,1,Feb 05 2024 03: +0,1707102000
0.03,3,Feb 05 2024 07: +0,1707116400
0.03,2,Feb 05 2024 08: +0,1707120000
0.03,1,Feb 05 2024 09: +0,1707123600
0.03,1,Feb 05 2024 10: +0,1707127200
0.03,1,Feb 05 2024 11: +0,1707130800
0.03,3,Feb 05 2024 12: +0,1707134400
0.03,10,Feb 05 2024 13: +0,1707138000
0.03,6,Feb 05 2024 14: +0,1707141600
0.03,1,Feb 05 2024 15: +0,1707145200
0.03,19,Feb 05 2024 16: +0,1707148800
0.03,2,Feb 05 2024 17: +0,1707152400
0.03,5,Feb 05 2024 18: +0,1707156000
0.03,3,Feb 05 2024 19: +0,1707159600
0.03,4,Feb 05 2024 20: +0,1707163200
0.03,2,Feb 05 2024 21: +0,1707166800
0.03,2,Feb 05 2024 22: +0,1707170400
0.03,1,Feb 05 2024 23: +0,1707174000
0.03,3,Feb 06 2024 00: +0,1707177600
0.035,1,Feb 06 2024 02: +0,1707184800
0.03,1,Feb 06 2024 03: +0,1707188400
0.048,1,Feb 06 2024 06: +0,1707199200
0.03,1,Feb 06 2024 07: +0,1707202800
0.03,3,Feb 06 2024 08: +0,1707206400
0.03,1,Feb 06 2024 10: +0,1707213600
0.03,7,Feb 06 2024 12: +0,1707220800
0.03,1,Feb 06 2024 13: +0,1707224400
0.03,5,Feb 06 2024 14: +0,1707228000
0.03,5,Feb 06 2024 15: +0,1707231600
0.03,10,Feb 06 2024 16: +0,1707235200
0.03,1,Feb 06 2024 17: +0,1707238800
0.03,1,Feb 06 2024 18: +0,1707242400
0.03,4,Feb 06 2024 19: +0,1707246000
0.03,3,Feb 06 2024 21: +0,1707253200
0.03,1,Feb 06 2024 22: +0,1707256800
0.03,2,Feb 06 2024 23: +0,1707260400
0.03,3,Feb 07 2024 01: +0,1707267600
0.048,10,Feb 07 2024 02: +0,1707271200
0.048,7,Feb 07 2024 03: +0,1707274800
0.03,3,Feb 07 2024 04: +0,1707278400
0.03,4,Feb 07 2024 05: +0,1707282000
0.03,3,Feb 07 2024 06: +0,1707285600
0.03,3,Feb 07 2024 07: +0,1707289200
0.03,4,Feb 07 2024 08: +0,1707292800
0.03,8,Feb 07 2024 09: +0,1707296400
0.04,7,Feb 07 2024 10: +0,1707300000
0.03,7,Feb 07 2024 11: +0,1707303600
0.043,20,Feb 07 2024 12: +0,1707307200
0.03,4,Feb 07 2024 13: +0,1707310800
0.031,9,Feb 07 2024 14: +0,1707314400
0.03,8,Feb 07 2024 15: +0,1707318000
0.03,10,Feb 07 2024 16: +0,1707321600
0.03,7,Feb 07 2024 17: +0,1707325200
0.043,6,Feb 07 2024 18: +0,1707328800
0.031,9,Feb 07 2024 19: +0,1707332400
0.03,7,Feb 07 2024 20: +0,1707336000
0.033,21,Feb 07 2024 21: +0,1707339600
0.03,3,Feb 07 2024 22: +0,1707343200
0.048,9,Feb 07 2024 23: +0,1707346800
0.032,3,Feb 08 2024 00: +0,1707350400
0.041,9,Feb 08 2024 01: +0,1707354000
0.051,8,Feb 08 2024 02: +0,1707357600
0.032,6,Feb 08 2024 03: +0,1707361200
0.048,4,Feb 08 2024 04: +0,1707364800
0.03,3,Feb 08 2024 05: +0,1707368400
0.032,9,Feb 08 2024 06: +0,1707372000
0.048,2,Feb 08 2024 08: +0,1707379200
0.03,1,Feb 08 2024 09: +0,1707382800
0.03,7,Feb 08 2024 10: +0,1707386400
0.033,3,Feb 08 2024 11: +0,1707390000
0.03,7,Feb 08 2024 12: +0,1707393600
0.03,5,Feb 08 2024 13: +0,1707397200
0.033,7,Feb 08 2024 14: +0,1707400800
0.033,10,Feb 08 2024 15: +0,1707404400
0.032,16,Feb 08 2024 16: +0,1707408000
0.03,7,Feb 08 2024 17: +0,1707411600
0.037,11,Feb 08 2024 18: +0,1707415200
0.037,9,Feb 08 2024 19: +0,1707418800
0.03,4,Feb 08 2024 20: +0,1707422400
0.031,5,Feb 08 2024 21: +0,1707426000
0.037,17,Feb 08 2024 22: +0,1707429600
0.03,9,Feb 08 2024 23: +0,1707433200
0.03,4,Feb 09 2024 00: +0,1707436800
0.041,3,Feb 09 2024 02: +0,1707444000
0.03,8,Feb 09 2024 03: +0,1707447600
0.03,2,Feb 09 2024 05: +0,1707454800
0.03,3,Feb 09 2024 06: +0,1707458400
0.03,1,Feb 09 2024 07: +0,1707462000
0.03,1,Feb 09 2024 08: +0,1707465600
0.043,6,Feb 09 2024 09: +0,1707469200
0.03,3,Feb 09 2024 10: +0,1707472800
0.03,3,Feb 09 2024 11: +0,1707476400
0.03,3,Feb 09 2024 12: +0,1707480000
0.03,3,Feb 09 2024 13: +0,1707483600
0.03,1,Feb 09 2024 14: +0,1707487200
0.031,7,Feb 09 2024 15: +0,1707490800
0.03,7,Feb 09 2024 16: +0,1707494400
0.03,2,Feb 09 2024 17: +0,1707498000
0.03,9,Feb 09 2024 18: +0,1707501600
0.03,12,Feb 09 2024 19: +0,1707505200
0.03,11,Feb 09 2024 20: +0,1707508800
0.03,4,Feb 09 2024 21: +0,1707512400
0.03,4,Feb 09 2024 22: +0,1707516000
0.03,5,Feb 09 2024 23: +0,1707519600
0.031,19,Feb 10 2024 00: +0,1707523200
0.05,5,Feb 10 2024 01: +0,1707526800
0.035,13,Feb 10 2024 02: +0,1707530400
0.03,1,Feb 10 2024 03: +0,1707534000
0.035,2,Feb 10 2024 05: +0,1707541200
0.03,1,Feb 10 2024 07: +0,1707548400
0.03,2,Feb 10 2024 08: +0,1707552000
0.03,2,Feb 10 2024 09: +0,1707555600
0.03,5,Feb 10 2024 11: +0,1707562800
0.03,4,Feb 10 2024 12: +0,1707566400
0.03,1,Feb 10 2024 13: +0,1707570000
0.037,2,Feb 10 2024 14: +0,1707573600
0.03,5,Feb 10 2024 15: +0,1707577200
0.03,5,Feb 10 2024 16: +0,1707580800
0.035,2,Feb 10 2024 17: +0,1707584400
0.034,2,Feb 10 2024 18: +0,1707588000
0.03,2,Feb 10 2024 19: +0,1707591600
0.03,2,Feb 10 2024 20: +0,1707595200
0.041,2,Feb 10 2024 21: +0,1707598800
0.04,5,Feb 10 2024 23: +0,1707606000
0.03,4,Feb 11 2024 00: +0,1707609600
0.048,1,Feb 11 2024 02: +0,1707616800
0.03,2,Feb 11 2024 03: +0,1707620400
0.034,1,Feb 11 2024 05: +0,1707627600
0.048,4,Feb 11 2024 07: +0,1707634800
0.03,3,Feb 11 2024 09: +0,1707642000
0.034,1,Feb 11 2024 10: +0,1707645600
0.034,14,Feb 11 2024 11: +0,1707649200
0.03,14,Feb 11 2024 12: +0,1707652800
0.03,5,Feb 11 2024 13: +0,1707656400
0.03,7,Feb 11 2024 14: +0,1707660000
0.031,10,Feb 11 2024 15: +0,1707663600
0.03,5,Feb 11 2024 16: +0,1707667200
0.03,11,Feb 11 2024 17: +0,1707670800
0.03,2,Feb 11 2024 18: +0,1707674400
0.03,2,Feb 11 2024 19: +0,1707678000
0.03,6,Feb 11 2024 20: +0,1707681600
0.034,9,Feb 11 2024 21: +0,1707685200
0.034,4,Feb 11 2024 22: +0,1707688800
0.03,6,Feb 11 2024 23: +0,1707692400
0.05,5,Feb 12 2024 00: +0,1707696000
0.03,2,Feb 12 2024 01: +0,1707699600
0.03,1,Feb 12 2024 03: +0,1707706800
0.039,3,Feb 12 2024 04: +0,1707710400
0.03,3,Feb 12 2024 05: +0,1707714000
0.03,1,Feb 12 2024 06: +0,1707717600
0.03,1,Feb 12 2024 07: +0,1707721200
0.031,2,Feb 12 2024 10: +0,1707732000
0.037,104,Feb 12 2024 11: +0,1707735600
0.033,9,Feb 12 2024 12: +0,1707739200
0.038,2,Feb 12 2024 13: +0,1707742800
0.042,6,Feb 12 2024 14: +0,1707746400
0.036,4,Feb 12 2024 15: +0,1707750000
0.042,1,Feb 12 2024 16: +0,1707753600
0.038,1,Feb 12 2024 17: +0,1707757200
0.034,8,Feb 12 2024 18: +0,1707760800
0.032,3,Feb 12 2024 19: +0,1707764400
0.03,7,Feb 12 2024 20: +0,1707768000
0.037,3,Feb 12 2024 21: +0,1707771600
0.03,3,Feb 12 2024 22: +0,1707775200
0.051,3,Feb 12 2024 23: +0,1707778800
0.033,1,Feb 13 2024 00: +0,1707782400
0.03,1,Feb 13 2024 03: +0,1707793200
0.03,1,Feb 13 2024 04: +0,1707796800
0.03,1,Feb 13 2024 05: +0,1707800400
0.03,1,Feb 13 2024 06: +0,1707804000
0.034,2,Feb 13 2024 07: +0,1707807600
0.03,1,Feb 13 2024 08: +0,1707811200
0.03,2,Feb 13 2024 09: +0,1707814800
0.034,1,Feb 13 2024 10: +0,1707818400
0.051,1,Feb 13 2024 11: +0,1707822000
0.031,1,Feb 13 2024 12: +0,1707825600
0.035,6,Feb 13 2024 13: +0,1707829200
0.034,1,Feb 13 2024 14: +0,1707832800
0.03,4,Feb 13 2024 15: +0,1707836400
0.03,3,Feb 13 2024 16: +0,1707840000
0.03,3,Feb 13 2024 17: +0,1707843600
0.03,5,Feb 13 2024 18: +0,1707847200
0.03,5,Feb 13 2024 19: +0,1707850800
0.03,3,Feb 13 2024 20: +0,1707854400
0.051,13,Feb 13 2024 22: +0,1707861600
0.039,1,Feb 13 2024 23: +0,1707865200
0.03,2,Feb 14 2024 04: +0,1707883200
0.044,101,Feb 14 2024 06: +0,1707890400
0.035,1,Feb 14 2024 07: +0,1707894000
0.033,1,Feb 14 2024 08: +0,1707897600
0.033,5,Feb 14 2024 09: +0,1707901200
0.03,7,Feb 14 2024 10: +0,1707904800
0.03,4,Feb 14 2024 11: +0,1707908400
0.034,7,Feb 14 2024 12: +0,1707912000
0.042,2,Feb 14 2024 13: +0,1707915600
0.034,1,Feb 14 2024 14: +0,1707919200
0.034,7,Feb 14 2024 15: +0,1707922800
0.03,4,Feb 14 2024 16: +0,1707926400
0.032,5,Feb 14 2024 17: +0,1707930000
0.032,11,Feb 14 2024 18: +0,1707933600
0.035,3,Feb 14 2024 19: +0,1707937200
0.056,2,Feb 14 2024 20: +0,1707940800
0.03,4,Feb 14 2024 22: +0,1707948000
0.03,4,Feb 14 2024 23: +0,1707951600
0.05,6,Feb 15 2024 00: +0,1707955200
0.036,1,Feb 15 2024 01: +0,1707958800
0.056,1,Feb 15 2024 02: +0,1707962400
0.037,6,Feb 15 2024 03: +0,1707966000
0.037,3,Feb 15 2024 04: +0,1707969600
0.038,1,Feb 15 2024 06: +0,1707976800
0.038,1,Feb 15 2024 07: +0,1707980400
0.034,3,Feb 15 2024 08: +0,1707984000
0.048,8,Feb 15 2024 09: +0,1707987600
0.041,5,Feb 15 2024 10: +0,1707991200
0.031,1,Feb 15 2024 11: +0,1707994800
0.03,4,Feb 15 2024 12: +0,1707998400
0.03,1,Feb 15 2024 13: +0,1708002000
0.03,94,Feb 15 2024 14: +0,1708005600
0.034,3,Feb 15 2024 15: +0,1708009200
0.037,10,Feb 15 2024 16: +0,1708012800
0.051,1,Feb 15 2024 17: +0,1708016400
0.042,2,Feb 15 2024 18: +0,1708020000
0.03,4,Feb 15 2024 19: +0,1708023600
0.03,5,Feb 15 2024 20: +0,1708027200
0.03,9,Feb 15 2024 21: +0,1708030800
0.034,4,Feb 15 2024 22: +0,1708034400
0.039,2,Feb 15 2024 23: +0,1708038000
0.035,2,Feb 16 2024 00: +0,1708041600
0.043,3,Feb 16 2024 01: +0,1708045200
0.03,2,Feb 16 2024 02: +0,1708048800
0.034,2,Feb 16 2024 03: +0,1708052400
0.03,38,Feb 16 2024 04: +0,1708056000
0.034,1,Feb 16 2024 06: +0,1708063200
0.034,3,Feb 16 2024 07: +0,1708066800
0.03,1,Feb 16 2024 08: +0,1708070400
0.032,1,Feb 16 2024 09: +0,1708074000
0.03,1,Feb 16 2024 10: +0,1708077600
0.033,4,Feb 16 2024 11: +0,1708081200
0.03,6,Feb 16 2024 12: +0,1708084800
0.034,2,Feb 16 2024 13: +0,1708088400
0.031,4,Feb 16 2024 14: +0,1708092000
0.03,1,Feb 16 2024 15: +0,1708095600
0.033,3,Feb 16 2024 16: +0,1708099200
0.034,7,Feb 16 2024 17: +0,1708102800
0.03,5,Feb 16 2024 18: +0,1708106400
0.03,9,Feb 16 2024 19: +0,1708110000
0.051,7,Feb 16 2024 20: +0,1708113600
0.03,6,Feb 16 2024 21: +0,1708117200
0.03,1,Feb 16 2024 22: +0,1708120800
0.039,2,Feb 16 2024 23: +0,1708124400
0.039,1,Feb 17 2024 00: +0,1708128000
0.051,2,Feb 17 2024 01: +0,1708131600
0.034,1,Feb 17 2024 02: +0,1708135200
0.034,1,Feb 17 2024 03: +0,1708138800
0.037,1,Feb 17 2024 04: +0,1708142400
0.03,1,Feb 17 2024 05: +0,1708146000
0.031,1,Feb 17 2024 06: +0,1708149600
0.039,1,Feb 17 2024 07: +0,1708153200
0.036,1,Feb 17 2024 09: +0,1708160400
0.031,2,Feb 17 2024 10: +0,1708164000
0.03,5,Feb 17 2024 11: +0,1708167600
0.031,6,Feb 17 2024 12: +0,1708171200
0.038,3,Feb 17 2024 13: +0,1708174800
0.036,5,Feb 17 2024 14: +0,1708178400
0.047,8,Feb 17 2024 15: +0,1708182000
0.037,3,Feb 17 2024 17: +0,1708189200
0.051,1,Feb 17 2024 18: +0,1708192800
0.04,35,Feb 17 2024 19: +0,1708196400
0.03,3,Feb 17 2024 20: +0,1708200000
0.034,5,Feb 17 2024 21: +0,1708203600
0.04,16,Feb 17 2024 22: +0,1708207200
0.038,6,Feb 17 2024 23: +0,1708210800
0.03,4,Feb 18 2024 00: +0,1708214400
0.037,2,Feb 18 2024 01: +0,1708218000
0.03,2,Feb 18 2024 03: +0,1708225200
0.034,3,Feb 18 2024 04: +0,1708228800
0.032,3,Feb 18 2024 06: +0,1708236000
0.034,3,Feb 18 2024 08: +0,1708243200
0.051,6,Feb 18 2024 09: +0,1708246800
0.03,4,Feb 18 2024 10: +0,1708250400
0.039,8,Feb 18 2024 13: +0,1708261200
0.043,6,Feb 18 2024 14: +0,1708264800
0.031,4,Feb 18 2024 15: +0,1708268400
0.03,1,Feb 18 2024 16: +0,1708272000
0.03,1,Feb 18 2024 17: +0,1708275600
0.032,1,Feb 18 2024 18: +0,1708279200
0.04,2,Feb 18 2024 19: +0,1708282800
0.03,8,Feb 18 2024 20: +0,1708286400
0.03,3,Feb 18 2024 21: +0,1708290000
0.031,4,Feb 18 2024 22: +0,1708293600
0.036,6,Feb 18 2024 23: +0,1708297200
0.03,1,Feb 19 2024 02: +0,1708308000
0.03,1,Feb 19 2024 03: +0,1708311600
0.036,5,Feb 19 2024 06: +0,1708322400
0.036,2,Feb 19 2024 07: +0,1708326000
0.036,5,Feb 19 2024 10: +0,1708336800
0.03,1,Feb 19 2024 11: +0,1708340400
0.034,3,Feb 19 2024 13: +0,1708347600
0.037,1,Feb 19 2024 14: +0,1708351200
0.036,4,Feb 19 2024 15: +0,1708354800
0.034,1,Feb 19 2024 17: +0,1708362000
0.03,1,Feb 19 2024 18: +0,1708365600
0.03,5,Feb 19 2024 21: +0,1708376400
0.034,7,Feb 19 2024 22: +0,1708380000
0.034,3,Feb 20 2024 00: +0,1708387200
0.03,1,Feb 20 2024 03: +0,1708398000
0.03,1,Feb 20 2024 04: +0,1708401600
0.03,1,Feb 20 2024 05: +0,1708405200
0.03,7,Feb 20 2024 06: +0,1708408800
0.03,1,Feb 20 2024 07: +0,1708412400
0.03,4,Feb 20 2024 08: +0,1708416000
0.03,8,Feb 20 2024 09: +0,1708419600
0.03,1,Feb 20 2024 10: +0,1708423200
0.03,5,Feb 20 2024 12: +0,1708430400
0.034,9,Feb 20 2024 13: +0,1708434000
0.039,2,Feb 20 2024 14: +0,1708437600
0.032,2,Feb 20 2024 15: +0,1708441200
0.032,2,Feb 20 2024 16: +0,1708444800
0.031,4,Feb 20 2024 17: +0,1708448400
0.03,5,Feb 20 2024 18: +0,1708452000
0.032,4,Feb 20 2024 19: +0,1708455600
0.036,11,Feb 20 2024 20: +0,1708459200
0.033,4,Feb 20 2024 21: +0,1708462800
0.036,4,Feb 20 2024 23: +0,1708470000
0.032,1,Feb 21 2024 00: +0,1708473600
0.03,2,Feb 21 2024 01: +0,1708477200
0.037,1,Feb 21 2024 03: +0,1708484400
0.03,2,Feb 21 2024 04: +0,1708488000
0.03,2,Feb 21 2024 05: +0,1708491600
0.037,9,Feb 21 2024 06: +0,1708495200
0.03,4,Feb 21 2024 07: +0,1708498800
0.033,2,Feb 21 2024 08: +0,1708502400
0.03,1,Feb 21 2024 09: +0,1708506000
0.047,1,Feb 21 2024 10: +0,1708509600
0.034,6,Feb 21 2024 11: +0,1708513200
0.03,6,Feb 21 2024 12: +0,1708516800
0.03,1,Feb 21 2024 13: +0,1708520400
0.035,5,Feb 21 2024 14: +0,1708524000
0.035,9,Feb 21 2024 15: +0,1708527600
0.034,5,Feb 21 2024 16: +0,1708531200
0.035,15,Feb 21 2024 17: +0,1708534800
0.036,4,Feb 21 2024 18: +0,1708538400
0.035,4,Feb 21 2024 19: +0,1708542000
0.034,4,Feb 21 2024 20: +0,1708545600
0.035,9,Feb 21 2024 21: +0,1708549200
0.03,1,Feb 21 2024 22: +0,1708552800
0.035,9,Feb 21 2024 23: +0,1708556400
0.042,2,Feb 22 2024 00: +0,1708560000
0.03,1,Feb 22 2024 02: +0,1708567200
0.032,2,Feb 22 2024 03: +0,1708570800
0.031,1,Feb 22 2024 05: +0,1708578000
0.051,2,Feb 22 2024 06: +0,1708581600
0.033,2,Feb 22 2024 07: +0,1708585200
0.036,5,Feb 22 2024 08: +0,1708588800
0.033,4,Feb 22 2024 09: +0,1708592400
0.035,2,Feb 22 2024 10: +0,1708596000
0.036,8,Feb 22 2024 11: +0,1708599600
0.032,6,Feb 22 2024 12: +0,1708603200
0.034,9,Feb 22 2024 13: +0,1708606800
0.035,6,Feb 22 2024 14: +0,1708610400
0.035,3,Feb 22 2024 15: +0,1708614000
0.038,4,Feb 22 2024 16: +0,1708617600
0.03,5,Feb 22 2024 17: +0,1708621200
0.03,4,Feb 22 2024 18: +0,1708624800
0.03,4,Feb 22 2024 19: +0,1708628400
0.034,2,Feb 22 2024 20: +0,1708632000
0.034,7,Feb 22 2024 21: +0,1708635600
0.03,1,Feb 22 2024 22: +0,1708639200
0.036,9,Feb 22 2024 23: +0,1708642800
0.03,1,Feb 23 2024 00: +0,1708646400
0.036,5,Feb 23 2024 01: +0,1708650000
0.03,2,Feb 23 2024 02: +0,1708653600
0.037,6,Feb 23 2024 03: +0,1708657200
0.03,3,Feb 23 2024 04: +0,1708660800
0.03,3,Feb 23 2024 05: +0,1708664400
0.031,1,Feb 23 2024 06: +0,1708668000
0.033,4,Feb 23 2024 07: +0,1708671600
0.034,12,Feb 23 2024 08: +0,1708675200
0.03,1,Feb 23 2024 09: +0,1708678800
0.034,21,Feb 23 2024 10: +0,1708682400
0.036,3,Feb 23 2024 11: +0,1708686000
0.037,3,Feb 23 2024 12: +0,1708689600
0.031,2,Feb 23 2024 14: +0,1708696800
0.03,5,Feb 23 2024 15: +0,1708700400
0.03,4,Feb 23 2024 16: +0,1708704000
0.034,8,Feb 23 2024 17: +0,1708707600
0.03,2,Feb 23 2024 18: +0,1708711200
0.03,3,Feb 23 2024 19: +0,1708714800
0.03,4,Feb 23 2024 20: +0,1708718400
0.03,5,Feb 23 2024 21: +0,1708722000
0.03,3,Feb 23 2024 22: +0,1708725600
0.032,1,Feb 23 2024 23: +0,1708729200
0.034,2,Feb 24 2024 00: +0,1708732800
0.03,1,Feb 24 2024 01: +0,1708736400
0.035,2,Feb 24 2024 02: +0,1708740000
0.038,2,Feb 24 2024 03: +0,1708743600
0.047,6,Feb 24 2024 04: +0,1708747200
0.03,21,Feb 24 2024 05: +0,1708750800
0.03,1,Feb 24 2024 06: +0,1708754400
0.03,1,Feb 24 2024 08: +0,1708761600
0.03,3,Feb 24 2024 09: +0,1708765200
0.047,26,Feb 24 2024 11: +0,1708772400
0.032,2,Feb 24 2024 12: +0,1708776000
0.043,1,Feb 24 2024 13: +0,1708779600
0.03,7,Feb 24 2024 14: +0,1708783200
0.03,3,Feb 24 2024 16: +0,1708790400
0.03,6,Feb 24 2024 17: +0,1708794000
0.03,10,Feb 24 2024 18: +0,1708797600
0.03,4,Feb 24 2024 20: +0,1708804800
0.033,1,Feb 24 2024 21: +0,1708808400
0.037,2,Feb 24 2024 22: +0,1708812000
0.03,3,Feb 24 2024 23: +0,1708815600
0.03,4,Feb 25 2024 00: +0,1708819200
0.03,2,Feb 25 2024 02: +0,1708826400
0.033,3,Feb 25 2024 03: +0,1708830000
0.033,14,Feb 25 2024 04: +0,1708833600
0.033,3,Feb 25 2024 05: +0,1708837200
0.031,4,Feb 25 2024 06: +0,1708840800
0.036,2,Feb 25 2024 07: +0,1708844400
0.033,4,Feb 25 2024 08: +0,1708848000
0.03,3,Feb 25 2024 09: +0,1708851600
0.036,2,Feb 25 2024 10: +0,1708855200
0.03,1,Feb 25 2024 11: +0,1708858800
0.03,6,Feb 25 2024 12: +0,1708862400
0.03,14,Feb 25 2024 13: +0,1708866000
0.03,2,Feb 25 2024 14: +0,1708869600
0.031,12,Feb 25 2024 15: +0,1708873200
0.03,2,Feb 25 2024 16: +0,1708876800
0.03,6,Feb 25 2024 18: +0,1708884000
0.051,7,Feb 25 2024 19: +0,1708887600
0.031,5,Feb 25 2024 20: +0,1708891200
0.03,12,Feb 25 2024 21: +0,1708894800
0.03,5,Feb 25 2024 22: +0,1708898400
0.033,2,Feb 25 2024 23: +0,1708902000
0.03,1,Feb 26 2024 00: +0,1708905600
0.03,1,Feb 26 2024 02: +0,1708912800
0.036,49,Feb 26 2024 06: +0,1708927200
0.03,4,Feb 26 2024 07: +0,1708930800
0.03,4,Feb 26 2024 08: +0,1708934400
0.03,1,Feb 26 2024 09: +0,1708938000
0.055,4,Feb 26 2024 10: +0,1708941600
0.041,98,Feb 26 2024 11: +0,1708945200
0.03,2,Feb 26 2024 12: +0,1708948800
0.055,304,Feb 26 2024 13: +0,1708952400
0.055,58,Feb 26 2024 14: +0,1708956000
0.062,141,Feb 26 2024 15: +0,1708959600
0.061,8,Feb 26 2024 16: +0,1708963200
0.061,26,Feb 26 2024 17: +0,1708966800
0.061,56,Feb 26 2024 18: +0,1708970400
0.059,66,Feb 26 2024 19: +0,1708974000
0.063,97,Feb 26 2024 20: +0,1708977600
0.065,10,Feb 26 2024 21: +0,1708981200
0.05,4,Feb 26 2024 22: +0,1708984800
0.062,9,Feb 26 2024 23: +0,1708988400
0.065,19,Feb 27 2024 00: +0,1708992000
0.064,16,Feb 27 2024 01: +0,1708995600
0.03,1,Feb 27 2024 04: +0,1709006400
0.046,2,Feb 27 2024 05: +0,1709010000
0.062,2,Feb 27 2024 06: +0,1709013600
0.047,10,Feb 27 2024 07: +0,1709017200
0.047,52,Feb 27 2024 09: +0,1709024400
0.06,22,Feb 27 2024 10: +0,1709028000
0.055,82,Feb 27 2024 11: +0,1709031600
0.059,15,Feb 27 2024 12: +0,1709035200
0.058,37,Feb 27 2024 13: +0,1709038800
0.062,15,Feb 27 2024 14: +0,1709042400
0.057,4,Feb 27 2024 15: +0,1709046000
0.059,18,Feb 27 2024 16: +0,1709049600
0.055,1,Feb 27 2024 17: +0,1709053200
0.059,11,Feb 27 2024 18: +0,1709056800
0.047,1,Feb 27 2024 19: +0,1709060400
0.056,23,Feb 27 2024 20: +0,1709064000
0.049,3,Feb 27 2024 21: +0,1709067600
0.03,4,Feb 27 2024 22: +0,1709071200
0.053,2,Feb 27 2024 23: +0,1709074800
0.054,3,Feb 28 2024 01: +0,1709082000
0.051,1,Feb 28 2024 02: +0,1709085600
0.05,2,Feb 28 2024 05: +0,1709096400
0.052,10,Feb 28 2024 06: +0,1709100000
0.053,2,Feb 28 2024 07: +0,1709103600
0.051,2,Feb 28 2024 08: +0,1709107200
0.053,8,Feb 28 2024 09: +0,1709110800
0.05,1,Feb 28 2024 10: +0,1709114400
0.053,10,Feb 28 2024 11: +0,1709118000
0.03,5,Feb 28 2024 12: +0,1709121600
0.049,2,Feb 28 2024 13: +0,1709125200
0.048,9,Feb 28 2024 14: +0,1709128800
0.048,12,Feb 28 2024 15: +0,1709132400
0.045,2,Feb 28 2024 16: +0,1709136000
0.049,2,Feb 28 2024 17: +0,1709139600
0.039,5,Feb 28 2024 18: +0,1709143200
0.048,4,Feb 28 2024 19: +0,1709146800
0.03,24,Feb 28 2024 20: +0,1709150400
0.047,16,Feb 28 2024 21: +0,1709154000
0.049,2,Feb 28 2024 22: +0,1709157600
0.048,16,Feb 28 2024 23: +0,1709161200
0.049,3,Feb 29 2024 00: +0,1709164800
0.046,4,Feb 29 2024 01: +0,1709168400
0.049,7,Feb 29 2024 02: +0,1709172000
0.046,3,Feb 29 2024 03: +0,1709175600
0.055,1,Feb 29 2024 04: +0,1709179200
0.056,1,Feb 29 2024 05: +0,1709182800
0.03,1,Feb 29 2024 06: +0,1709186400
0.055,3,Feb 29 2024 08: +0,1709193600
0.059,4,Feb 29 2024 09: +0,1709197200
0.042,3,Feb 29 2024 10: +0,1709200800
0.04,8,Feb 29 2024 11: +0,1709204400
0.045,37,Feb 29 2024 12: +0,1709208000
0.06,1,Feb 29 2024 13: +0,1709211600
0.046,5,Feb 29 2024 14: +0,1709215200
0.04,4,Feb 29 2024 15: +0,1709218800
0.051,14,Feb 29 2024 16: +0,1709222400
0.034,7,Feb 29 2024 17: +0,1709226000
0.06,5,Feb 29 2024 18: +0,1709229600
0.03,3,Feb 29 2024 19: +0,1709233200
0.041,10,Feb 29 2024 20: +0,1709236800
0.043,8,Feb 29 2024 21: +0,1709240400
0.04,1,Feb 29 2024 22: +0,1709244000
0.042,2,Feb 29 2024 23: +0,1709247600
0.039,2,Mar 01 2024 00: +0,1709251200
0.039,1,Mar 01 2024 01: +0,1709254800
0.036,4,Mar 01 2024 03: +0,1709262000
0.039,3,Mar 01 2024 05: +0,1709269200
0.032,2,Mar 01 2024 06: +0,1709272800
0.039,2,Mar 01 2024 07: +0,1709276400
0.055,4,Mar 01 2024 08: +0,1709280000
0.04,2,Mar 01 2024 09: +0,1709283600
0.042,5,Mar 01 2024 10: +0,1709287200
0.041,1,Mar 01 2024 11: +0,1709290800
0.035,2,Mar 01 2024 12: +0,1709294400
0.039,3,Mar 01 2024 13: +0,1709298000
0.042,7,Mar 01 2024 14: +0,1709301600
0.043,7,Mar 01 2024 15: +0,1709305200
0.039,2,Mar 01 2024 16: +0,1709308800
0.04,6,Mar 01 2024 17: +0,1709312400
0.04,8,Mar 01 2024 18: +0,1709316000
0.039,6,Mar 01 2024 19: +0,1709319600
0.042,3,Mar 01 2024 20: +0,1709323200
0.031,7,Mar 01 2024 21: +0,1709326800
0.037,3,Mar 01 2024 22: +0,1709330400
0.042,5,Mar 01 2024 23: +0,1709334000
0.043,5,Mar 02 2024 00: +0,1709337600
0.034,1,Mar 02 2024 02: +0,1709344800
0.034,1,Mar 02 2024 04: +0,1709352000
0.03,1,Mar 02 2024 05: +0,1709355600
0.055,1,Mar 02 2024 06: +0,1709359200
0.03,2,Mar 02 2024 09: +0,1709370000
0.034,3,Mar 02 2024 10: +0,1709373600
0.041,3,Mar 02 2024 11: +0,1709377200
0.036,1,Mar 02 2024 12: +0,1709380800
0.039,9,Mar 02 2024 13: +0,1709384400
0.041,1,Mar 02 2024 14: +0,1709388000
0.041,9,Mar 02 2024 15: +0,1709391600
0.041,5,Mar 02 2024 16: +0,1709395200
0.036,3,Mar 02 2024 17: +0,1709398800
0.038,6,Mar 02 2024 18: +0,1709402400
0.04,15,Mar 02 2024 19: +0,1709406000
0.038,9,Mar 02 2024 20: +0,1709409600
0.037,3,Mar 02 2024 21: +0,1709413200
0.041,14,Mar 02 2024 22: +0,1709416800
0.032,2,Mar 02 2024 23: +0,1709420400
0.04,6,Mar 03 2024 00: +0,1709424000
0.04,14,Mar 03 2024 01: +0,1709427600
0.036,13,Mar 03 2024 02: +0,1709431200
0.041,1,Mar 03 2024 03: +0,1709434800
0.04,1,Mar 03 2024 04: +0,1709438400
0.04,1,Mar 03 2024 06: +0,1709445600
0.039,3,Mar 03 2024 07: +0,1709449200
0.039,4,Mar 03 2024 09: +0,1709456400
0.04,2,Mar 03 2024 10: +0,1709460000
0.041,15,Mar 03 2024 11: +0,1709463600
0.04,5,Mar 03 2024 12: +0,1709467200
0.039,6,Mar 03 2024 13: +0,1709470800
0.039,8,Mar 03 2024 14: +0,1709474400
0.038,5,Mar 03 2024 15: +0,1709478000
0.04,5,Mar 03 2024 16: +0,1709481600
0.04,7,Mar 03 2024 18: +0,1709488800
0.041,25,Mar 03 2024 19: +0,1709492400
0.038,2,Mar 03 2024 20: +0,1709496000
0.039,14,Mar 03 2024 21: +0,1709499600
0.037,5,Mar 03 2024 22: +0,1709503200
0.036,2,Mar 04 2024 00: +0,1709510400
0.034,7,Mar 04 2024 04: +0,1709524800
0.034,1,Mar 04 2024 07: +0,1709535600
0.036,7,Mar 04 2024 09: +0,1709542800
0.03,1,Mar 04 2024 11: +0,1709550000
0.03,1,Mar 04 2024 12: +0,1709553600
0.031,8,Mar 04 2024 13: +0,1709557200
0.037,7,Mar 04 2024 14: +0,1709560800
0.033,4,Mar 04 2024 16: +0,1709568000
0.046,2,Mar 04 2024 17: +0,1709571600
0.037,5,Mar 04 2024 18: +0,1709575200
0.04,6,Mar 04 2024 19: +0,1709578800
0.03,10,Mar 04 2024 20: +0,1709582400
0.044,2,Mar 04 2024 21: +0,1709586000
0.037,2,Mar 04 2024 23: +0,1709593200
0.04,4,Mar 05 2024 00: +0,1709596800
0.055,1,Mar 05 2024 01: +0,1709600400
0.031,1,Mar 05 2024 02: +0,1709604000
0.037,1,Mar 05 2024 03: +0,1709607600
0.03,2,Mar 05 2024 04: +0,1709611200
0.034,1,Mar 05 2024 05: +0,1709614800
0.033,1,Mar 05 2024 07: +0,1709622000
0.039,2,Mar 05 2024 09: +0,1709629200
0.039,3,Mar 05 2024 11: +0,1709636400
0.03,1,Mar 05 2024 12: +0,1709640000
0.036,2,Mar 05 2024 13: +0,1709643600
0.038,3,Mar 05 2024 14: +0,1709647200
0.051,6,Mar 05 2024 15: +0,1709650800
0.04,3,Mar 05 2024 16: +0,1709654400
0.036,8,Mar 05 2024 18: +0,1709661600
0.03,2,Mar 05 2024 19: +0,1709665200
0.037,4,Mar 05 2024 20: +0,1709668800
0.039,9,Mar 05 2024 22: +0,1709676000
0.032,2,Mar 05 2024 23: +0,1709679600
0.03,1,Mar 06 2024 00: +0,1709683200
0.03,3,Mar 06 2024 01: +0,1709686800
0.03,1,Mar 06 2024 02: +0,1709690400
0.03,1,Mar 06 2024 03: +0,1709694000
0.033,1,Mar 06 2024 04: +0,1709697600
0.034,3,Mar 06 2024 05: +0,1709701200
0.044,2,Mar 06 2024 07: +0,1709708400
0.055,5,Mar 06 2024 08: +0,1709712000
0.036,3,Mar 06 2024 10: +0,1709719200
0.035,6,Mar 06 2024 11: +0,1709722800
0.034,2,Mar 06 2024 12: +0,1709726400
0.036,3,Mar 06 2024 13: +0,1709730000
0.035,4,Mar 06 2024 14: +0,1709733600
0.036,1,Mar 06 2024 15: +0,1709737200
0.03,5,Mar 06 2024 16: +0,1709740800
0.045,2,Mar 06 2024 17: +0,1709744400
0.032,3,Mar 06 2024 18: +0,1709748000
0.03,3,Mar 06 2024 19: +0,1709751600
0.034,2,Mar 06 2024 20: +0,1709755200
0.034,17,Mar 06 2024 21: +0,1709758800
0.04,2,Mar 06 2024 22: +0,1709762400
0.036,2,Mar 06 2024 23: +0,1709766000
0.043,2,Mar 07 2024 00: +0,1709769600
0.041,2,Mar 07 2024 01: +0,1709773200
0.034,1,Mar 07 2024 03: +0,1709780400
0.034,2,Mar 07 2024 04: +0,1709784000
0.03,1,Mar 07 2024 05: +0,1709787600
0.034,14,Mar 07 2024 06: +0,1709791200
0.034,1,Mar 07 2024 07: +0,1709794800
0.035,6,Mar 07 2024 09: +0,1709802000
0.035,3,Mar 07 2024 10: +0,1709805600
0.035,22,Mar 07 2024 11: +0,1709809200
0.034,3,Mar 07 2024 13: +0,1709816400
0.03,10,Mar 07 2024 14: +0,1709820000
0.034,3,Mar 07 2024 15: +0,1709823600
0.036,7,Mar 07 2024 16: +0,1709827200
0.03,4,Mar 07 2024 17: +0,1709830800
0.034,6,Mar 07 2024 18: +0,1709834400
0.036,8,Mar 07 2024 19: +0,1709838000
0.034,5,Mar 07 2024 20: +0,1709841600
0.034,1,Mar 07 2024 21: +0,1709845200
0.036,2,Mar 07 2024 22: +0,1709848800
0.034,15,Mar 07 2024 23: +0,1709852400
0.032,2,Mar 08 2024 00: +0,1709856000
0.051,1,Mar 08 2024 01: +0,1709859600
0.031,2,Mar 08 2024 02: +0,1709863200
0.03,1,Mar 08 2024 04: +0,1709870400
0.035,1,Mar 08 2024 05: +0,1709874000
0.04,12,Mar 08 2024 06: +0,1709877600
0.051,5,Mar 08 2024 07: +0,1709881200
0.034,6,Mar 08 2024 08: +0,1709884800
0.036,1,Mar 08 2024 09: +0,1709888400
0.038,5,Mar 08 2024 10: +0,1709892000
0.036,4,Mar 08 2024 11: +0,1709895600
0.051,7,Mar 08 2024 12: +0,1709899200
0.037,4,Mar 08 2024 13: +0,1709902800
0.034,1,Mar 08 2024 14: +0,1709906400
0.034,4,Mar 08 2024 15: +0,1709910000
0.036,11,Mar 08 2024 16: +0,1709913600
0.036,7,Mar 08 2024 17: +0,1709917200
0.034,19,Mar 08 2024 18: +0,1709920800
0.037,4,Mar 08 2024 19: +0,1709924400
0.036,2,Mar 08 2024 20: +0,1709928000
0.037,3,Mar 08 2024 21: +0,1709931600
0.034,5,Mar 08 2024 22: +0,1709935200
0.04,2,Mar 08 2024 23: +0,1709938800
0.036,2,Mar 09 2024 00: +0,1709942400
0.036,1,Mar 09 2024 01: +0,1709946000
0.036,2,Mar 09 2024 02: +0,1709949600
0.031,2,Mar 09 2024 03: +0,1709953200
0.036,3,Mar 09 2024 04: +0,1709956800
0.03,2,Mar 09 2024 05: +0,1709960400
0.033,2,Mar 09 2024 06: +0,1709964000
0.032,2,Mar 09 2024 07: +0,1709967600
0.03,1,Mar 09 2024 08: +0,1709971200
0.03,3,Mar 09 2024 09: +0,1709974800
0.034,11,Mar 09 2024 10: +0,1709978400
0.037,2,Mar 09 2024 11: +0,1709982000
0.038,17,Mar 09 2024 12: +0,1709985600
0.055,10,Mar 09 2024 13: +0,1709989200
0.035,2,Mar 09 2024 14: +0,1709992800
0.038,6,Mar 09 2024 15: +0,1709996400
0.034,6,Mar 09 2024 16: +0,1710000000
0.038,11,Mar 09 2024 17: +0,1710003600
0.039,5,Mar 09 2024 18: +0,1710007200
0.034,4,Mar 09 2024 19: +0,1710010800
0.034,7,Mar 09 2024 20: +0,1710014400
0.033,21,Mar 09 2024 21: +0,1710018000
0.034,27,Mar 09 2024 22: +0,1710021600
0.034,10,Mar 09 2024 23: +0,1710025200
0.033,1,Mar 10 2024 00: +0,1710028800
0.03,1,Mar 10 2024 03: +0,1710039600
0.03,1,Mar 10 2024 04: +0,1710043200
0.034,1,Mar 10 2024 05: +0,1710046800
0.032,2,Mar 10 2024 06: +0,1710050400
0.03,3,Mar 10 2024 07: +0,1710054000
0.033,31,Mar 10 2024 08: +0,1710057600
0.032,2,Mar 10 2024 11: +0,1710068400
0.03,3,Mar 10 2024 12: +0,1710072000
0.035,13,Mar 10 2024 13: +0,1710075600
0.036,2,Mar 10 2024 14: +0,1710079200
0.03,5,Mar 10 2024 15: +0,1710082800
0.03,4,Mar 10 2024 16: +0,1710086400
0.032,6,Mar 10 2024 17: +0,1710090000
0.035,8,Mar 10 2024 18: +0,1710093600
0.03,3,Mar 10 2024 19: +0,1710097200
0.03,1,Mar 10 2024 20: +0,1710100800
0.038,8,Mar 10 2024 21: +0,1710104400
0.036,4,Mar 10 2024 22: +0,1710108000
0.035,4,Mar 11 2024 00: +0,1710115200
0.06,2,Mar 11 2024 01: +0,1710118800
0.034,3,Mar 11 2024 05: +0,1710133200
0.034,1,Mar 11 2024 08: +0,1710144000
0.03,2,Mar 11 2024 10: +0,1710151200
0.102,4,Mar 11 2024 11: +0,1710154800
0.036,5,Mar 11 2024 12: +0,1710158400
0.034,3,Mar 11 2024 13: +0,1710162000
0.043,2,Mar 11 2024 14: +0,1710165600
0.034,5,Mar 11 2024 16: +0,1710172800
0.043,2,Mar 11 2024 17: +0,1710176400
0.03,4,Mar 11 2024 18: +0,1710180000
0.034,3,Mar 11 2024 19: +0,1710183600
0.03,4,Mar 11 2024 21: +0,1710190800
0.034,25,Mar 11 2024 22: +0,1710194400
0.052,2,Mar 11 2024 23: +0,1710198000
0.03,2,Mar 12 2024 01: +0,1710205200
0.036,5,Mar 12 2024 03: +0,1710212400
0.037,8,Mar 12 2024 07: +0,1710226800
0.037,6,Mar 12 2024 09: +0,1710234000
0.03,1,Mar 12 2024 10: +0,1710237600
0.03,5,Mar 12 2024 13: +0,1710248400
0.031,2,Mar 12 2024 15: +0,1710255600
0.036,5,Mar 12 2024 16: +0,1710259200
0.03,3,Mar 12 2024 17: +0,1710262800
0.035,6,Mar 12 2024 18: +0,1710266400
0.036,3,Mar 12 2024 19: +0,1710270000
0.036,3,Mar 12 2024 20: +0,1710273600
0.033,2,Mar 12 2024 21: +0,1710277200
0.03,2,Mar 12 2024 22: +0,1710280800
0.047,1,Mar 12 2024 23: +0,1710284400
0.032,2,Mar 13 2024 00: +0,1710288000
0.035,1,Mar 13 2024 02: +0,1710295200
0.03,1,Mar 13 2024 03: +0,1710298800
0.031,2,Mar 13 2024 04: +0,1710302400
0.03,1,Mar 13 2024 05: +0,1710306000
0.034,2,Mar 13 2024 08: +0,1710316800
0.034,1,Mar 13 2024 09: +0,1710320400
0.03,1,Mar 13 2024 10: +0,1710324000
0.03,3,Mar 13 2024 11: +0,1710327600
0.03,1,Mar 13 2024 12: +0,1710331200
0.03,2,Mar 13 2024 13: +0,1710334800
0.03,2,Mar 13 2024 14: +0,1710338400
0.031,4,Mar 13 2024 15: +0,1710342000
0.032,3,Mar 13 2024 16: +0,1710345600
0.03,3,Mar 13 2024 17: +0,1710349200
0.033,6,Mar 13 2024 18: +0,1710352800
0.03,9,Mar 13 2024 19: +0,1710356400
0.03,1,Mar 13 2024 20: +0,1710360000
0.031,2,Mar 13 2024 21: +0,1710363600
0.031,1,Mar 13 2024 22: +0,1710367200
0.03,3,Mar 13 2024 23: +0,1710370800
0.032,5,Mar 14 2024 00: +0,1710374400
0.03,2,Mar 14 2024 02: +0,1710381600
0.047,1,Mar 14 2024 03: +0,1710385200
0.03,1,Mar 14 2024 04: +0,1710388800
0.03,1,Mar 14 2024 06: +0,1710396000
0.03,13,Mar 14 2024 07: +0,1710399600
0.03,4,Mar 14 2024 09: +0,1710406800
0.03,5,Mar 14 2024 10: +0,1710410400
0.03,8,Mar 14 2024 12: +0,1710417600
0.034,5,Mar 14 2024 14: +0,1710424800
0.034,7,Mar 14 2024 15: +0,1710428400
0.03,13,Mar 14 2024 16: +0,1710432000
0.03,10,Mar 14 2024 17: +0,1710435600
0.03,1,Mar 14 2024 18: +0,1710439200
0.03,7,Mar 14 2024 19: +0,1710442800
0.03,7,Mar 14 2024 20: +0,1710446400
0.03,3,Mar 14 2024 21: +0,1710450000
0.03,8,Mar 14 2024 22: +0,1710453600
0.03,9,Mar 14 2024 23: +0,1710457200
0.03,1,Mar 15 2024 00: +0,1710460800
0.03,6,Mar 15 2024 01: +0,1710464400
0.03,1,Mar 15 2024 02: +0,1710468000
0.03,6,Mar 15 2024 03: +0,1710471600
0.03,1,Mar 15 2024 05: +0,1710478800
0.03,3,Mar 15 2024 06: +0,1710482400
0.03,2,Mar 15 2024 07: +0,1710486000
0.034,3,Mar 15 2024 08: +0,1710489600
0.03,16,Mar 15 2024 11: +0,1710500400
0.03,4,Mar 15 2024 12: +0,1710504000
0.03,5,Mar 15 2024 13: +0,1710507600
0.03,20,Mar 15 2024 14: +0,1710511200
0.043,5,Mar 15 2024 15: +0,1710514800
0.03,9,Mar 15 2024 16: +0,1710518400
0.03,9,Mar 15 2024 17: +0,1710522000
0.03,7,Mar 15 2024 18: +0,1710525600
0.03,1,Mar 15 2024 19: +0,1710529200
0.03,7,Mar 15 2024 20: +0,1710532800
0.03,3,Mar 15 2024 21: +0,1710536400
0.03,35,Mar 15 2024 22: +0,1710540000
0.03,4,Mar 15 2024 23: +0,1710543600
0.03,15,Mar 16 2024 01: +0,1710550800
0.034,1,Mar 16 2024 05: +0,1710565200
0.03,3,Mar 16 2024 06: +0,1710568800
0.03,2,Mar 16 2024 07: +0,1710572400
0.03,1,Mar 16 2024 08: +0,1710576000
0.03,4,Mar 16 2024 09: +0,1710579600
0.03,16,Mar 16 2024 10: +0,1710583200
0.034,18,Mar 16 2024 11: +0,1710586800
0.034,3,Mar 16 2024 12: +0,1710590400
0.03,11,Mar 16 2024 14: +0,1710597600
0.043,1,Mar 16 2024 15: +0,1710601200
0.047,2,Mar 16 2024 16: +0,1710604800
0.03,11,Mar 16 2024 17: +0,1710608400
0.043,3,Mar 16 2024 18: +0,1710612000
0.03,2,Mar 16 2024 19: +0,1710615600
0.03,8,Mar 16 2024 20: +0,1710619200
0.034,4,Mar 16 2024 21: +0,1710622800
0.03,4,Mar 16 2024 22: +0,1710626400
0.03,6,Mar 16 2024 23: +0,1710630000
0.03,1,Mar 17 2024 00: +0,1710633600
0.03,1,Mar 17 2024 01: +0,1710637200
0.03,1,Mar 17 2024 02: +0,1710640800
0.03,1,Mar 17 2024 03: +0,1710644400
0.043,6,Mar 17 2024 04: +0,1710648000
0.03,2,Mar 17 2024 05: +0,1710651600
0.03,1,Mar 17 2024 06: +0,1710655200
0.03,10,Mar 17 2024 08: +0,1710662400
0.034,1,Mar 17 2024 09: +0,1710666000
0.03,2,Mar 17 2024 10: +0,1710669600
0.034,3,Mar 17 2024 11: +0,1710673200
0.03,8,Mar 17 2024 12: +0,1710676800
0.03,2,Mar 17 2024 13: +0,1710680400
0.03,3,Mar 17 2024 14: +0,1710684000
0.03,4,Mar 17 2024 15: +0,1710687600
0.03,4,Mar 17 2024 17: +0,1710694800
0.03,5,Mar 17 2024 18: +0,1710698400
0.03,3,Mar 17 2024 19: +0,1710702000
0.034,1,Mar 17 2024 20: +0,1710705600
0.03,2,Mar 17 2024 21: +0,1710709200
0.03,7,Mar 17 2024 22: +0,1710712800
0.03,3,Mar 17 2024 23: +0,1710716400
0.03,2,Mar 18 2024 00: +0,1710720000
0.03,1,Mar 18 2024 01: +0,1710723600
0.03,3,Mar 18 2024 03: +0,1710730800
0.03,6,Mar 18 2024 05: +0,1710738000
0.03,1,Mar 18 2024 07: +0,1710745200
0.03,1,Mar 18 2024 08: +0,1710748800
0.03,2,Mar 18 2024 09: +0,1710752400
0.034,2,Mar 18 2024 10: +0,1710756000
0.034,1,Mar 18 2024 12: +0,1710763200
0.03,1,Mar 18 2024 13: +0,1710766800
0.034,1,Mar 18 2024 14: +0,1710770400
0.03,1,Mar 18 2024 15: +0,1710774000
0.03,3,Mar 18 2024 16: +0,1710777600
0.03,2,Mar 18 2024 17: +0,1710781200
0.03,14,Mar 18 2024 18: +0,1710784800
0.03,2,Mar 18 2024 19: +0,1710788400
0.03,7,Mar 18 2024 20: +0,1710792000
0.03,5,Mar 18 2024 21: +0,1710795600
0.03,5,Mar 18 2024 22: +0,1710799200
0.043,5,Mar 18 2024 23: +0,1710802800
0.043,7,Mar 19 2024 00: +0,1710806400
0.03,3,Mar 19 2024 01: +0,1710810000
0.03,8,Mar 19 2024 04: +0,1710820800
0.03,1,Mar 19 2024 05: +0,1710824400
0.03,1,Mar 19 2024 06: +0,1710828000
0.03,5,Mar 19 2024 08: +0,1710835200
0.03,7,Mar 19 2024 09: +0,1710838800
0.03,1,Mar 19 2024 10: +0,1710842400
0.03,1,Mar 19 2024 11: +0,1710846000
0.03,2,Mar 19 2024 12: +0,1710849600
0.04,1,Mar 19 2024 13: +0,1710853200
0.03,3,Mar 19 2024 14: +0,1710856800
0.03,10,Mar 19 2024 16: +0,1710864000
0.034,7,Mar 19 2024 17: +0,1710867600
0.03,4,Mar 19 2024 18: +0,1710871200
0.03,10,Mar 19 2024 19: +0,1710874800
0.03,6,Mar 19 2024 20: +0,1710878400
0.034,5,Mar 19 2024 21: +0,1710882000
0.03,1,Mar 19 2024 23: +0,1710889200
0.03,1,Mar 20 2024 00: +0,1710892800
0.03,1,Mar 20 2024 02: +0,1710900000
0.03,1,Mar 20 2024 03: +0,1710903600
0.043,11,Mar 20 2024 04: +0,1710907200
0.03,1,Mar 20 2024 05: +0,1710910800
0.03,3,Mar 20 2024 07: +0,1710918000
0.03,2,Mar 20 2024 09: +0,1710925200
0.03,46,Mar 20 2024 11: +0,1710932400
0.03,5,Mar 20 2024 12: +0,1710936000
0.047,4,Mar 20 2024 13: +0,1710939600
0.038,7,Mar 20 2024 14: +0,1710943200
0.03,1,Mar 20 2024 15: +0,1710946800
0.03,2,Mar 20 2024 16: +0,1710950400
0.03,7,Mar 20 2024 17: +0,1710954000
0.03,5,Mar 20 2024 18: +0,1710957600
0.03,6,Mar 20 2024 19: +0,1710961200
0.036,10,Mar 20 2024 21: +0,1710968400
0.034,1,Mar 20 2024 22: +0,1710972000
0.03,13,Mar 20 2024 23: +0,1710975600
0.03,3,Mar 21 2024 00: +0,1710979200
0.03,1,Mar 21 2024 01: +0,1710982800
0.03,1,Mar 21 2024 03: +0,1710990000
0.03,44,Mar 21 2024 04: +0,1710993600
0.03,3,Mar 21 2024 05: +0,1710997200
0.03,2,Mar 21 2024 06: +0,1711000800
0.03,4,Mar 21 2024 07: +0,1711004400
0.03,1,Mar 21 2024 08: +0,1711008000
0.03,2,Mar 21 2024 09: +0,1711011600
0.03,2,Mar 21 2024 11: +0,1711018800
0.034,7,Mar 21 2024 12: +0,1711022400
0.03,6,Mar 21 2024 13: +0,1711026000
0.034,5,Mar 21 2024 14: +0,1711029600
0.03,14,Mar 21 2024 15: +0,1711033200
0.03,2,Mar 21 2024 16: +0,1711036800
0.03,8,Mar 21 2024 17: +0,1711040400
0.03,28,Mar 21 2024 18: +0,1711044000
0.03,5,Mar 21 2024 19: +0,1711047600
0.03,3,Mar 21 2024 20: +0,1711051200
0.03,3,Mar 21 2024 21: +0,1711054800
0.03,6,Mar 21 2024 22: +0,1711058400
0.03,6,Mar 21 2024 23: +0,1711062000
0.03,2,Mar 22 2024 00: +0,1711065600
0.03,3,Mar 22 2024 01: +0,1711069200
0.034,1,Mar 22 2024 02: +0,1711072800
0.035,5,Mar 22 2024 04: +0,1711080000
0.03,2,Mar 22 2024 05: +0,1711083600
0.03,1,Mar 22 2024 06: +0,1711087200
0.03,2,Mar 22 2024 08: +0,1711094400
0.03,3,Mar 22 2024 10: +0,1711101600
0.03,4,Mar 22 2024 11: +0,1711105200
0.03,10,Mar 22 2024 12: +0,1711108800
0.03,2,Mar 22 2024 13: +0,1711112400
0.03,9,Mar 22 2024 16: +0,1711123200
0.03,2,Mar 22 2024 17: +0,1711126800
0.03,8,Mar 22 2024 18: +0,1711130400
0.03,2,Mar 22 2024 19: +0,1711134000
0.03,10,Mar 22 2024 20: +0,1711137600
0.03,6,Mar 22 2024 21: +0,1711141200
0.03,1,Mar 22 2024 22: +0,1711144800
0.03,2,Mar 22 2024 23: +0,1711148400
0.03,4,Mar 23 2024 01: +0,1711155600
0.03,5,Mar 23 2024 02: +0,1711159200
0.03,1,Mar 23 2024 03: +0,1711162800
0.03,4,Mar 23 2024 04: +0,1711166400
0.03,1,Mar 23 2024 06: +0,1711173600
0.03,7,Mar 23 2024 08: +0,1711180800
0.03,4,Mar 23 2024 09: +0,1711184400
0.03,6,Mar 23 2024 11: +0,1711191600
0.03,12,Mar 23 2024 12: +0,1711195200
0.03,1,Mar 23 2024 13: +0,1711198800
0.03,2,Mar 23 2024 14: +0,1711202400
0.03,3,Mar 23 2024 15: +0,1711206000
0.03,2,Mar 23 2024 17: +0,1711213200
0.03,6,Mar 23 2024 18: +0,1711216800
0.03,4,Mar 23 2024 19: +0,1711220400
0.03,3,Mar 23 2024 20: +0,1711224000
0.03,3,Mar 23 2024 21: +0,1711227600
0.03,13,Mar 23 2024 22: +0,1711231200
0.03,5,Mar 23 2024 23: +0,1711234800
0.03,7,Mar 24 2024 00: +0,1711238400
0.03,2,Mar 24 2024 01: +0,1711242000
0.03,1,Mar 24 2024 03: +0,1711249200
0.03,2,Mar 24 2024 05: +0,1711256400
0.03,4,Mar 24 2024 07: +0,1711263600
0.03,1,Mar 24 2024 08: +0,1711267200
0.03,5,Mar 24 2024 09: +0,1711270800
0.03,1,Mar 24 2024 10: +0,1711274400
0.03,6,Mar 24 2024 11: +0,1711278000
0.03,1,Mar 24 2024 12: +0,1711281600
0.034,5,Mar 24 2024 13: +0,1711285200
0.034,5,Mar 24 2024 14: +0,1711288800
0.03,4,Mar 24 2024 15: +0,1711292400
0.03,6,Mar 24 2024 16: +0,1711296000
0.03,1,Mar 24 2024 18: +0,1711303200
0.03,6,Mar 24 2024 20: +0,1711310400
0.034,5,Mar 24 2024 21: +0,1711314000
0.03,7,Mar 24 2024 22: +0,1711317600
0.03,3,Mar 24 2024 23: +0,1711321200
0.034,1,Mar 25 2024 00: +0,1711324800
0.03,2,Mar 25 2024 01: +0,1711328400
0.03,1,Mar 25 2024 03: +0,1711335600
0.034,2,Mar 25 2024 04: +0,1711339200
0.03,3,Mar 25 2024 05: +0,1711342800
0.03,1,Mar 25 2024 07: +0,1711350000
0.03,3,Mar 25 2024 10: +0,1711360800
0.03,3,Mar 25 2024 11: +0,1711364400
0.034,3,Mar 25 2024 12: +0,1711368000
0.03,1,Mar 25 2024 13: +0,1711371600
0.03,3,Mar 25 2024 14: +0,1711375200
0.03,7,Mar 25 2024 15: +0,1711378800
0.03,4,Mar 25 2024 17: +0,1711386000
0.03,4,Mar 25 2024 18: +0,1711389600
0.03,6,Mar 25 2024 19: +0,1711393200
0.03,3,Mar 25 2024 21: +0,1711400400
0.03,8,Mar 25 2024 22: +0,1711404000
0.04,3,Mar 26 2024 00: +0,1711411200
0.03,2,Mar 26 2024 01: +0,1711414800
0.03,1,Mar 26 2024 04: +0,1711425600
0.03,2,Mar 26 2024 05: +0,1711429200
0.03,1,Mar 26 2024 06: +0,1711432800
0.03,1,Mar 26 2024 08: +0,1711440000
0.034,2,Mar 26 2024 09: +0,1711443600
0.04,4,Mar 26 2024 12: +0,1711454400
0.03,1,Mar 26 2024 13: +0,1711458000
0.03,3,Mar 26 2024 16: +0,1711468800
0.03,7,Mar 26 2024 17: +0,1711472400
0.034,1,Mar 26 2024 18: +0,1711476000
0.03,1,Mar 26 2024 20: +0,1711483200
0.03,2,Mar 26 2024 21: +0,1711486800
0.03,1,Mar 26 2024 22: +0,1711490400
0.03,2,Mar 26 2024 23: +0,1711494000
0.03,2,Mar 27 2024 03: +0,1711508400
0.03,4,Mar 27 2024 04: +0,1711512000
0.03,1,Mar 27 2024 05: +0,1711515600
0.03,1,Mar 27 2024 06: +0,1711519200
0.03,2,Mar 27 2024 08: +0,1711526400
0.03,2,Mar 27 2024 09: +0,1711530000
0.03,19,Mar 27 2024 11: +0,1711537200
0.034,7,Mar 27 2024 12: +0,1711540800
0.03,4,Mar 27 2024 13: +0,1711544400
0.03,8,Mar 27 2024 14: +0,1711548000
0.03,2,Mar 27 2024 15: +0,1711551600
0.03,6,Mar 27 2024 16: +0,1711555200
0.034,7,Mar 27 2024 17: +0,1711558800
0.03,1,Mar 27 2024 18: +0,1711562400
0.03,5,Mar 27 2024 19: +0,1711566000
0.03,1,Mar 27 2024 20: +0,1711569600
0.03,2,Mar 27 2024 21: +0,1711573200
0.043,6,Mar 27 2024 22: +0,1711576800
0.043,13,Mar 27 2024 23: +0,1711580400
0.03,2,Mar 28 2024 00: +0,1711584000
0.035,1,Mar 28 2024 01: +0,1711587600
0.03,2,Mar 28 2024 02: +0,1711591200
0.03,1,Mar 28 2024 04: +0,1711598400
0.03,2,Mar 28 2024 06: +0,1711605600
0.03,6,Mar 28 2024 07: +0,1711609200
0.03,1,Mar 28 2024 08: +0,1711612800
0.03,3,Mar 28 2024 09: +0,1711616400
0.03,9,Mar 28 2024 10: +0,1711620000
0.03,4,Mar 28 2024 12: +0,1711627200
0.03,3,Mar 28 2024 13: +0,1711630800
0.03,2,Mar 28 2024 14: +0,1711634400
0.03,4,Mar 28 2024 15: +0,1711638000
0.03,1,Mar 28 2024 17: +0,1711645200
0.03,2,Mar 28 2024 19: +0,1711652400
0.034,1,Mar 28 2024 21: +0,1711659600
0.03,2,Mar 28 2024 22: +0,1711663200
0.03,1,Mar 28 2024 23: +0,1711666800
0.03,28,Mar 29 2024 00: +0,1711670400
0.03,3,Mar 29 2024 01: +0,1711674000
0.03,2,Mar 29 2024 02: +0,1711677600
0.03,1,Mar 29 2024 04: +0,1711684800
0.034,2,Mar 29 2024 05: +0,1711688400
0.03,1,Mar 29 2024 09: +0,1711702800
0.03,2,Mar 29 2024 10: +0,1711706400
0.03,5,Mar 29 2024 11: +0,1711710000
0.043,6,Mar 29 2024 12: +0,1711713600
0.03,16,Mar 29 2024 13: +0,1711717200
0.03,8,Mar 29 2024 14: +0,1711720800
0.03,10,Mar 29 2024 15: +0,1711724400
0.034,29,Mar 29 2024 16: +0,1711728000
0.03,1,Mar 29 2024 17: +0,1711731600
0.034,3,Mar 29 2024 18: +0,1711735200
0.04,14,Mar 29 2024 19: +0,1711738800
0.043,1,Mar 29 2024 21: +0,1711746000
0.03,1,Mar 29 2024 22: +0,1711749600
0.03,4,Mar 29 2024 23: +0,1711753200
0.03,2,Mar 30 2024 00: +0,1711756800
0.04,3,Mar 30 2024 01: +0,1711760400
0.03,1,Mar 30 2024 02: +0,1711764000
0.03,2,Mar 30 2024 04: +0,1711771200
0.03,2,Mar 30 2024 06: +0,1711778400
0.032,2,Mar 30 2024 07: +0,1711782000
0.03,3,Mar 30 2024 08: +0,1711785600
0.03,2,Mar 30 2024 09: +0,1711789200
0.03,3,Mar 30 2024 10: +0,1711792800
0.03,12,Mar 30 2024 11: +0,1711796400
0.03,14,Mar 30 2024 12: +0,1711800000
0.03,2,Mar 30 2024 13: +0,1711803600
0.034,3,Mar 30 2024 14: +0,1711807200
0.03,6,Mar 30 2024 15: +0,1711810800
0.03,3,Mar 30 2024 16: +0,1711814400
0.03,8,Mar 30 2024 17: +0,1711818000
0.03,7,Mar 30 2024 18: +0,1711821600
0.03,10,Mar 30 2024 19: +0,1711825200
0.03,3,Mar 30 2024 20: +0,1711828800
0.034,12,Mar 30 2024 21: +0,1711832400
0.03,10,Mar 30 2024 22: +0,1711836000
0.03,2,Mar 30 2024 23: +0,1711839600
0.03,3,Mar 31 2024 00: +0,1711843200
0.03,12,Mar 31 2024 01: +0,1711846800
0.03,1,Mar 31 2024 02: +0,1711846800
0.03,1,Mar 31 2024 04: +0,1711854000
0.03,4,Mar 31 2024 06: +0,1711861200
0.03,1,Mar 31 2024 10: +0,1711875600
0.03,1,Mar 31 2024 11: +0,1711879200
0.03,2,Mar 31 2024 12: +0,1711882800
0.03,2,Mar 31 2024 14: +0,1711890000
0.034,1,Mar 31 2024 15: +0,1711893600
0.03,1,Mar 31 2024 16: +0,1711897200
0.03,1,Mar 31 2024 17: +0,1711900800
0.03,1,Mar 31 2024 19: +0,1711908000
0.03,8,Mar 31 2024 20: +0,1711911600
0.03,6,Mar 31 2024 21: +0,1711915200
0.03,7,Mar 31 2024 22: +0,1711918800
0.03,9,Apr 01 2024 00: +0,1711926000
0.03,2,Apr 01 2024 01: +0,1711929600
0.03,1,Apr 01 2024 04: +0,1711940400
0.03,2,Apr 01 2024 05: +0,1711944000
0.03,1,Apr 01 2024 08: +0,1711954800
0.039,1,Apr 01 2024 09: +0,1711958400
0.03,1,Apr 01 2024 10: +0,1711962000
0.03,1,Apr 01 2024 11: +0,1711965600
0.05,14,Apr 01 2024 13: +0,1711972800
0.03,5,Apr 01 2024 14: +0,1711976400
0.03,6,Apr 01 2024 15: +0,1711980000
0.039,4,Apr 01 2024 16: +0,1711983600
0.031,2,Apr 01 2024 17: +0,1711987200
0.03,3,Apr 01 2024 18: +0,1711990800
0.03,1,Apr 01 2024 19: +0,1711994400
0.03,1,Apr 01 2024 20: +0,1711998000
0.03,2,Apr 01 2024 21: +0,1712001600
0.03,1,Apr 01 2024 23: +0,1712008800
0.03,1,Apr 02 2024 00: +0,1712012400
0.03,1,Apr 02 2024 02: +0,1712019600
0.03,1,Apr 02 2024 04: +0,1712026800
0.03,1,Apr 02 2024 05: +0,1712030400
0.03,1,Apr 02 2024 09: +0,1712044800
0.03,2,Apr 02 2024 11: +0,1712052000
0.034,1,Apr 02 2024 12: +0,1712055600
0.03,7,Apr 02 2024 13: +0,1712059200
0.03,8,Apr 02 2024 14: +0,1712062800
0.03,1,Apr 02 2024 16: +0,1712070000
0.03,4,Apr 02 2024 17: +0,1712073600
0.03,3,Apr 02 2024 18: +0,1712077200
0.03,2,Apr 02 2024 20: +0,1712084400
0.034,4,Apr 02 2024 21: +0,1712088000
0.03,5,Apr 02 2024 22: +0,1712091600
0.03,2,Apr 03 2024 01: +0,1712102400
0.03,1,Apr 03 2024 03: +0,1712109600
0.03,2,Apr 03 2024 04: +0,1712113200
0.034,1,Apr 03 2024 06: +0,1712120400
0.03,4,Apr 03 2024 07: +0,1712124000
0.03,2,Apr 03 2024 09: +0,1712131200
0.03,3,Apr 03 2024 10: +0,1712134800
0.03,8,Apr 03 2024 12: +0,1712142000
0.03,5,Apr 03 2024 13: +0,1712145600
0.03,3,Apr 03 2024 14: +0,1712149200
0.03,2,Apr 03 2024 15: +0,1712152800
0.03,7,Apr 03 2024 16: +0,1712156400
0.03,3,Apr 03 2024 18: +0,1712163600
0.03,7,Apr 03 2024 19: +0,1712167200
0.03,3,Apr 03 2024 20: +0,1712170800
0.03,2,Apr 03 2024 21: +0,1712174400
0.03,1,Apr 03 2024 22: +0,1712178000
0.03,4,Apr 03 2024 23: +0,1712181600
0.03,1,Apr 04 2024 00: +0,1712185200
0.03,6,Apr 04 2024 01: +0,1712188800
0.039,1,Apr 04 2024 02: +0,1712192400
0.03,1,Apr 04 2024 03: +0,1712196000
0.03,1,Apr 04 2024 04: +0,1712199600
0.034,2,Apr 04 2024 06: +0,1712206800
0.034,1,Apr 04 2024 08: +0,1712214000
0.03,1,Apr 04 2024 09: +0,1712217600
0.03,1,Apr 04 2024 10: +0,1712221200
0.03,5,Apr 04 2024 12: +0,1712228400
0.03,1,Apr 04 2024 14: +0,1712235600
0.03,4,Apr 04 2024 15: +0,1712239200
0.03,7,Apr 04 2024 17: +0,1712246400
0.03,3,Apr 04 2024 19: +0,1712253600
0.03,2,Apr 04 2024 20: +0,1712257200
0.047,38,Apr 04 2024 21: +0,1712260800
0.03,1,Apr 04 2024 22: +0,1712264400
0.03,1,Apr 05 2024 01: +0,1712275200
0.039,3,Apr 05 2024 03: +0,1712282400
0.03,2,Apr 05 2024 09: +0,1712304000
0.03,2,Apr 05 2024 10: +0,1712307600
0.03,1,Apr 05 2024 11: +0,1712311200
0.03,2,Apr 05 2024 12: +0,1712314800
0.03,3,Apr 05 2024 13: +0,1712318400
0.034,2,Apr 05 2024 15: +0,1712325600
0.03,3,Apr 05 2024 16: +0,1712329200
0.03,1,Apr 05 2024 17: +0,1712332800
0.03,1,Apr 05 2024 18: +0,1712336400
0.03,2,Apr 05 2024 19: +0,1712340000
0.03,3,Apr 05 2024 20: +0,1712343600
0.03,8,Apr 05 2024 21: +0,1712347200
0.035,1,Apr 05 2024 23: +0,1712354400
0.03,4,Apr 06 2024 00: +0,1712358000
0.03,6,Apr 06 2024 01: +0,1712361600
0.035,2,Apr 06 2024 05: +0,1712376000
0.03,3,Apr 06 2024 10: +0,1712394000
0.04,3,Apr 06 2024 11: +0,1712397600
0.043,1,Apr 06 2024 12: +0,1712401200
0.04,3,Apr 06 2024 14: +0,1712408400
0.03,4,Apr 06 2024 15: +0,1712412000
0.03,2,Apr 06 2024 16: +0,1712415600
0.03,1,Apr 06 2024 17: +0,1712419200
0.03,5,Apr 06 2024 18: +0,1712422800
0.03,2,Apr 06 2024 19: +0,1712426400
0.03,1,Apr 06 2024 21: +0,1712433600
0.035,3,Apr 06 2024 22: +0,1712437200
0.03,1,Apr 06 2024 23: +0,1712440800
0.03,3,Apr 07 2024 00: +0,1712444400
0.035,2,Apr 07 2024 03: +0,1712455200
0.03,3,Apr 07 2024 04: +0,1712458800
0.03,12,Apr 07 2024 06: +0,1712466000
0.03,1,Apr 07 2024 10: +0,1712480400
0.03,5,Apr 07 2024 11: +0,1712484000
0.03,6,Apr 07 2024 12: +0,1712487600
0.03,2,Apr 07 2024 13: +0,1712491200
0.03,4,Apr 07 2024 14: +0,1712494800
0.03,3,Apr 07 2024 15: +0,1712498400
0.04,13,Apr 07 2024 16: +0,1712502000
0.04,5,Apr 07 2024 17: +0,1712505600
0.037,2,Apr 07 2024 18: +0,1712509200
0.035,4,Apr 07 2024 19: +0,1712512800
0.03,4,Apr 07 2024 20: +0,1712516400
0.03,3,Apr 07 2024 21: +0,1712520000
0.04,4,Apr 07 2024 22: +0,1712523600
0.03,1,Apr 08 2024 02: +0,1712538000
0.03,1,Apr 08 2024 05: +0,1712548800
0.03,1,Apr 08 2024 06: +0,1712552400
0.03,3,Apr 08 2024 12: +0,1712574000
0.03,2,Apr 08 2024 13: +0,1712577600
0.03,2,Apr 08 2024 15: +0,1712584800
0.03,2,Apr 08 2024 18: +0,1712595600
0.03,8,Apr 08 2024 20: +0,1712602800
0.03,1,Apr 08 2024 21: +0,1712606400
0.03,2,Apr 08 2024 22: +0,1712610000
0.035,3,Apr 08 2024 23: +0,1712613600
0.03,1,Apr 09 2024 00: +0,1712617200
0.03,1,Apr 09 2024 01: +0,1712620800
0.03,2,Apr 09 2024 02: +0,1712624400
0.035,1,Apr 09 2024 08: +0,1712646000
0.03,2,Apr 09 2024 09: +0,1712649600
0.035,1,Apr 09 2024 11: +0,1712656800
0.03,1,Apr 09 2024 12: +0,1712660400
0.03,2,Apr 09 2024 14: +0,1712667600
0.03,1,Apr 09 2024 15: +0,1712671200
0.03,2,Apr 09 2024 16: +0,1712674800
0.03,1,Apr 09 2024 17: +0,1712678400
0.03,1,Apr 09 2024 18: +0,1712682000
0.03,5,Apr 09 2024 20: +0,1712689200
0.03,3,Apr 09 2024 21: +0,1712692800
0.04,5,Apr 10 2024 00: +0,1712703600
0.03,1,Apr 10 2024 03: +0,1712714400
0.03,2,Apr 10 2024 04: +0,1712718000
0.035,3,Apr 10 2024 07: +0,1712728800
0.03,3,Apr 10 2024 10: +0,1712739600
0.03,6,Apr 10 2024 11: +0,1712743200
0.03,35,Apr 10 2024 12: +0,1712746800
0.03,2,Apr 10 2024 13: +0,1712750400
0.03,1,Apr 10 2024 14: +0,1712754000
0.044,1,Apr 10 2024 15: +0,1712757600
0.03,1,Apr 10 2024 17: +0,1712764800
0.03,3,Apr 10 2024 18: +0,1712768400
0.03,1,Apr 10 2024 19: +0,1712772000
0.035,4,Apr 10 2024 20: +0,1712775600
0.03,6,Apr 10 2024 21: +0,1712779200
0.03,2,Apr 10 2024 22: +0,1712782800
0.03,1,Apr 11 2024 00: +0,1712790000
0.03,1,Apr 11 2024 02: +0,1712797200
0.03,1,Apr 11 2024 11: +0,1712829600
0.03,2,Apr 11 2024 12: +0,1712833200
0.03,2,Apr 11 2024 13: +0,1712836800
0.03,2,Apr 11 2024 14: +0,1712840400
0.03,6,Apr 11 2024 15: +0,1712844000
0.03,6,Apr 11 2024 16: +0,1712847600
0.03,11,Apr 11 2024 17: +0,1712851200
0.03,6,Apr 11 2024 18: +0,1712854800
0.03,6,Apr 11 2024 20: +0,1712862000
0.03,1,Apr 11 2024 21: +0,1712865600
0.034,1,Apr 11 2024 22: +0,1712869200
0.03,3,Apr 12 2024 00: +0,1712876400
0.03,2,Apr 12 2024 01: +0,1712880000
0.03,1,Apr 12 2024 02: +0,1712883600
0.03,1,Apr 12 2024 03: +0,1712887200
0.034,1,Apr 12 2024 05: +0,1712894400
0.03,1,Apr 12 2024 06: +0,1712898000
0.03,1,Apr 12 2024 07: +0,1712901600
0.03,3,Apr 12 2024 08: +0,1712905200
0.03,7,Apr 12 2024 09: +0,1712908800
0.032,2,Apr 12 2024 11: +0,1712916000
0.034,4,Apr 12 2024 13: +0,1712923200
0.03,3,Apr 12 2024 14: +0,1712926800
0.03,2,Apr 12 2024 15: +0,1712930400
0.03,1,Apr 12 2024 16: +0,1712934000
0.03,1,Apr 12 2024 17: +0,1712937600
0.03,3,Apr 12 2024 18: +0,1712941200
0.03,4,Apr 12 2024 20: +0,1712948400
0.03,3,Apr 12 2024 21: +0,1712952000
0.03,2,Apr 12 2024 22: +0,1712955600
0.03,3,Apr 12 2024 23: +0,1712959200
0.03,3,Apr 13 2024 00: +0,1712962800
0.04,2,Apr 13 2024 02: +0,1712970000
0.041,2,Apr 13 2024 05: +0,1712980800
0.03,1,Apr 13 2024 06: +0,1712984400
0.03,5,Apr 13 2024 07: +0,1712988000
0.03,1,Apr 13 2024 08: +0,1712991600
0.034,2,Apr 13 2024 10: +0,1712998800
0.034,12,Apr 13 2024 11: +0,1713002400
0.03,2,Apr 13 2024 12: +0,1713006000
0.03,4,Apr 13 2024 13: +0,1713009600
0.03,1,Apr 13 2024 14: +0,1713013200
0.03,4,Apr 13 2024 16: +0,1713020400
0.043,3,Apr 13 2024 17: +0,1713024000
0.03,4,Apr 13 2024 18: +0,1713027600
0.03,3,Apr 13 2024 19: +0,1713031200
0.034,4,Apr 13 2024 22: +0,1713042000
0.03,2,Apr 14 2024 04: +0,1713063600
0.03,3,Apr 14 2024 05: +0,1713067200
0.03,2,Apr 14 2024 08: +0,1713078000
0.03,2,Apr 14 2024 09: +0,1713081600
0.03,3,Apr 14 2024 10: +0,1713085200
0.03,2,Apr 14 2024 11: +0,1713088800
0.03,8,Apr 14 2024 12: +0,1713092400
0.03,2,Apr 14 2024 13: +0,1713096000
0.03,4,Apr 14 2024 15: +0,1713103200
0.03,1,Apr 14 2024 16: +0,1713106800
0.034,3,Apr 14 2024 17: +0,1713110400
0.03,5,Apr 14 2024 18: +0,1713114000
0.03,4,Apr 14 2024 19: +0,1713117600
0.03,4,Apr 14 2024 20: +0,1713121200
0.03,4,Apr 14 2024 21: +0,1713124800
0.03,2,Apr 14 2024 22: +0,1713128400
0.03,1,Apr 14 2024 23: +0,1713132000
0.03,7,Apr 15 2024 01: +0,1713139200
0.04,1,Apr 15 2024 02: +0,1713142800
0.03,6,Apr 15 2024 06: +0,1713157200
0.03,2,Apr 15 2024 07: +0,1713160800
0.03,3,Apr 15 2024 10: +0,1713171600
0.03,4,Apr 15 2024 11: +0,1713175200
0.03,4,Apr 15 2024 13: +0,1713182400
0.03,7,Apr 15 2024 14: +0,1713186000
0.03,1,Apr 15 2024 16: +0,1713193200
0.03,2,Apr 15 2024 18: +0,1713200400
0.03,1,Apr 15 2024 19: +0,1713204000
0.03,2,Apr 16 2024 03: +0,1713232800
0.03,1,Apr 16 2024 05: +0,1713240000
0.03,5,Apr 16 2024 09: +0,1713254400
0.03,2,Apr 16 2024 10: +0,1713258000
0.03,3,Apr 16 2024 11: +0,1713261600
0.03,4,Apr 16 2024 12: +0,1713265200
0.03,2,Apr 16 2024 13: +0,1713268800
0.03,2,Apr 16 2024 14: +0,1713272400
0.03,2,Apr 16 2024 15: +0,1713276000
0.043,1,Apr 16 2024 16: +0,1713279600
0.03,1,Apr 16 2024 17: +0,1713283200
0.04,5,Apr 16 2024 18: +0,1713286800
0.03,2,Apr 16 2024 19: +0,1713290400
0.03,2,Apr 16 2024 20: +0,1713294000
0.03,1,Apr 16 2024 21: +0,1713297600
0.03,2,Apr 16 2024 23: +0,1713304800
0.03,1,Apr 17 2024 02: +0,1713315600
0.03,2,Apr 17 2024 03: +0,1713319200
0.03,2,Apr 17 2024 05: +0,1713326400
0.043,5,Apr 17 2024 07: +0,1713333600
0.03,4,Apr 17 2024 08: +0,1713337200
0.03,6,Apr 17 2024 11: +0,1713348000
0.03,4,Apr 17 2024 12: +0,1713351600
0.04,6,Apr 17 2024 14: +0,1713358800
0.04,3,Apr 17 2024 15: +0,1713362400
0.03,2,Apr 17 2024 16: +0,1713366000
0.03,19,Apr 17 2024 17: +0,1713369600
0.03,4,Apr 17 2024 19: +0,1713376800
0.03,2,Apr 17 2024 21: +0,1713384000
0.03,1,Apr 17 2024 22: +0,1713387600
0.043,3,Apr 18 2024 00: +0,1713394800
0.03,2,Apr 18 2024 02: +0,1713402000
0.03,1,Apr 18 2024 04: +0,1713409200
0.03,1,Apr 18 2024 06: +0,1713416400
0.03,1,Apr 18 2024 09: +0,1713427200
0.03,1,Apr 18 2024 10: +0,1713430800
0.03,2,Apr 18 2024 11: +0,1713434400
0.03,1,Apr 18 2024 12: +0,1713438000
0.03,7,Apr 18 2024 13: +0,1713441600
0.03,1,Apr 18 2024 14: +0,1713445200
0.03,2,Apr 18 2024 15: +0,1713448800
0.03,6,Apr 18 2024 16: +0,1713452400
0.03,3,Apr 18 2024 17: +0,1713456000
0.04,4,Apr 18 2024 18: +0,1713459600
0.03,1,Apr 18 2024 20: +0,1713466800
0.03,4,Apr 18 2024 21: +0,1713470400
0.03,4,Apr 18 2024 23: +0,1713477600
0.04,1,Apr 19 2024 00: +0,1713481200
0.03,8,Apr 19 2024 02: +0,1713488400
0.03,1,Apr 19 2024 03: +0,1713492000
0.03,1,Apr 19 2024 07: +0,1713506400
0.03,5,Apr 19 2024 08: +0,1713510000
0.03,1,Apr 19 2024 09: +0,1713513600
0.03,2,Apr 19 2024 10: +0,1713517200
0.03,2,Apr 19 2024 11: +0,1713520800
0.03,9,Apr 19 2024 12: +0,1713524400
0.03,2,Apr 19 2024 16: +0,1713538800
0.03,2,Apr 19 2024 17: +0,1713542400
0.03,1,Apr 19 2024 19: +0,1713549600
0.03,1,Apr 19 2024 20: +0,1713553200
0.03,1,Apr 19 2024 21: +0,1713556800
0.03,2,Apr 20 2024 00: +0,1713567600
0.03,3,Apr 20 2024 04: +0,1713582000
0.03,1,Apr 20 2024 05: +0,1713585600
0.03,1,Apr 20 2024 06: +0,1713589200
0.03,1,Apr 20 2024 08: +0,1713596400
0.03,1,Apr 20 2024 09: +0,1713600000
0.03,2,Apr 20 2024 10: +0,1713603600
0.04,12,Apr 20 2024 11: +0,1713607200
0.04,8,Apr 20 2024 12: +0,1713610800
0.03,1,Apr 20 2024 13: +0,1713614400
0.03,1,Apr 20 2024 14: +0,1713618000
0.03,1,Apr 20 2024 15: +0,1713621600
0.03,2,Apr 20 2024 16: +0,1713625200
0.03,2,Apr 20 2024 17: +0,1713628800
0.03,2,Apr 20 2024 18: +0,1713632400
0.03,3,Apr 20 2024 19: +0,1713636000
0.03,2,Apr 20 2024 20: +0,1713639600
0.03,1,Apr 20 2024 21: +0,1713643200
0.03,6,Apr 20 2024 22: +0,1713646800
0.03,3,Apr 20 2024 23: +0,1713650400
0.03,2,Apr 21 2024 04: +0,1713668400
0.03,1,Apr 21 2024 08: +0,1713682800
0.03,2,Apr 21 2024 09: +0,1713686400
0.03,5,Apr 21 2024 10: +0,1713690000
0.03,1,Apr 21 2024 11: +0,1713693600
0.03,17,Apr 21 2024 12: +0,1713697200
0.03,5,Apr 21 2024 13: +0,1713700800
0.03,32,Apr 21 2024 15: +0,1713708000
0.03,5,Apr 21 2024 17: +0,1713715200
0.03,3,Apr 21 2024 18: +0,1713718800
0.03,1,Apr 21 2024 19: +0,1713722400
0.03,5,Apr 21 2024 20: +0,1713726000
0.03,6,Apr 21 2024 21: +0,1713729600
0.03,2,Apr 21 2024 22: +0,1713733200
0.03,3,Apr 22 2024 00: +0,1713740400
0.03,1,Apr 22 2024 01: +0,1713744000
0.03,3,Apr 22 2024 02: +0,1713747600
0.03,1,Apr 22 2024 04: +0,1713754800
0.03,1,Apr 22 2024 05: +0,1713758400
0.03,2,Apr 22 2024 07: +0,1713765600
0.03,1,Apr 22 2024 11: +0,1713780000
0.03,3,Apr 22 2024 13: +0,1713787200
0.03,5,Apr 22 2024 14: +0,1713790800
0.03,3,Apr 22 2024 15: +0,1713794400
0.03,2,Apr 22 2024 16: +0,1713798000
0.03,4,Apr 22 2024 17: +0,1713801600
0.03,2,Apr 22 2024 18: +0,1713805200
0.03,1,Apr 22 2024 20: +0,1713812400
0.03,1,Apr 22 2024 22: +0,1713819600
0.03,1,Apr 23 2024 01: +0,1713830400
0.03,5,Apr 23 2024 11: +0,1713866400
0.03,3,Apr 23 2024 13: +0,1713873600
0.042,1,Apr 23 2024 14: +0,1713877200
0.03,3,Apr 23 2024 15: +0,1713880800
0.03,1,Apr 23 2024 16: +0,1713884400
0.03,2,Apr 23 2024 17: +0,1713888000
0.03,6,Apr 23 2024 18: +0,1713891600
0.04,3,Apr 23 2024 19: +0,1713895200
0.03,4,Apr 23 2024 20: +0,1713898800
0.03,2,Apr 23 2024 21: +0,1713902400
0.03,2,Apr 23 2024 22: +0,1713906000
0.03,5,Apr 24 2024 00: +0,1713913200
0.03,2,Apr 24 2024 06: +0,1713934800
0.03,2,Apr 24 2024 08: +0,1713942000
0.03,1,Apr 24 2024 11: +0,1713952800
0.032,4,Apr 24 2024 12: +0,1713956400
0.03,1,Apr 24 2024 14: +0,1713963600
0.03,6,Apr 24 2024 15: +0,1713967200
0.03,2,Apr 24 2024 16: +0,1713970800
0.03,1,Apr 24 2024 17: +0,1713974400
0.03,2,Apr 24 2024 18: +0,1713978000
0.03,1,Apr 24 2024 19: +0,1713981600
0.03,1,Apr 24 2024 20: +0,1713985200
0.03,3,Apr 24 2024 21: +0,1713988800
0.03,6,Apr 24 2024 22: +0,1713992400
0.043,5,Apr 24 2024 23: +0,1713996000
0.03,5,Apr 25 2024 00: +0,1713999600
0.03,3,Apr 25 2024 02: +0,1714006800
0.03,1,Apr 25 2024 03: +0,1714010400
0.03,1,Apr 25 2024 05: +0,1714017600
0.03,2,Apr 25 2024 08: +0,1714028400
0.03,1,Apr 25 2024 09: +0,1714032000
0.03,3,Apr 25 2024 14: +0,1714050000
0.03,41,Apr 25 2024 15: +0,1714053600
0.03,2,Apr 25 2024 17: +0,1714060800
0.03,8,Apr 25 2024 18: +0,1714064400
0.03,6,Apr 25 2024 19: +0,1714068000
0.03,2,Apr 25 2024 20: +0,1714071600
0.03,3,Apr 25 2024 21: +0,1714075200
0.03,1,Apr 25 2024 23: +0,1714082400
0.03,1,Apr 26 2024 01: +0,1714089600
0.03,4,Apr 26 2024 02: +0,1714093200
0.03,2,Apr 26 2024 03: +0,1714096800
0.03,4,Apr 26 2024 05: +0,1714104000
0.03,1,Apr 26 2024 06: +0,1714107600
0.03,3,Apr 26 2024 07: +0,1714111200
0.03,11,Apr 26 2024 08: +0,1714114800
0.03,2,Apr 26 2024 09: +0,1714118400
0.03,1,Apr 26 2024 10: +0,1714122000
0.043,2,Apr 26 2024 11: +0,1714125600
0.03,3,Apr 26 2024 12: +0,1714129200
0.03,2,Apr 26 2024 13: +0,1714132800
0.03,5,Apr 26 2024 14: +0,1714136400
0.03,3,Apr 26 2024 15: +0,1714140000
0.03,2,Apr 26 2024 16: +0,1714143600
0.03,15,Apr 26 2024 17: +0,1714147200
0.03,31,Apr 26 2024 18: +0,1714150800
0.03,13,Apr 26 2024 19: +0,1714154400
0.03,12,Apr 26 2024 20: +0,1714158000
0.03,3,Apr 26 2024 22: +0,1714165200
0.03,1,Apr 26 2024 23: +0,1714168800
0.03,5,Apr 27 2024 00: +0,1714172400
0.03,2,Apr 27 2024 02: +0,1714179600
0.03,9,Apr 27 2024 04: +0,1714186800
0.03,2,Apr 27 2024 05: +0,1714190400
0.04,1,Apr 27 2024 06: +0,1714194000
0.03,2,Apr 27 2024 07: +0,1714197600
0.03,3,Apr 27 2024 08: +0,1714201200
0.03,3,Apr 27 2024 10: +0,1714208400
0.03,3,Apr 27 2024 12: +0,1714215600
0.03,4,Apr 27 2024 14: +0,1714222800
0.03,2,Apr 27 2024 15: +0,1714226400
0.03,4,Apr 27 2024 16: +0,1714230000
0.03,4,Apr 27 2024 17: +0,1714233600
0.03,7,Apr 27 2024 18: +0,1714237200
0.03,9,Apr 27 2024 19: +0,1714240800
0.03,1,Apr 27 2024 20: +0,1714244400
0.03,1,Apr 27 2024 21: +0,1714248000
0.03,4,Apr 27 2024 22: +0,1714251600
0.03,1,Apr 27 2024 23: +0,1714255200
0.03,1,Apr 28 2024 00: +0,1714258800
0.043,5,Apr 28 2024 03: +0,1714269600
0.03,2,Apr 28 2024 04: +0,1714273200
0.03,5,Apr 28 2024 05: +0,1714276800
0.03,1,Apr 28 2024 08: +0,1714287600
0.03,2,Apr 28 2024 09: +0,1714291200
0.03,2,Apr 28 2024 10: +0,1714294800
0.03,1,Apr 28 2024 11: +0,1714298400
0.03,3,Apr 28 2024 12: +0,1714302000
0.03,8,Apr 28 2024 13: +0,1714305600
0.03,2,Apr 28 2024 14: +0,1714309200
0.03,3,Apr 28 2024 15: +0,1714312800
0.03,2,Apr 28 2024 16: +0,1714316400
0.03,3,Apr 28 2024 18: +0,1714323600
0.03,2,Apr 28 2024 19: +0,1714327200
0.03,4,Apr 28 2024 20: +0,1714330800
0.03,3,Apr 28 2024 21: +0,1714334400
0.03,5,Apr 28 2024 22: +0,1714338000
0.03,3,Apr 28 2024 23: +0,1714341600
0.03,1,Apr 29 2024 01: +0,1714348800
0.03,1,Apr 29 2024 03: +0,1714356000
0.03,2,Apr 29 2024 05: +0,1714363200
0.03,4,Apr 29 2024 07: +0,1714370400
0.03,2,Apr 29 2024 09: +0,1714377600
0.032,1,Apr 29 2024 10: +0,1714381200
0.03,21,Apr 29 2024 11: +0,1714384800
0.03,1,Apr 29 2024 12: +0,1714388400
0.03,4,Apr 29 2024 13: +0,1714392000
0.03,7,Apr 29 2024 14: +0,1714395600
0.03,14,Apr 29 2024 15: +0,1714399200
0.032,7,Apr 29 2024 16: +0,1714402800
0.03,1,Apr 29 2024 17: +0,1714406400
0.032,8,Apr 29 2024 19: +0,1714413600
0.03,9,Apr 29 2024 20: +0,1714417200
0.03,3,Apr 29 2024 21: +0,1714420800
0.03,1,Apr 29 2024 22: +0,1714424400
0.03,6,Apr 29 2024 23: +0,1714428000
0.03,1,Apr 30 2024 01: +0,1714435200
0.03,2,Apr 30 2024 06: +0,1714453200
0.03,2,Apr 30 2024 07: +0,1714456800
0.03,1,Apr 30 2024 09: +0,1714464000
0.03,5,Apr 30 2024 10: +0,1714467600
0.03,1,Apr 30 2024 13: +0,1714478400
0.03,4,Apr 30 2024 14: +0,1714482000
0.03,1,Apr 30 2024 15: +0,1714485600
0.03,8,Apr 30 2024 17: +0,1714492800
0.03,1,Apr 30 2024 18: +0,1714496400
0.03,5,Apr 30 2024 19: +0,1714500000
0.03,3,Apr 30 2024 20: +0,1714503600
0.03,3,Apr 30 2024 21: +0,1714507200
0.03,1,Apr 30 2024 22: +0,1714510800
0.03,2,Apr 30 2024 23: +0,1714514400
0.03,1,May 01 2024 03: +0,1714528800
0.03,3,May 01 2024 04: +0,1714532400
0.03,2,May 01 2024 05: +0,1714536000
0.03,21,May 01 2024 06: +0,1714539600
0.03,4,May 01 2024 07: +0,1714543200
0.03,1,May 01 2024 08: +0,1714546800
0.03,5,May 01 2024 10: +0,1714554000
0.03,3,May 01 2024 12: +0,1714561200
0.03,1,May 01 2024 14: +0,1714568400
0.03,7,May 01 2024 15: +0,1714572000
0.03,1,May 01 2024 17: +0,1714579200
0.03,2,May 01 2024 18: +0,1714582800
0.03,1,May 01 2024 19: +0,1714586400
0.03,3,May 01 2024 20: +0,1714590000
0.03,1,May 01 2024 21: +0,1714593600
0.03,5,May 01 2024 23: +0,1714600800
0.03,3,May 02 2024 00: +0,1714604400
0.03,1,May 02 2024 02: +0,1714611600
0.03,1,May 02 2024 06: +0,1714626000
0.03,2,May 02 2024 07: +0,1714629600
0.03,1,May 02 2024 08: +0,1714633200
0.03,2,May 02 2024 09: +0,1714636800
0.03,15,May 02 2024 10: +0,1714640400
0.03,1,May 02 2024 11: +0,1714644000
0.03,1,May 02 2024 12: +0,1714647600
0.03,2,May 02 2024 13: +0,1714651200
0.03,1,May 02 2024 14: +0,1714654800
0.03,3,May 02 2024 15: +0,1714658400
0.03,2,May 02 2024 17: +0,1714665600
0.03,5,May 02 2024 18: +0,1714669200
0.03,2,May 02 2024 19: +0,1714672800
0.03,1,May 02 2024 20: +0,1714676400
0.03,3,May 02 2024 21: +0,1714680000
0.03,3,May 02 2024 22: +0,1714683600
0.03,1,May 02 2024 23: +0,1714687200
0.03,1,May 03 2024 00: +0,1714690800
0.03,1,May 03 2024 03: +0,1714701600
0.03,1,May 03 2024 06: +0,1714712400
0.03,1,May 03 2024 07: +0,1714716000
0.03,3,May 03 2024 08: +0,1714719600
0.03,3,May 03 2024 10: +0,1714726800
0.032,2,May 03 2024 14: +0,1714741200
0.03,3,May 03 2024 15: +0,1714744800
0.034,1,May 03 2024 16: +0,1714748400
0.03,4,May 03 2024 17: +0,1714752000
0.03,1,May 03 2024 18: +0,1714755600
0.03,1,May 03 2024 19: +0,1714759200
0.03,5,May 03 2024 20: +0,1714762800
0.03,3,May 03 2024 21: +0,1714766400
0.03,731,May 03 2024 23: +0,1714773600
0.03,1,May 04 2024 00: +0,1714777200
0.03,2,May 04 2024 04: +0,1714791600
0.03,1,May 04 2024 06: +0,1714798800
0.03,139,May 04 2024 09: +0,1714809600
0.03,13,May 04 2024 10: +0,1714813200
0.03,5,May 04 2024 11: +0,1714816800
0.03,3,May 04 2024 12: +0,1714820400
0.03,6,May 04 2024 13: +0,1714824000
0.03,417,May 04 2024 14: +0,1714827600
0.03,69,May 04 2024 15: +0,1714831200
0.03,5,May 04 2024 16: +0,1714834800
0.03,1,May 04 2024 17: +0,1714838400
0.03,3,May 04 2024 19: +0,1714845600
0.03,2,May 04 2024 20: +0,1714849200
0.03,5,May 04 2024 21: +0,1714852800
0.03,2,May 04 2024 22: +0,1714856400
0.034,3,May 04 2024 23: +0,1714860000
0.03,1,May 05 2024 00: +0,1714863600
0.03,2,May 05 2024 05: +0,1714881600
0.03,1,May 05 2024 06: +0,1714885200
0.03,2,May 05 2024 08: +0,1714892400
0.03,2,May 05 2024 09: +0,1714896000
0.03,10,May 05 2024 10: +0,1714899600
0.03,2,May 05 2024 13: +0,1714910400
0.034,1,May 05 2024 14: +0,1714914000
0.03,5,May 05 2024 15: +0,1714917600
0.03,36,May 05 2024 16: +0,1714921200
0.03,50,May 05 2024 18: +0,1714928400
0.03,32,May 05 2024 19: +0,1714932000
0.03,3,May 05 2024 20: +0,1714935600
0.03,2,May 05 2024 21: +0,1714939200
0.032,16,May 05 2024 22: +0,1714942800
0.03,2,May 05 2024 23: +0,1714946400
0.03,4,May 06 2024 00: +0,1714950000
0.03,69,May 06 2024 01: +0,1714953600
0.032,2,May 06 2024 03: +0,1714960800
0.03,1,May 06 2024 05: +0,1714968000
0.03,21,May 06 2024 06: +0,1714971600
0.03,3,May 06 2024 07: +0,1714975200
0.03,6,May 06 2024 10: +0,1714986000
0.03,4,May 06 2024 11: +0,1714989600
0.03,4,May 06 2024 13: +0,1714996800
0.03,16,May 06 2024 15: +0,1715004000
0.03,1,May 06 2024 16: +0,1715007600
0.03,6,May 06 2024 18: +0,1715014800
0.03,1,May 06 2024 20: +0,1715022000
0.043,1,May 06 2024 21: +0,1715025600
0.03,4,May 06 2024 22: +0,1715029200
0.03,1,May 07 2024 08: +0,1715065200
0.03,10,May 07 2024 10: +0,1715072400
0.03,2,May 07 2024 11: +0,1715076000
0.032,2,May 07 2024 14: +0,1715086800
0.03,1,May 07 2024 15: +0,1715090400
0.03,1,May 07 2024 18: +0,1715101200
0.03,2,May 07 2024 19: +0,1715104800
0.03,2,May 07 2024 20: +0,1715108400
0.03,1,May 07 2024 22: +0,1715115600
0.03,1,May 07 2024 23: +0,1715119200
0.03,3,May 08 2024 00: +0,1715122800
0.032,1,May 08 2024 04: +0,1715137200
0.03,1,May 08 2024 06: +0,1715144400
0.03,1,May 08 2024 08: +0,1715151600
0.03,3,May 08 2024 09: +0,1715155200
0.03,2,May 08 2024 10: +0,1715158800
0.03,1,May 08 2024 12: +0,1715166000
0.03,2,May 08 2024 14: +0,1715173200
0.03,3,May 08 2024 15: +0,1715176800
0.03,77,May 08 2024 16: +0,1715180400
0.03,1,May 08 2024 17: +0,1715184000
0.03,1,May 08 2024 19: +0,1715191200
0.03,5,May 08 2024 20: +0,1715194800
0.03,1,May 08 2024 21: +0,1715198400
0.03,8,May 08 2024 22: +0,1715202000
0.03,1,May 08 2024 23: +0,1715205600
0.03,1,May 09 2024 00: +0,1715209200
0.03,6,May 09 2024 02: +0,1715216400
0.03,5,May 09 2024 05: +0,1715227200
0.03,1,May 09 2024 07: +0,1715234400
0.03,14,May 09 2024 08: +0,1715238000
0.03,1,May 09 2024 09: +0,1715241600
0.03,2,May 09 2024 10: +0,1715245200
0.03,1,May 09 2024 11: +0,1715248800
0.03,2,May 09 2024 12: +0,1715252400
0.03,2,May 09 2024 14: +0,1715259600
0.03,1,May 09 2024 16: +0,1715266800
0.03,4,May 09 2024 17: +0,1715270400
0.03,1,May 09 2024 18: +0,1715274000
0.03,1,May 09 2024 20: +0,1715281200
0.03,2,May 09 2024 23: +0,1715292000
0.03,2,May 10 2024 00: +0,1715295600
0.034,3,May 10 2024 01: +0,1715299200
0.03,1,May 10 2024 04: +0,1715310000
0.03,1,May 10 2024 06: +0,1715317200
0.03,1,May 10 2024 07: +0,1715320800
0.03,1,May 10 2024 09: +0,1715328000
0.03,2,May 10 2024 11: +0,1715335200
0.032,12,May 10 2024 14: +0,1715346000
0.03,2,May 10 2024 15: +0,1715349600
0.03,1,May 10 2024 17: +0,1715356800
0.03,4,May 10 2024 18: +0,1715360400
0.03,4,May 10 2024 19: +0,1715364000
0.03,3,May 10 2024 21: +0,1715371200
0.03,1,May 10 2024 23: +0,1715378400
0.04,4,May 11 2024 01: +0,1715385600
0.03,1,May 11 2024 03: +0,1715392800
0.03,1,May 11 2024 04: +0,1715396400
0.03,1,May 11 2024 06: +0,1715403600
0.03,1,May 11 2024 09: +0,1715414400
0.03,5,May 11 2024 10: +0,1715418000
0.03,5,May 11 2024 12: +0,1715425200
0.03,5,May 11 2024 16: +0,1715439600
0.03,1,May 11 2024 18: +0,1715446800
0.03,1,May 11 2024 19: +0,1715450400
0.03,1,May 11 2024 20: +0,1715454000
0.03,1,May 11 2024 21: +0,1715457600
0.03,3,May 11 2024 22: +0,1715461200
0.03,1,May 11 2024 23: +0,1715464800
0.03,1,May 12 2024 02: +0,1715475600
0.03,1,May 12 2024 06: +0,1715490000
0.03,1,May 12 2024 08: +0,1715497200
0.03,4,May 12 2024 10: +0,1715504400
0.03,1,May 12 2024 12: +0,1715511600
0.03,6,May 12 2024 13: +0,1715515200
0.03,1,May 12 2024 15: +0,1715522400
0.03,3,May 12 2024 16: +0,1715526000
0.03,1,May 12 2024 17: +0,1715529600
0.03,3,May 12 2024 18: +0,1715533200
0.03,1,May 12 2024 19: +0,1715536800
0.03,2,May 12 2024 20: +0,1715540400
0.032,1,May 12 2024 21: +0,1715544000
0.03,1,May 12 2024 22: +0,1715547600
0.03,1,May 13 2024 01: +0,1715558400
0.03,1,May 13 2024 03: +0,1715565600
0.03,1,May 13 2024 05: +0,1715572800
0.03,4,May 13 2024 11: +0,1715594400
0.03,2,May 13 2024 12: +0,1715598000
0.034,1,May 13 2024 13: +0,1715601600
0.03,2,May 13 2024 15: +0,1715608800
0.03,1,May 13 2024 18: +0,1715619600
0.03,2,May 13 2024 19: +0,1715623200
0.03,1,May 13 2024 22: +0,1715634000
0.03,1,May 13 2024 23: +0,1715637600
0.03,1,May 14 2024 01: +0,1715644800
0.03,1,May 14 2024 04: +0,1715655600
0.03,1,May 14 2024 06: +0,1715662800
0.03,1,May 14 2024 13: +0,1715688000
0.03,1,May 14 2024 14: +0,1715691600
0.03,1,May 14 2024 17: +0,1715702400
0.03,5,May 14 2024 19: +0,1715709600
0.03,1,May 15 2024 01: +0,1715731200
0.03,2,May 15 2024 03: +0,1715738400
0.03,2,May 15 2024 07: +0,1715752800
0.03,2,May 15 2024 09: +0,1715760000
0.03,5,May 15 2024 13: +0,1715774400
0.03,1,May 15 2024 14: +0,1715778000
0.03,2,May 15 2024 19: +0,1715796000
0.03,3,May 15 2024 20: +0,1715799600
0.03,1,May 15 2024 22: +0,1715806800
0.03,1,May 15 2024 23: +0,1715810400
0.03,1,May 16 2024 00: +0,1715814000
0.03,1,May 16 2024 07: +0,1715839200
0.03,1,May 16 2024 09: +0,1715846400
0.03,6,May 16 2024 13: +0,1715860800
0.03,3,May 16 2024 14: +0,1715864400
0.03,1,May 16 2024 15: +0,1715868000
0.034,5,May 16 2024 16: +0,1715871600
0.03,1,May 16 2024 17: +0,1715875200
0.03,1,May 16 2024 18: +0,1715878800
0.034,5,May 16 2024 19: +0,1715882400
0.03,1,May 16 2024 20: +0,1715886000
0.03,1,May 17 2024 03: +0,1715911200
0.03,20,May 17 2024 06: +0,1715922000
0.03,1,May 17 2024 07: +0,1715925600
0.034,2,May 17 2024 08: +0,1715929200
0.03,4,May 17 2024 10: +0,1715936400
0.03,1,May 17 2024 11: +0,1715940000
0.03,2,May 17 2024 12: +0,1715943600
0.03,2,May 17 2024 13: +0,1715947200
0.03,1,May 17 2024 14: +0,1715950800
0.03,2,May 17 2024 17: +0,1715961600
0.034,7,May 17 2024 18: +0,1715965200
0.03,1,May 17 2024 19: +0,1715968800
0.03,1,May 17 2024 20: +0,1715972400
0.03,1,May 17 2024 21: +0,1715976000
0.03,5,May 18 2024 04: +0,1716001200
0.03,1,May 18 2024 06: +0,1716008400
0.03,2,May 18 2024 10: +0,1716022800
0.03,5,May 18 2024 11: +0,1716026400
0.03,1,May 18 2024 12: +0,1716030000
0.03,1,May 18 2024 13: +0,1716033600
0.03,1,May 18 2024 14: +0,1716037200
0.03,2,May 18 2024 17: +0,1716048000
0.03,2,May 18 2024 18: +0,1716051600
0.03,10,May 18 2024 20: +0,1716058800
0.03,2,May 19 2024 00: +0,1716073200
0.03,2,May 19 2024 01: +0,1716076800
0.03,1,May 19 2024 02: +0,1716080400
0.031,1,May 19 2024 08: +0,1716102000
0.03,1,May 19 2024 09: +0,1716105600
0.03,2,May 19 2024 11: +0,1716112800
0.03,1,May 19 2024 12: +0,1716116400
0.03,10,May 19 2024 15: +0,1716127200
0.03,3,May 19 2024 16: +0,1716130800
0.03,3,May 19 2024 17: +0,1716134400
0.03,2,May 19 2024 18: +0,1716138000
0.03,1,May 19 2024 20: +0,1716145200
0.03,1,May 19 2024 21: +0,1716148800
0.031,7,May 19 2024 22: +0,1716152400
0.03,1,May 20 2024 00: +0,1716159600
0.03,1,May 20 2024 01: +0,1716163200
0.03,7,May 20 2024 04: +0,1716174000
0.03,1,May 20 2024 05: +0,1716177600
0.03,1,May 20 2024 06: +0,1716181200
0.03,1,May 20 2024 10: +0,1716195600
0.03,2,May 20 2024 12: +0,1716202800
0.03,3,May 20 2024 13: +0,1716206400
0.03,4,May 20 2024 14: +0,1716210000
0.03,14,May 20 2024 15: +0,1716213600
0.03,30,May 20 2024 19: +0,1716228000
0.03,1,May 20 2024 20: +0,1716231600
0.03,5,May 20 2024 21: +0,1716235200
0.03,2,May 20 2024 22: +0,1716238800
0.03,1,May 21 2024 07: +0,1716271200
0.04,2,May 21 2024 08: +0,1716274800
0.03,2,May 21 2024 11: +0,1716285600
0.03,19,May 21 2024 13: +0,1716292800
0.03,1,May 21 2024 14: +0,1716296400
0.03,2,May 21 2024 16: +0,1716303600
0.03,2,May 21 2024 18: +0,1716310800
0.03,4,May 21 2024 19: +0,1716314400
0.03,3,May 21 2024 21: +0,1716321600
0.03,24,May 21 2024 22: +0,1716325200
0.03,1,May 21 2024 23: +0,1716328800
0.03,2,May 22 2024 00: +0,1716332400
0.03,11,May 22 2024 02: +0,1716339600
0.03,2,May 22 2024 04: +0,1716346800
0.03,1,May 22 2024 06: +0,1716354000
0.03,1,May 22 2024 09: +0,1716364800
0.03,2,May 22 2024 10: +0,1716368400
0.03,1,May 22 2024 11: +0,1716372000
0.03,4,May 22 2024 12: +0,1716375600
0.03,1,May 22 2024 13: +0,1716379200
0.031,1,May 22 2024 16: +0,1716390000
0.03,52,May 22 2024 17: +0,1716393600
0.03,1,May 22 2024 19: +0,1716400800
0.03,1,May 22 2024 20: +0,1716404400
0.03,3,May 22 2024 22: +0,1716411600
0.03,2,May 22 2024 23: +0,1716415200
0.03,14,May 23 2024 01: +0,1716422400
0.03,1,May 23 2024 03: +0,1716429600
0.03,1,May 23 2024 04: +0,1716433200
0.03,5,May 23 2024 07: +0,1716444000
0.03,2,May 23 2024 09: +0,1716451200
0.03,9,May 23 2024 11: +0,1716458400
0.03,1,May 23 2024 12: +0,1716462000
0.03,2,May 23 2024 13: +0,1716465600
0.03,6,May 23 2024 15: +0,1716472800
0.03,3,May 23 2024 16: +0,1716476400
0.034,1,May 23 2024 17: +0,1716480000
0.03,2,May 23 2024 18: +0,1716483600
0.03,2,May 23 2024 19: +0,1716487200
0.03,4,May 23 2024 23: +0,1716501600
0.03,2,May 24 2024 00: +0,1716505200
0.03,1,May 24 2024 01: +0,1716508800
0.03,1,May 24 2024 02: +0,1716512400
0.03,1,May 24 2024 04: +0,1716519600
0.03,6,May 24 2024 05: +0,1716523200
0.034,1,May 24 2024 06: +0,1716526800
0.03,3,May 24 2024 08: +0,1716534000
0.03,6,May 24 2024 11: +0,1716544800
0.03,1,May 24 2024 12: +0,1716548400
0.03,10,May 24 2024 14: +0,1716555600
0.03,204,May 24 2024 16: +0,1716562800
0.03,1,May 24 2024 18: +0,1716570000
0.03,13,May 24 2024 19: +0,1716573600
0.03,3,May 24 2024 20: +0,1716577200
0.03,1,May 24 2024 21: +0,1716580800
0.03,1,May 24 2024 22: +0,1716584400
0.03,1,May 24 2024 23: +0,1716588000
0.03,5,May 25 2024 01: +0,1716595200
0.03,5,May 25 2024 02: +0,1716598800
0.03,15,May 25 2024 04: +0,1716606000
0.03,2,May 25 2024 08: +0,1716620400
0.03,1,May 25 2024 09: +0,1716624000
0.03,1,May 25 2024 12: +0,1716634800
0.03,10,May 25 2024 13: +0,1716638400
0.03,2,May 25 2024 14: +0,1716642000
0.03,2,May 25 2024 15: +0,1716645600
0.03,1,May 25 2024 16: +0,1716649200
0.03,3,May 25 2024 18: +0,1716656400
0.03,1,May 25 2024 19: +0,1716660000
0.03,2,May 25 2024 20: +0,1716663600
0.03,7,May 25 2024 21: +0,1716667200
0.03,4,May 25 2024 23: +0,1716674400
0.03,1,May 26 2024 01: +0,1716681600
0.03,1,May 26 2024 02: +0,1716685200
0.03,5,May 26 2024 05: +0,1716696000
0.03,2,May 26 2024 06: +0,1716699600
0.03,2,May 26 2024 08: +0,1716706800
0.03,2,May 26 2024 10: +0,1716714000
0.03,2,May 26 2024 11: +0,1716717600
0.03,1,May 26 2024 13: +0,1716724800
0.039,4,May 26 2024 14: +0,1716728400
0.03,27,May 26 2024 15: +0,1716732000
0.03,2,May 26 2024 16: +0,1716735600
0.03,2,May 26 2024 18: +0,1716742800
0.034,1,May 26 2024 19: +0,1716746400
0.03,1,May 26 2024 20: +0,1716750000
0.03,1,May 26 2024 21: +0,1716753600
0.03,2,May 26 2024 22: +0,1716757200
0.03,2,May 26 2024 23: +0,1716760800
0.03,3,May 27 2024 01: +0,1716768000
0.034,5,May 27 2024 07: +0,1716789600
0.03,1,May 27 2024 11: +0,1716804000
0.03,1,May 27 2024 12: +0,1716807600
0.03,1,May 27 2024 17: +0,1716825600
0.03,3,May 27 2024 18: +0,1716829200
0.03,1,May 27 2024 20: +0,1716836400
0.03,1,May 27 2024 21: +0,1716840000
0.03,6,May 28 2024 03: +0,1716861600
0.03,1,May 28 2024 08: +0,1716879600
0.03,3,May 28 2024 09: +0,1716883200
0.077,1,May 28 2024 14: +0,1716901200
0.03,5,May 28 2024 17: +0,1716912000
0.03,2,May 28 2024 18: +0,1716915600
0.03,1,May 28 2024 23: +0,1716933600
0.03,1,May 29 2024 00: +0,1716937200
0.03,1,May 29 2024 01: +0,1716940800
0.031,4,May 29 2024 02: +0,1716944400
0.03,1,May 29 2024 03: +0,1716948000
0.03,8,May 29 2024 05: +0,1716955200
0.034,3,May 29 2024 08: +0,1716966000
0.03,1,May 29 2024 10: +0,1716973200
0.03,7,May 29 2024 11: +0,1716976800
0.03,106,May 29 2024 13: +0,1716984000
0.03,2,May 29 2024 14: +0,1716987600
0.03,2,May 29 2024 15: +0,1716991200
0.03,10,May 29 2024 16: +0,1716994800
0.03,3,May 29 2024 20: +0,1717009200
0.03,1,May 30 2024 00: +0,1717023600
0.03,2,May 30 2024 01: +0,1717027200
0.03,1,May 30 2024 03: +0,1717034400
0.03,1,May 30 2024 05: +0,1717041600
0.03,7,May 30 2024 07: +0,1717048800
0.03,1,May 30 2024 14: +0,1717074000
0.03,2,May 30 2024 15: +0,1717077600
0.03,1,May 30 2024 17: +0,1717084800
0.03,1,May 30 2024 18: +0,1717088400
0.03,7,May 30 2024 19: +0,1717092000
0.034,3,May 30 2024 20: +0,1717095600
0.03,2,May 31 2024 01: +0,1717113600
0.03,1,May 31 2024 04: +0,1717124400
0.03,1,May 31 2024 05: +0,1717128000
0.03,4,May 31 2024 09: +0,1717142400
0.03,1,May 31 2024 11: +0,1717149600
0.03,2,May 31 2024 12: +0,1717153200
0.03,1,May 31 2024 13: +0,1717156800
0.03,1,May 31 2024 14: +0,1717160400
0.03,3,May 31 2024 15: +0,1717164000
0.04,7,May 31 2024 16: +0,1717167600
0.03,1,May 31 2024 17: +0,1717171200
0.034,1,May 31 2024 19: +0,1717178400
0.03,1,May 31 2024 20: +0,1717182000
0.03,1,May 31 2024 21: +0,1717185600
0.03,1,May 31 2024 22: +0,1717189200
0.03,1,Jun 01 2024 02: +0,1717203600
0.03,1,Jun 01 2024 03: +0,1717207200
0.03,1,Jun 01 2024 09: +0,1717228800
0.03,8,Jun 01 2024 10: +0,1717232400
0.03,2,Jun 01 2024 11: +0,1717236000
0.03,5,Jun 01 2024 12: +0,1717239600
0.03,3,Jun 01 2024 13: +0,1717243200
0.03,7,Jun 01 2024 15: +0,1717250400
0.03,1,Jun 01 2024 16: +0,1717254000
0.03,1,Jun 01 2024 17: +0,1717257600
0.03,101,Jun 01 2024 20: +0,1717268400
0.03,1,Jun 01 2024 21: +0,1717272000
0.031,3,Jun 01 2024 22: +0,1717275600
0.03,1,Jun 01 2024 23: +0,1717279200
0.03,1,Jun 02 2024 01: +0,1717286400
0.03,1,Jun 02 2024 03: +0,1717293600
0.03,9,Jun 02 2024 07: +0,1717308000
0.03,4,Jun 02 2024 12: +0,1717326000
0.04,4,Jun 02 2024 13: +0,1717329600
0.03,1,Jun 02 2024 14: +0,1717333200
0.03,1,Jun 02 2024 15: +0,1717336800
0.03,1,Jun 02 2024 18: +0,1717347600
0.03,2,Jun 02 2024 19: +0,1717351200
0.03,1,Jun 02 2024 21: +0,1717358400
0.03,13,Jun 03 2024 02: +0,1717376400
0.03,3,Jun 03 2024 03: +0,1717380000
0.03,1,Jun 03 2024 04: +0,1717383600
0.03,2,Jun 03 2024 07: +0,1717394400
0.03,4,Jun 03 2024 11: +0,1717408800
0.03,2,Jun 03 2024 15: +0,1717423200
0.03,1,Jun 03 2024 16: +0,1717426800
0.03,2,Jun 03 2024 17: +0,1717430400
0.03,3,Jun 03 2024 19: +0,1717437600
0.03,1,Jun 03 2024 22: +0,1717448400
0.03,1,Jun 04 2024 00: +0,1717455600
0.034,1,Jun 04 2024 01: +0,1717459200
0.03,1,Jun 04 2024 02: +0,1717462800
0.03,1,Jun 04 2024 05: +0,1717473600
0.03,1,Jun 04 2024 07: +0,1717480800
0.03,1,Jun 04 2024 10: +0,1717491600
0.03,1,Jun 04 2024 11: +0,1717495200
0.03,5,Jun 04 2024 12: +0,1717498800
0.03,1,Jun 04 2024 13: +0,1717502400
0.03,3,Jun 04 2024 14: +0,1717506000
0.03,2,Jun 04 2024 15: +0,1717509600
0.03,1,Jun 04 2024 16: +0,1717513200
0.03,1,Jun 04 2024 17: +0,1717516800
0.03,1,Jun 04 2024 20: +0,1717527600
0.03,1,Jun 05 2024 02: +0,1717549200
0.03,1,Jun 05 2024 05: +0,1717560000
0.03,1,Jun 05 2024 06: +0,1717563600
0.03,1,Jun 05 2024 07: +0,1717567200
0.03,1,Jun 05 2024 08: +0,1717570800
0.03,4,Jun 05 2024 09: +0,1717574400
0.03,1,Jun 05 2024 11: +0,1717581600
0.03,2,Jun 05 2024 12: +0,1717585200
0.03,1,Jun 05 2024 13: +0,1717588800
0.03,4,Jun 05 2024 15: +0,1717596000
0.03,1,Jun 05 2024 16: +0,1717599600
0.03,1,Jun 05 2024 17: +0,1717603200
0.03,1,Jun 05 2024 19: +0,1717610400
0.034,1,Jun 05 2024 20: +0,1717614000
0.03,5,Jun 05 2024 21: +0,1717617600
0.03,2,Jun 05 2024 22: +0,1717621200
0.03,4,Jun 06 2024 00: +0,1717628400
0.03,1,Jun 06 2024 01: +0,1717632000
0.03,62,Jun 06 2024 02: +0,1717635600
0.03,2,Jun 06 2024 06: +0,1717650000
0.03,1,Jun 06 2024 08: +0,1717657200
0.03,3,Jun 06 2024 11: +0,1717668000
0.03,5,Jun 06 2024 13: +0,1717675200
0.03,9,Jun 06 2024 14: +0,1717678800
0.03,30,Jun 06 2024 15: +0,1717682400
0.03,2,Jun 06 2024 16: +0,1717686000
0.03,1,Jun 06 2024 17: +0,1717689600
0.03,10,Jun 06 2024 20: +0,1717700400
0.03,2,Jun 06 2024 22: +0,1717707600
0.03,5,Jun 07 2024 00: +0,1717714800
0.03,1,Jun 07 2024 04: +0,1717729200
0.03,1,Jun 07 2024 05: +0,1717732800
0.03,11,Jun 07 2024 12: +0,1717758000
0.03,2,Jun 07 2024 13: +0,1717761600
0.03,1,Jun 07 2024 14: +0,1717765200
0.03,2,Jun 07 2024 16: +0,1717772400
0.03,2,Jun 07 2024 17: +0,1717776000
0.034,6,Jun 07 2024 19: +0,1717783200
0.03,1,Jun 07 2024 20: +0,1717786800
0.03,1,Jun 08 2024 01: +0,1717804800
0.032,7,Jun 08 2024 03: +0,1717812000
0.03,1,Jun 08 2024 11: +0,1717840800
0.03,3,Jun 08 2024 12: +0,1717844400
0.03,6,Jun 08 2024 16: +0,1717858800
0.03,7,Jun 08 2024 18: +0,1717866000
0.03,3,Jun 08 2024 21: +0,1717876800
0.03,1,Jun 08 2024 23: +0,1717884000
0.03,1,Jun 09 2024 01: +0,1717891200
0.03,2,Jun 09 2024 02: +0,1717894800
0.03,6,Jun 09 2024 07: +0,1717912800
0.03,3,Jun 09 2024 10: +0,1717923600
0.03,1,Jun 09 2024 11: +0,1717927200
0.03,1,Jun 09 2024 16: +0,1717945200
0.03,6,Jun 09 2024 17: +0,1717948800
0.03,7,Jun 09 2024 18: +0,1717952400
0.03,1,Jun 09 2024 19: +0,1717956000
0.03,1,Jun 09 2024 20: +0,1717959600
0.04,1,Jun 09 2024 21: +0,1717963200
0.03,1,Jun 09 2024 22: +0,1717966800
0.03,5,Jun 10 2024 04: +0,1717988400
0.03,1,Jun 10 2024 05: +0,1717992000
0.03,4,Jun 10 2024 07: +0,1717999200
0.03,3,Jun 10 2024 08: +0,1718002800
0.03,3,Jun 10 2024 09: +0,1718006400
0.03,3,Jun 10 2024 13: +0,1718020800
0.03,1,Jun 10 2024 14: +0,1718024400
0.03,1,Jun 10 2024 17: +0,1718035200
0.03,1,Jun 10 2024 22: +0,1718053200
0.03,2,Jun 10 2024 23: +0,1718056800
0.032,4,Jun 11 2024 00: +0,1718060400
0.03,4,Jun 11 2024 05: +0,1718078400
0.03,2,Jun 11 2024 06: +0,1718082000
0.03,1,Jun 11 2024 09: +0,1718092800
0.03,1,Jun 11 2024 11: +0,1718100000
0.03,1,Jun 11 2024 12: +0,1718103600
0.03,1,Jun 11 2024 14: +0,1718110800
0.03,1,Jun 11 2024 16: +0,1718118000
0.03,2,Jun 11 2024 18: +0,1718125200
0.03,8,Jun 11 2024 19: +0,1718128800
0.034,5,Jun 11 2024 20: +0,1718132400
0.03,1,Jun 11 2024 21: +0,1718136000
0.03,1,Jun 12 2024 02: +0,1718154000
0.03,2,Jun 12 2024 03: +0,1718157600
0.03,1,Jun 12 2024 05: +0,1718164800
0.03,1,Jun 12 2024 06: +0,1718168400
0.03,1,Jun 12 2024 07: +0,1718172000
0.03,1,Jun 12 2024 08: +0,1718175600
0.03,1,Jun 12 2024 14: +0,1718197200
0.03,2,Jun 12 2024 16: +0,1718204400
0.03,1,Jun 12 2024 17: +0,1718208000
0.03,5,Jun 12 2024 18: +0,1718211600
0.03,1,Jun 12 2024 20: +0,1718218800
0.032,1,Jun 12 2024 23: +0,1718229600
0.03,1,Jun 13 2024 07: +0,1718258400
0.03,1,Jun 13 2024 08: +0,1718262000
0.03,7,Jun 13 2024 09: +0,1718265600
0.034,4,Jun 13 2024 10: +0,1718269200
0.03,1,Jun 13 2024 13: +0,1718280000
0.03,1,Jun 13 2024 14: +0,1718283600
0.03,2,Jun 13 2024 15: +0,1718287200
0.03,1,Jun 13 2024 16: +0,1718290800
0.03,2,Jun 13 2024 17: +0,1718294400
0.03,3,Jun 13 2024 18: +0,1718298000
0.03,1,Jun 13 2024 19: +0,1718301600
0.03,1,Jun 13 2024 20: +0,1718305200
0.03,4,Jun 13 2024 21: +0,1718308800
0.039,5,Jun 13 2024 22: +0,1718312400
0.03,1,Jun 14 2024 00: +0,1718319600
0.03,1,Jun 14 2024 09: +0,1718352000
0.03,1,Jun 14 2024 11: +0,1718359200
0.03,1,Jun 14 2024 14: +0,1718370000
0.03,1,Jun 14 2024 15: +0,1718373600
0.03,2,Jun 14 2024 17: +0,1718380800
0.03,2,Jun 14 2024 18: +0,1718384400
0.03,18,Jun 14 2024 19: +0,1718388000
0.03,1,Jun 15 2024 12: +0,1718449200
0.03,3,Jun 15 2024 13: +0,1718452800
0.03,1,Jun 15 2024 15: +0,1718460000
0.03,3,Jun 15 2024 16: +0,1718463600
