price,quantity,date,unix timestamp
1.081,67,Apr 29 2015 01: +0,1430265600
1.01,100,Apr 30 2015 01: +0,1430352000
0.967,85,May 01 2015 01: +0,1430438400
1.027,99,May 02 2015 01: +0,1430524800
0.93,87,May 03 2015 01: +0,1430611200
0.964,63,May 04 2015 01: +0,1430697600
1.028,61,May 05 2015 01: +0,1430784000
0.95,73,May 06 2015 01: +0,1430870400
0.957,73,May 07 2015 01: +0,1430956800
0.95,76,May 08 2015 01: +0,1431043200
0.916,83,May 09 2015 01: +0,1431129600
0.932,89,May 10 2015 01: +0,1431216000
0.936,60,May 11 2015 01: +0,1431302400
0.91,57,May 12 2015 01: +0,1431388800
0.883,89,May 13 2015 01: +0,1431475200
0.912,68,May 14 2015 01: +0,1431561600
0.906,77,May 15 2015 01: +0,1431648000
1.129,133,May 16 2015 01: +0,1431734400
0.921,74,May 17 2015 01: +0,1431820800
0.939,62,May 18 2015 01: +0,1431907200
0.887,65,May 19 2015 01: +0,1431993600
0.882,59,May 20 2015 01: +0,1432080000
0.917,62,May 21 2015 01: +0,1432166400
0.894,77,May 22 2015 01: +0,1432252800
0.91,73,May 23 2015 01: +0,1432339200
0.909,78,May 24 2015 01: +0,1432425600
0.899,71,May 25 2015 01: +0,1432512000
0.912,66,May 26 2015 01: +0,1432598400
0.75,97,May 27 2015 01: +0,1432684800
0.846,93,May 28 2015 01: +0,1432771200
0.883,82,May 29 2015 01: +0,1432857600
0.88,74,May 30 2015 01: +0,1432944000
0.843,79,May 31 2015 01: +0,1433030400
0.863,79,Jun 01 2015 01: +0,1433116800
0.866,82,Jun 02 2015 01: +0,1433203200
0.843,88,Jun 03 2015 01: +0,1433289600
0.85,74,Jun 04 2015 01: +0,1433376000
0.814,75,Jun 05 2015 01: +0,1433462400
0.872,80,Jun 06 2015 01: +0,1433548800
0.845,71,Jun 07 2015 01: +0,1433635200
0.832,70,Jun 08 2015 01: +0,1433721600
0.888,65,Jun 09 2015 01: +0,1433808000
0.889,65,Jun 10 2015 01: +0,1433894400
0.884,71,Jun 11 2015 01: +0,1433980800
0.826,81,Jun 12 2015 01: +0,1434067200
0.855,71,Jun 13 2015 01: +0,1434153600
0.796,69,Jun 14 2015 01: +0,1434240000
0.818,68,Jun 15 2015 01: +0,1434326400
0.849,64,Jun 16 2015 01: +0,1434412800
0.797,76,Jun 17 2015 01: +0,1434499200
0.833,67,Jun 18 2015 01: +0,1434585600
0.828,61,Jun 19 2015 01: +0,1434672000
0.819,59,Jun 20 2015 01: +0,1434758400
0.811,56,Jun 21 2015 01: +0,1434844800
0.868,59,Jun 22 2015 01: +0,1434931200
0.842,49,Jun 23 2015 01: +0,1435017600
0.868,73,Jun 24 2015 01: +0,1435104000
0.905,74,Jun 25 2015 01: +0,1435190400
0.91,69,Jun 26 2015 01: +0,1435276800
0.883,57,Jun 27 2015 01: +0,1435363200
0.84,75,Jun 28 2015 01: +0,1435449600
0.875,64,Jun 29 2015 01: +0,1435536000
0.881,62,Jun 30 2015 01: +0,1435622400
0.887,63,Jul 01 2015 01: +0,1435708800
0.893,43,Jul 02 2015 01: +0,1435795200
0.87,74,Jul 03 2015 01: +0,1435881600
0.895,73,Jul 04 2015 01: +0,1435968000
0.888,52,Jul 05 2015 01: +0,1436054400
0.865,70,Jul 06 2015 01: +0,1436140800
0.844,72,Jul 07 2015 01: +0,1436227200
0.884,67,Jul 08 2015 01: +0,1436313600
0.896,78,Jul 09 2015 01: +0,1436400000
0.885,71,Jul 10 2015 01: +0,1436486400
0.89,59,Jul 11 2015 01: +0,1436572800
0.885,80,Jul 12 2015 01: +0,1436659200
0.88,83,Jul 13 2015 01: +0,1436745600
0.861,80,Jul 14 2015 01: +0,1436832000
0.911,65,Jul 15 2015 01: +0,1436918400
0.896,67,Jul 16 2015 01: +0,1437004800
0.891,67,Jul 17 2015 01: +0,1437091200
0.895,69,Jul 18 2015 01: +0,1437177600
0.87,78,Jul 19 2015 01: +0,1437264000
0.872,75,Jul 20 2015 01: +0,1437350400
0.894,72,Jul 21 2015 01: +0,1437436800
0.868,63,Jul 22 2015 01: +0,1437523200
0.862,75,Jul 23 2015 01: +0,1437609600
0.878,60,Jul 24 2015 01: +0,1437696000
0.891,63,Jul 25 2015 01: +0,1437782400
0.886,68,Jul 26 2015 01: +0,1437868800
0.891,78,Jul 27 2015 01: +0,1437955200
0.881,71,Jul 28 2015 01: +0,1438041600
0.906,75,Jul 29 2015 01: +0,1438128000
0.88,51,Jul 30 2015 01: +0,1438214400
0.893,81,Jul 31 2015 01: +0,1438300800
0.87,73,Aug 01 2015 01: +0,1438387200
0.871,73,Aug 02 2015 01: +0,1438473600
0.854,83,Aug 03 2015 01: +0,1438560000
0.863,68,Aug 04 2015 01: +0,1438646400
0.829,66,Aug 05 2015 01: +0,1438732800
0.862,71,Aug 06 2015 01: +0,1438819200
0.855,78,Aug 07 2015 01: +0,1438905600
0.852,82,Aug 08 2015 01: +0,1438992000
0.891,62,Aug 09 2015 01: +0,1439078400
0.875,78,Aug 10 2015 01: +0,1439164800
0.845,58,Aug 11 2015 01: +0,1439251200
0.898,65,Aug 12 2015 01: +0,1439337600
0.854,65,Aug 13 2015 01: +0,1439424000
0.851,75,Aug 14 2015 01: +0,1439510400
0.712,79,Aug 15 2015 01: +0,1439596800
0.835,64,Aug 16 2015 01: +0,1439683200
0.831,44,Aug 17 2015 01: +0,1439769600
0.829,57,Aug 18 2015 01: +0,1439856000
0.841,53,Aug 19 2015 01: +0,1439942400
0.798,51,Aug 20 2015 01: +0,1440028800
0.821,60,Aug 21 2015 01: +0,1440115200
0.821,65,Aug 22 2015 01: +0,1440201600
0.77,61,Aug 23 2015 01: +0,1440288000
0.814,61,Aug 24 2015 01: +0,1440374400
0.897,50,Aug 25 2015 01: +0,1440460800
0.866,50,Aug 26 2015 01: +0,1440547200
0.868,47,Aug 27 2015 01: +0,1440633600
0.92,57,Aug 28 2015 01: +0,1440720000
0.856,63,Aug 29 2015 01: +0,1440806400
0.875,48,Aug 30 2015 01: +0,1440892800
0.89,66,Aug 31 2015 01: +0,1440979200
0.91,53,Sep 01 2015 01: +0,1441065600
0.847,49,Sep 02 2015 01: +0,1441152000
0.887,59,Sep 03 2015 01: +0,1441238400
0.858,65,Sep 04 2015 01: +0,1441324800
0.873,56,Sep 05 2015 01: +0,1441411200
0.863,60,Sep 06 2015 01: +0,1441497600
0.863,54,Sep 07 2015 01: +0,1441584000
0.897,51,Sep 08 2015 01: +0,1441670400
0.873,51,Sep 09 2015 01: +0,1441756800
0.838,59,Sep 10 2015 01: +0,1441843200
0.846,66,Sep 11 2015 01: +0,1441929600
0.829,78,Sep 12 2015 01: +0,1442016000
0.817,72,Sep 13 2015 01: +0,1442102400
0.848,57,Sep 14 2015 01: +0,1442188800
0.852,62,Sep 15 2015 01: +0,1442275200
0.87,64,Sep 16 2015 01: +0,1442361600
0.827,63,Sep 17 2015 01: +0,1442448000
0.874,89,Sep 18 2015 01: +0,1442534400
0.884,113,Sep 19 2015 01: +0,1442620800
0.848,92,Sep 20 2015 01: +0,1442707200
0.862,74,Sep 21 2015 01: +0,1442793600
0.852,58,Sep 22 2015 01: +0,1442880000
0.848,71,Sep 23 2015 01: +0,1442966400
0.817,74,Sep 24 2015 01: +0,1443052800
0.818,105,Sep 25 2015 01: +0,1443139200
0.757,128,Sep 26 2015 01: +0,1443225600
0.684,147,Sep 27 2015 01: +0,1443312000
0.687,120,Sep 28 2015 01: +0,1443398400
0.683,98,Sep 29 2015 01: +0,1443484800
0.662,121,Sep 30 2015 01: +0,1443571200
0.655,128,Oct 01 2015 01: +0,1443657600
0.717,136,Oct 02 2015 01: +0,1443744000
0.84,99,Oct 03 2015 01: +0,1443830400
0.855,73,Oct 04 2015 01: +0,1443916800
0.913,57,Oct 05 2015 01: +0,1444003200
0.939,59,Oct 06 2015 01: +0,1444089600
0.964,46,Oct 07 2015 01: +0,1444176000
1.048,59,Oct 08 2015 01: +0,1444262400
1.326,35,Oct 09 2015 01: +0,1444348800
1.458,33,Oct 10 2015 01: +0,1444435200
1.895,20,Oct 11 2015 01: +0,1444521600
1.605,29,Oct 12 2015 01: +0,1444608000
1.45,17,Oct 13 2015 01: +0,1444694400
1.401,30,Oct 14 2015 01: +0,1444780800
1.493,23,Oct 15 2015 01: +0,1444867200
1.533,23,Oct 16 2015 01: +0,1444953600
1.828,19,Oct 17 2015 01: +0,1445040000
1.886,22,Oct 18 2015 01: +0,1445126400
2.226,8,Oct 19 2015 01: +0,1445212800
2.067,8,Oct 20 2015 01: +0,1445299200
1.679,13,Oct 21 2015 01: +0,1445385600
1.43,20,Oct 22 2015 01: +0,1445472000
1.547,24,Oct 23 2015 01: +0,1445558400
1.421,20,Oct 24 2015 01: +0,1445644800
1.61,24,Oct 25 2015 01: +0,1445731200
1.87,9,Oct 26 2015 01: +0,1445821200
2.089,10,Oct 27 2015 01: +0,1445907600
1.89,12,Oct 28 2015 01: +0,1445994000
1.893,17,Oct 29 2015 01: +0,1446080400
1.744,14,Oct 30 2015 01: +0,1446166800
1.816,16,Oct 31 2015 01: +0,1446253200
1.76,12,Nov 01 2015 01: +0,1446339600
1.874,11,Nov 02 2015 01: +0,1446426000
1.935,14,Nov 03 2015 01: +0,1446512400
2.02,11,Nov 04 2015 01: +0,1446598800
2.066,10,Nov 05 2015 01: +0,1446685200
1.983,8,Nov 06 2015 01: +0,1446771600
2.586,28,Nov 07 2015 01: +0,1446858000
3.428,3,Nov 08 2015 01: +0,1446944400
3.486,14,Nov 09 2015 01: +0,1447030800
2.581,1,Nov 10 2015 01: +0,1447117200
1.329,94,Nov 11 2015 01: +0,1447203600
0.817,87,Nov 12 2015 01: +0,1447290000
0.76,68,Nov 13 2015 01: +0,1447376400
0.76,128,Nov 14 2015 01: +0,1447462800
0.77,110,Nov 15 2015 01: +0,1447549200
0.773,77,Nov 16 2015 01: +0,1447635600
0.744,69,Nov 17 2015 01: +0,1447722000
0.725,93,Nov 18 2015 01: +0,1447808400
0.725,103,Nov 19 2015 01: +0,1447894800
0.765,94,Nov 20 2015 01: +0,1447981200
0.715,116,Nov 21 2015 01: +0,1448067600
0.782,66,Nov 22 2015 01: +0,1448154000
0.833,58,Nov 23 2015 01: +0,1448240400
0.727,153,Nov 24 2015 01: +0,1448326800
0.763,82,Nov 25 2015 01: +0,1448413200
0.692,113,Nov 26 2015 01: +0,1448499600
0.74,139,Nov 27 2015 01: +0,1448586000
0.759,133,Nov 28 2015 01: +0,1448672400
0.761,115,Nov 29 2015 01: +0,1448758800
0.807,112,Nov 30 2015 01: +0,1448845200
0.793,95,Dec 01 2015 01: +0,1448931600
0.81,82,Dec 02 2015 01: +0,1449018000
0.759,107,Dec 03 2015 01: +0,1449104400
0.737,141,Dec 04 2015 01: +0,1449190800
0.804,146,Dec 05 2015 01: +0,1449277200
0.803,136,Dec 06 2015 01: +0,1449363600
0.764,118,Dec 07 2015 01: +0,1449450000
0.776,104,Dec 08 2015 01: +0,1449536400
0.69,186,Dec 09 2015 01: +0,1449622800
0.633,171,Dec 10 2015 01: +0,1449709200
0.649,187,Dec 11 2015 01: +0,1449795600
0.677,176,Dec 12 2015 01: +0,1449882000
0.645,155,Dec 13 2015 01: +0,1449968400
0.625,110,Dec 14 2015 01: +0,1450054800
0.636,120,Dec 15 2015 01: +0,1450141200
0.611,131,Dec 16 2015 01: +0,1450227600
0.624,100,Dec 17 2015 01: +0,1450314000
0.622,116,Dec 18 2015 01: +0,1450400400
0.574,156,Dec 19 2015 01: +0,1450486800
0.577,132,Dec 20 2015 01: +0,1450573200
0.558,129,Dec 21 2015 01: +0,1450659600
0.548,149,Dec 22 2015 01: +0,1450746000
0.519,126,Dec 23 2015 01: +0,1450832400
0.544,105,Dec 24 2015 01: +0,1450918800
0.578,126,Dec 25 2015 01: +0,1451005200
0.597,154,Dec 26 2015 01: +0,1451091600
0.621,135,Dec 27 2015 01: +0,1451178000
0.62,134,Dec 28 2015 01: +0,1451264400
0.585,128,Dec 29 2015 01: +0,1451350800
0.594,105,Dec 30 2015 01: +0,1451437200
0.607,113,Dec 31 2015 01: +0,1451523600
0.563,145,Jan 01 2016 01: +0,1451610000
0.561,125,Jan 02 2016 01: +0,1451696400
0.567,124,Jan 03 2016 01: +0,1451782800
0.569,109,Jan 04 2016 01: +0,1451869200
0.6,101,Jan 05 2016 01: +0,1451955600
0.613,95,Jan 06 2016 01: +0,1452042000
0.615,119,Jan 07 2016 01: +0,1452128400
0.641,120,Jan 08 2016 01: +0,1452214800
0.646,141,Jan 09 2016 01: +0,1452301200
0.647,106,Jan 10 2016 01: +0,1452387600
0.646,114,Jan 11 2016 01: +0,1452474000
0.655,95,Jan 12 2016 01: +0,1452560400
0.632,83,Jan 13 2016 01: +0,1452646800
0.617,108,Jan 14 2016 01: +0,1452733200
0.624,122,Jan 15 2016 01: +0,1452819600
0.626,131,Jan 16 2016 01: +0,1452906000
0.633,129,Jan 17 2016 01: +0,1452992400
0.642,100,Jan 18 2016 01: +0,1453078800
0.619,103,Jan 19 2016 01: +0,1453165200
0.661,105,Jan 20 2016 01: +0,1453251600
0.684,81,Jan 21 2016 01: +0,1453338000
0.647,98,Jan 22 2016 01: +0,1453424400
0.61,149,Jan 23 2016 01: +0,1453510800
0.626,110,Jan 24 2016 01: +0,1453597200
0.62,112,Jan 25 2016 01: +0,1453683600
0.615,95,Jan 26 2016 01: +0,1453770000
0.641,97,Jan 27 2016 01: +0,1453856400
0.639,84,Jan 28 2016 01: +0,1453942800
0.656,119,Jan 29 2016 01: +0,1454029200
0.661,129,Jan 30 2016 01: +0,1454115600
0.667,151,Jan 31 2016 01: +0,1454202000
0.669,110,Feb 01 2016 01: +0,1454288400
0.679,98,Feb 02 2016 01: +0,1454374800
0.662,109,Feb 03 2016 01: +0,1454461200
0.686,93,Feb 04 2016 01: +0,1454547600
0.662,107,Feb 05 2016 01: +0,1454634000
0.64,121,Feb 06 2016 01: +0,1454720400
0.627,102,Feb 07 2016 01: +0,1454806800
0.65,90,Feb 08 2016 01: +0,1454893200
0.629,77,Feb 09 2016 01: +0,1454979600
0.63,102,Feb 10 2016 01: +0,1455066000
0.633,90,Feb 11 2016 01: +0,1455152400
0.628,117,Feb 12 2016 01: +0,1455238800
0.65,132,Feb 13 2016 01: +0,1455325200
0.66,118,Feb 14 2016 01: +0,1455411600
0.684,95,Feb 15 2016 01: +0,1455498000
0.642,111,Feb 16 2016 01: +0,1455584400
0.638,103,Feb 17 2016 01: +0,1455670800
0.581,144,Feb 18 2016 01: +0,1455757200
0.597,166,Feb 19 2016 01: +0,1455843600
0.628,199,Feb 20 2016 01: +0,1455930000
0.625,163,Feb 21 2016 01: +0,1456016400
0.628,110,Feb 22 2016 01: +0,1456102800
0.618,128,Feb 23 2016 01: +0,1456189200
0.648,156,Feb 24 2016 01: +0,1456275600
0.639,114,Feb 25 2016 01: +0,1456362000
0.618,152,Feb 26 2016 01: +0,1456448400
0.621,160,Feb 27 2016 01: +0,1456534800
0.624,115,Feb 28 2016 01: +0,1456621200
0.631,141,Feb 29 2016 01: +0,1456707600
0.639,124,Mar 01 2016 01: +0,1456794000
0.611,143,Mar 02 2016 01: +0,1456880400
0.622,135,Mar 03 2016 01: +0,1456966800
0.651,133,Mar 04 2016 01: +0,1457053200
0.631,168,Mar 05 2016 01: +0,1457139600
0.618,161,Mar 06 2016 01: +0,1457226000
0.665,114,Mar 07 2016 01: +0,1457312400
0.625,121,Mar 08 2016 01: +0,1457398800
0.633,99,Mar 09 2016 01: +0,1457485200
0.635,79,Mar 10 2016 01: +0,1457571600
0.684,106,Mar 11 2016 01: +0,1457658000
0.696,105,Mar 12 2016 01: +0,1457744400
0.69,98,Mar 13 2016 01: +0,1457830800
0.71,100,Mar 14 2016 01: +0,1457917200
0.726,89,Mar 15 2016 01: +0,1458003600
0.755,107,Mar 16 2016 01: +0,1458090000
0.743,92,Mar 17 2016 01: +0,1458176400
0.711,99,Mar 18 2016 01: +0,1458262800
0.653,107,Mar 19 2016 01: +0,1458349200
0.637,108,Mar 20 2016 01: +0,1458435600
0.691,86,Mar 21 2016 01: +0,1458522000
0.69,65,Mar 22 2016 01: +0,1458608400
0.676,71,Mar 23 2016 01: +0,1458694800
0.644,88,Mar 24 2016 01: +0,1458781200
0.636,109,Mar 25 2016 01: +0,1458867600
0.633,89,Mar 26 2016 01: +0,1458954000
0.615,76,Mar 27 2016 01: +0,1459040400
0.644,109,Mar 28 2016 01: +0,1459123200
0.662,88,Mar 29 2016 01: +0,1459209600
0.666,86,Mar 30 2016 01: +0,1459296000
0.689,84,Mar 31 2016 01: +0,1459382400
0.673,90,Apr 01 2016 01: +0,1459468800
0.705,114,Apr 02 2016 01: +0,1459555200
0.602,143,Apr 03 2016 01: +0,1459641600
0.646,80,Apr 04 2016 01: +0,1459728000
0.665,92,Apr 05 2016 01: +0,1459814400
0.648,80,Apr 06 2016 01: +0,1459900800
0.669,88,Apr 07 2016 01: +0,1459987200
0.687,84,Apr 08 2016 01: +0,1460073600
0.698,108,Apr 09 2016 01: +0,1460160000
0.687,93,Apr 10 2016 01: +0,1460246400
0.687,67,Apr 11 2016 01: +0,1460332800
0.654,68,Apr 12 2016 01: +0,1460419200
0.712,79,Apr 13 2016 01: +0,1460505600
0.69,88,Apr 14 2016 01: +0,1460592000
0.699,81,Apr 15 2016 01: +0,1460678400
0.7,108,Apr 16 2016 01: +0,1460764800
0.715,93,Apr 17 2016 01: +0,1460851200
0.713,77,Apr 18 2016 01: +0,1460937600
0.723,73,Apr 19 2016 01: +0,1461024000
0.663,67,Apr 20 2016 01: +0,1461110400
0.658,74,Apr 21 2016 01: +0,1461196800
0.649,98,Apr 22 2016 01: +0,1461283200
0.655,120,Apr 23 2016 01: +0,1461369600
0.691,103,Apr 24 2016 01: +0,1461456000
0.676,65,Apr 25 2016 01: +0,1461542400
0.673,65,Apr 26 2016 01: +0,1461628800
0.67,71,Apr 27 2016 01: +0,1461715200
0.672,101,Apr 28 2016 01: +0,1461801600
0.67,107,Apr 29 2016 01: +0,1461888000
0.706,127,Apr 30 2016 01: +0,1461974400
0.698,112,May 01 2016 01: +0,1462060800
0.697,100,May 02 2016 01: +0,1462147200
0.698,97,May 03 2016 01: +0,1462233600
0.696,89,May 04 2016 01: +0,1462320000
0.697,96,May 05 2016 01: +0,1462406400
0.689,116,May 06 2016 01: +0,1462492800
0.699,103,May 07 2016 01: +0,1462579200
0.68,106,May 08 2016 01: +0,1462665600
0.655,88,May 09 2016 01: +0,1462752000
0.704,91,May 10 2016 01: +0,1462838400
0.698,101,May 11 2016 01: +0,1462924800
0.659,78,May 12 2016 01: +0,1463011200
0.683,98,May 13 2016 01: +0,1463097600
0.685,109,May 14 2016 01: +0,1463184000
0.668,111,May 15 2016 01: +0,1463270400
0.688,103,May 16 2016 01: +0,1463356800
0.684,79,May 17 2016 01: +0,1463443200
0.663,90,May 18 2016 01: +0,1463529600
0.694,89,May 19 2016 01: +0,1463616000
0.682,78,May 20 2016 01: +0,1463702400
0.682,84,May 21 2016 01: +0,1463788800
0.676,90,May 22 2016 01: +0,1463875200
0.704,84,May 23 2016 01: +0,1463961600
0.718,79,May 24 2016 01: +0,1464048000
0.734,77,May 25 2016 01: +0,1464134400
0.678,74,May 26 2016 01: +0,1464220800
0.677,79,May 27 2016 01: +0,1464307200
0.695,98,May 28 2016 01: +0,1464393600
0.72,83,May 29 2016 01: +0,1464480000
0.69,90,May 30 2016 01: +0,1464566400
0.713,83,May 31 2016 01: +0,1464652800
0.634,97,Jun 01 2016 01: +0,1464739200
0.643,129,Jun 02 2016 01: +0,1464825600
0.684,102,Jun 03 2016 01: +0,1464912000
0.627,105,Jun 04 2016 01: +0,1464998400
0.652,105,Jun 05 2016 01: +0,1465084800
0.613,101,Jun 06 2016 01: +0,1465171200
0.65,63,Jun 07 2016 01: +0,1465257600
0.638,107,Jun 08 2016 01: +0,1465344000
0.634,86,Jun 09 2016 01: +0,1465430400
0.706,86,Jun 10 2016 01: +0,1465516800
0.712,90,Jun 11 2016 01: +0,1465603200
0.672,87,Jun 12 2016 01: +0,1465689600
0.63,75,Jun 13 2016 01: +0,1465776000
0.643,63,Jun 14 2016 01: +0,1465862400
0.632,61,Jun 15 2016 01: +0,1465948800
0.619,95,Jun 16 2016 01: +0,1466035200
0.618,85,Jun 17 2016 01: +0,1466121600
0.656,123,Jun 18 2016 01: +0,1466208000
0.681,105,Jun 19 2016 01: +0,1466294400
0.639,88,Jun 20 2016 01: +0,1466380800
0.652,83,Jun 21 2016 01: +0,1466467200
0.67,63,Jun 22 2016 01: +0,1466553600
0.602,96,Jun 23 2016 01: +0,1466640000
0.596,86,Jun 24 2016 01: +0,1466726400
0.577,98,Jun 25 2016 01: +0,1466812800
0.585,78,Jun 26 2016 01: +0,1466899200
0.583,71,Jun 27 2016 01: +0,1466985600
0.615,70,Jun 28 2016 01: +0,1467072000
0.65,63,Jun 29 2016 01: +0,1467158400
0.649,62,Jun 30 2016 01: +0,1467244800
0.65,66,Jul 01 2016 01: +0,1467331200
0.631,63,Jul 02 2016 01: +0,1467417600
0.618,62,Jul 03 2016 01: +0,1467504000
0.633,78,Jul 04 2016 01: +0,1467590400
0.637,96,Jul 05 2016 01: +0,1467676800
0.613,85,Jul 06 2016 01: +0,1467763200
0.668,87,Jul 07 2016 01: +0,1467849600
0.66,65,Jul 08 2016 01: +0,1467936000
0.674,71,Jul 09 2016 01: +0,1468022400
0.612,79,Jul 10 2016 01: +0,1468108800
0.616,53,Jul 11 2016 01: +0,1468195200
0.669,60,Jul 12 2016 01: +0,1468281600
0.7,61,Jul 13 2016 01: +0,1468368000
0.675,62,Jul 14 2016 01: +0,1468454400
0.753,76,Jul 15 2016 01: +0,1468540800
0.741,49,Jul 16 2016 01: +0,1468627200
0.706,54,Jul 17 2016 01: +0,1468713600
0.72,58,Jul 18 2016 01: +0,1468800000
0.642,66,Jul 19 2016 01: +0,1468886400
0.663,53,Jul 20 2016 01: +0,1468972800
0.656,62,Jul 21 2016 01: +0,1469059200
0.687,59,Jul 22 2016 01: +0,1469145600
0.658,54,Jul 23 2016 01: +0,1469232000
0.69,65,Jul 24 2016 01: +0,1469318400
0.687,59,Jul 25 2016 01: +0,1469404800
0.67,63,Jul 26 2016 01: +0,1469491200
0.694,84,Jul 27 2016 01: +0,1469577600
0.689,62,Jul 28 2016 01: +0,1469664000
0.677,67,Jul 29 2016 01: +0,1469750400
0.686,55,Jul 30 2016 01: +0,1469836800
0.702,68,Jul 31 2016 01: +0,1469923200
0.717,60,Aug 01 2016 01: +0,1470009600
0.701,64,Aug 02 2016 01: +0,1470096000
0.723,48,Aug 03 2016 01: +0,1470182400
0.717,65,Aug 04 2016 01: +0,1470268800
0.738,38,Aug 05 2016 01: +0,1470355200
0.704,53,Aug 06 2016 01: +0,1470441600
0.714,52,Aug 07 2016 01: +0,1470528000
0.716,60,Aug 08 2016 01: +0,1470614400
0.657,53,Aug 09 2016 01: +0,1470700800
0.679,58,Aug 10 2016 01: +0,1470787200
0.661,46,Aug 11 2016 01: +0,1470873600
0.652,50,Aug 12 2016 01: +0,1470960000
0.647,51,Aug 13 2016 01: +0,1471046400
0.658,51,Aug 14 2016 01: +0,1471132800
0.669,56,Aug 15 2016 01: +0,1471219200
0.693,62,Aug 16 2016 01: +0,1471305600
0.679,50,Aug 17 2016 01: +0,1471392000
0.667,44,Aug 18 2016 01: +0,1471478400
0.657,72,Aug 19 2016 01: +0,1471564800
0.662,53,Aug 20 2016 01: +0,1471651200
0.662,65,Aug 21 2016 01: +0,1471737600
0.677,66,Aug 22 2016 01: +0,1471824000
0.668,59,Aug 23 2016 01: +0,1471910400
0.674,52,Aug 24 2016 01: +0,1471996800
0.672,68,Aug 25 2016 01: +0,1472083200
0.661,68,Aug 26 2016 01: +0,1472169600
0.667,84,Aug 27 2016 01: +0,1472256000
0.732,74,Aug 28 2016 01: +0,1472342400
0.722,62,Aug 29 2016 01: +0,1472428800
0.712,67,Aug 30 2016 01: +0,1472515200
0.774,67,Aug 31 2016 01: +0,1472601600
0.749,47,Sep 01 2016 01: +0,1472688000
0.713,64,Sep 02 2016 01: +0,1472774400
0.731,68,Sep 03 2016 01: +0,1472860800
0.736,60,Sep 04 2016 01: +0,1472947200
0.722,52,Sep 05 2016 01: +0,1473033600
0.738,44,Sep 06 2016 01: +0,1473120000
0.725,52,Sep 07 2016 01: +0,1473206400
0.7,51,Sep 08 2016 01: +0,1473292800
0.712,69,Sep 09 2016 01: +0,1473379200
0.719,67,Sep 10 2016 01: +0,1473465600
0.72,66,Sep 11 2016 01: +0,1473552000
0.728,41,Sep 12 2016 01: +0,1473638400
0.718,48,Sep 13 2016 01: +0,1473724800
0.732,47,Sep 14 2016 01: +0,1473811200
0.713,55,Sep 15 2016 01: +0,1473897600
0.709,62,Sep 16 2016 01: +0,1473984000
0.725,75,Sep 17 2016 01: +0,1474070400
0.712,75,Sep 18 2016 01: +0,1474156800
0.714,42,Sep 19 2016 01: +0,1474243200
0.687,49,Sep 20 2016 01: +0,1474329600
0.699,40,Sep 21 2016 01: +0,1474416000
0.71,42,Sep 22 2016 01: +0,1474502400
0.662,36,Sep 23 2016 01: +0,1474588800
0.689,78,Sep 24 2016 01: +0,1474675200
0.758,74,Sep 25 2016 01: +0,1474761600
0.806,35,Sep 26 2016 01: +0,1474848000
0.788,30,Sep 27 2016 01: +0,1474934400
0.819,41,Sep 28 2016 01: +0,1475020800
0.787,54,Sep 29 2016 01: +0,1475107200
0.658,75,Sep 30 2016 01: +0,1475193600
0.595,78,Oct 01 2016 01: +0,1475280000
0.573,71,Oct 02 2016 01: +0,1475366400
0.576,52,Oct 03 2016 01: +0,1475452800
0.56,52,Oct 04 2016 01: +0,1475539200
0.557,49,Oct 05 2016 01: +0,1475625600
0.57,55,Oct 06 2016 01: +0,1475712000
0.499,66,Oct 07 2016 01: +0,1475798400
0.499,62,Oct 08 2016 01: +0,1475884800
0.485,61,Oct 09 2016 01: +0,1475971200
0.491,39,Oct 10 2016 01: +0,1476057600
0.501,44,Oct 11 2016 01: +0,1476144000
0.519,44,Oct 12 2016 01: +0,1476230400
0.523,39,Oct 13 2016 01: +0,1476316800
0.514,52,Oct 14 2016 01: +0,1476403200
0.507,56,Oct 15 2016 01: +0,1476489600
0.508,50,Oct 16 2016 01: +0,1476576000
0.513,36,Oct 17 2016 01: +0,1476662400
0.506,38,Oct 18 2016 01: +0,1476748800
0.518,35,Oct 19 2016 01: +0,1476835200
0.524,34,Oct 20 2016 01: +0,1476921600
0.504,44,Oct 21 2016 01: +0,1477008000
0.543,46,Oct 22 2016 01: +0,1477094400
0.626,43,Oct 23 2016 01: +0,1477180800
0.641,23,Oct 24 2016 01: +0,1477267200
0.606,21,Oct 25 2016 01: +0,1477353600
0.6,33,Oct 26 2016 01: +0,1477440000
0.623,37,Oct 27 2016 01: +0,1477526400
0.628,30,Oct 28 2016 01: +0,1477612800
0.622,28,Oct 29 2016 01: +0,1477699200
0.62,32,Oct 30 2016 01: +0,1477785600
0.654,22,Oct 31 2016 01: +0,1477875600
0.727,37,Nov 01 2016 01: +0,1477962000
0.751,23,Nov 02 2016 01: +0,1478048400
0.776,20,Nov 03 2016 01: +0,1478134800
0.861,20,Nov 04 2016 01: +0,1478221200
0.772,19,Nov 05 2016 01: +0,1478307600
0.768,29,Nov 06 2016 01: +0,1478394000
0.743,38,Nov 07 2016 01: +0,1478480400
0.893,49,Nov 08 2016 01: +0,1478566800
0.929,17,Nov 09 2016 01: +0,1478653200
0.836,17,Nov 10 2016 01: +0,1478739600
0.817,28,Nov 11 2016 01: +0,1478826000
0.79,19,Nov 12 2016 01: +0,1478912400
0.772,29,Nov 13 2016 01: +0,1478998800
0.795,16,Nov 14 2016 01: +0,1479085200
0.799,16,Nov 15 2016 01: +0,1479171600
0.788,17,Nov 16 2016 01: +0,1479258000
0.763,22,Nov 17 2016 01: +0,1479344400
0.71,33,Nov 18 2016 01: +0,1479430800
0.748,25,Nov 19 2016 01: +0,1479517200
0.719,29,Nov 20 2016 01: +0,1479603600
0.728,28,Nov 21 2016 01: +0,1479690000
0.744,29,Nov 22 2016 01: +0,1479776400
0.764,20,Nov 23 2016 01: +0,1479862800
0.804,7,Nov 24 2016 01: +0,1479949200
0.74,24,Nov 25 2016 01: +0,1480035600
0.686,26,Nov 26 2016 01: +0,1480122000
0.746,26,Nov 27 2016 01: +0,1480208400
0.769,23,Nov 28 2016 01: +0,1480294800
0.777,21,Nov 29 2016 01: +0,1480381200
0.746,26,Nov 30 2016 01: +0,1480467600
0.737,27,Dec 01 2016 01: +0,1480554000
0.799,58,Dec 02 2016 01: +0,1480640400
0.853,23,Dec 03 2016 01: +0,1480726800
0.856,26,Dec 04 2016 01: +0,1480813200
0.827,32,Dec 05 2016 01: +0,1480899600
0.846,20,Dec 06 2016 01: +0,1480986000
0.82,21,Dec 07 2016 01: +0,1481072400
0.738,30,Dec 08 2016 01: +0,1481158800
0.805,20,Dec 09 2016 01: +0,1481245200
0.798,27,Dec 10 2016 01: +0,1481331600
0.802,34,Dec 11 2016 01: +0,1481418000
0.886,22,Dec 12 2016 01: +0,1481504400
0.787,16,Dec 13 2016 01: +0,1481590800
0.836,21,Dec 14 2016 01: +0,1481677200
0.804,14,Dec 15 2016 01: +0,1481763600
0.761,25,Dec 16 2016 01: +0,1481850000
0.792,19,Dec 17 2016 01: +0,1481936400
0.78,29,Dec 18 2016 01: +0,1482022800
0.8,36,Dec 19 2016 01: +0,1482109200
0.849,20,Dec 20 2016 01: +0,1482195600
0.848,18,Dec 21 2016 01: +0,1482282000
0.799,25,Dec 22 2016 01: +0,1482368400
0.708,15,Dec 23 2016 01: +0,1482454800
0.728,28,Dec 24 2016 01: +0,1482541200
0.77,34,Dec 25 2016 01: +0,1482627600
0.779,36,Dec 26 2016 01: +0,1482714000
0.838,35,Dec 27 2016 01: +0,1482800400
0.82,30,Dec 28 2016 01: +0,1482886800
0.84,27,Dec 29 2016 01: +0,1482973200
0.771,32,Dec 30 2016 01: +0,1483059600
0.756,33,Dec 31 2016 01: +0,1483146000
0.774,28,Jan 01 2017 01: +0,1483232400
0.781,35,Jan 02 2017 01: +0,1483318800
0.818,39,Jan 03 2017 01: +0,1483405200
0.794,20,Jan 04 2017 01: +0,1483491600
0.786,38,Jan 05 2017 01: +0,1483578000
0.809,29,Jan 06 2017 01: +0,1483664400
0.782,35,Jan 07 2017 01: +0,1483750800
0.804,25,Jan 08 2017 01: +0,1483837200
0.823,20,Jan 09 2017 01: +0,1483923600
0.813,19,Jan 10 2017 01: +0,1484010000
0.75,35,Jan 11 2017 01: +0,1484096400
0.75,28,Jan 12 2017 01: +0,1484182800
0.754,30,Jan 13 2017 01: +0,1484269200
0.877,56,Jan 14 2017 01: +0,1484355600
0.855,16,Jan 15 2017 01: +0,1484442000
0.854,24,Jan 16 2017 01: +0,1484528400
0.838,22,Jan 17 2017 01: +0,1484614800
0.878,14,Jan 18 2017 01: +0,1484701200
0.827,22,Jan 19 2017 01: +0,1484787600
0.796,31,Jan 20 2017 01: +0,1484874000
0.804,19,Jan 21 2017 01: +0,1484960400
0.824,29,Jan 22 2017 01: +0,1485046800
0.865,20,Jan 23 2017 01: +0,1485133200
0.79,24,Jan 24 2017 01: +0,1485219600
0.75,20,Jan 25 2017 01: +0,1485306000
0.84,33,Jan 26 2017 01: +0,1485392400
0.823,24,Jan 27 2017 01: +0,1485478800
0.832,33,Jan 28 2017 01: +0,1485565200
0.745,44,Jan 29 2017 01: +0,1485651600
0.716,27,Jan 30 2017 01: +0,1485738000
0.668,44,Jan 31 2017 01: +0,1485824400
0.827,25,Feb 01 2017 01: +0,1485910800
0.84,22,Feb 02 2017 01: +0,1485997200
0.832,21,Feb 03 2017 01: +0,1486083600
0.791,49,Feb 04 2017 01: +0,1486170000
0.784,27,Feb 05 2017 01: +0,1486256400
0.743,33,Feb 06 2017 01: +0,1486342800
0.789,28,Feb 07 2017 01: +0,1486429200
0.828,30,Feb 08 2017 01: +0,1486515600
0.857,26,Feb 09 2017 01: +0,1486602000
0.778,24,Feb 10 2017 01: +0,1486688400
0.811,30,Feb 11 2017 01: +0,1486774800
0.789,27,Feb 12 2017 01: +0,1486861200
0.789,18,Feb 13 2017 01: +0,1486947600
0.744,20,Feb 14 2017 01: +0,1487034000
0.693,23,Feb 15 2017 01: +0,1487120400
0.699,31,Feb 16 2017 01: +0,1487206800
0.67,25,Feb 17 2017 01: +0,1487293200
0.718,33,Feb 18 2017 01: +0,1487379600
0.767,31,Feb 19 2017 01: +0,1487466000
0.732,27,Feb 20 2017 01: +0,1487552400
0.683,29,Feb 21 2017 01: +0,1487638800
0.74,15,Feb 22 2017 01: +0,1487725200
0.69,26,Feb 23 2017 01: +0,1487811600
0.735,38,Feb 24 2017 01: +0,1487898000
0.797,40,Feb 25 2017 01: +0,1487984400
0.714,34,Feb 26 2017 01: +0,1488070800
0.779,29,Feb 27 2017 01: +0,1488157200
0.825,35,Feb 28 2017 01: +0,1488243600
0.783,30,Mar 01 2017 01: +0,1488330000
0.712,18,Mar 02 2017 01: +0,1488416400
0.695,35,Mar 03 2017 01: +0,1488502800
0.736,40,Mar 04 2017 01: +0,1488589200
0.8,41,Mar 05 2017 01: +0,1488675600
0.832,33,Mar 06 2017 01: +0,1488762000
0.791,17,Mar 07 2017 01: +0,1488848400
0.755,35,Mar 08 2017 01: +0,1488934800
0.78,20,Mar 09 2017 01: +0,1489021200
0.703,38,Mar 10 2017 01: +0,1489107600
0.682,40,Mar 11 2017 01: +0,1489194000
0.67,39,Mar 12 2017 01: +0,1489280400
0.692,38,Mar 13 2017 01: +0,1489366800
0.718,32,Mar 14 2017 01: +0,1489453200
0.742,42,Mar 15 2017 01: +0,1489539600
0.711,44,Mar 16 2017 01: +0,1489626000
0.693,48,Mar 17 2017 01: +0,1489712400
0.626,64,Mar 18 2017 01: +0,1489798800
0.62,62,Mar 19 2017 01: +0,1489885200
0.619,40,Mar 20 2017 01: +0,1489971600
0.667,53,Mar 21 2017 01: +0,1490058000
0.67,31,Mar 22 2017 01: +0,1490144400
0.682,40,Mar 23 2017 01: +0,1490230800
0.698,51,Mar 24 2017 01: +0,1490317200
0.633,59,Mar 25 2017 01: +0,1490403600
0.641,43,Mar 26 2017 01: +0,1490490000
0.615,44,Mar 27 2017 01: +0,1490572800
0.674,42,Mar 28 2017 01: +0,1490659200
0.606,41,Mar 29 2017 01: +0,1490745600
0.573,30,Mar 30 2017 01: +0,1490832000
0.616,55,Mar 31 2017 01: +0,1490918400
0.652,51,Apr 01 2017 01: +0,1491004800
0.636,41,Apr 02 2017 01: +0,1491091200
0.638,35,Apr 03 2017 01: +0,1491177600
0.636,42,Apr 04 2017 01: +0,1491264000
0.677,38,Apr 05 2017 01: +0,1491350400
0.617,47,Apr 06 2017 01: +0,1491436800
0.656,49,Apr 07 2017 01: +0,1491523200
0.653,36,Apr 08 2017 01: +0,1491609600
0.639,47,Apr 09 2017 01: +0,1491696000
0.58,56,Apr 10 2017 01: +0,1491782400
0.603,41,Apr 11 2017 01: +0,1491868800
0.651,35,Apr 12 2017 01: +0,1491955200
0.631,39,Apr 13 2017 01: +0,1492041600
0.639,38,Apr 14 2017 01: +0,1492128000
0.606,40,Apr 15 2017 01: +0,1492214400
0.59,54,Apr 16 2017 01: +0,1492300800
0.6,51,Apr 17 2017 01: +0,1492387200
0.66,53,Apr 18 2017 01: +0,1492473600
0.677,29,Apr 19 2017 01: +0,1492560000
0.678,44,Apr 20 2017 01: +0,1492646400
0.693,56,Apr 21 2017 01: +0,1492732800
0.663,49,Apr 22 2017 01: +0,1492819200
0.63,49,Apr 23 2017 01: +0,1492905600
0.67,31,Apr 24 2017 01: +0,1492992000
0.693,45,Apr 25 2017 01: +0,1493078400
0.668,30,Apr 26 2017 01: +0,1493164800
0.645,23,Apr 27 2017 01: +0,1493251200
0.669,54,Apr 28 2017 01: +0,1493337600
0.635,45,Apr 29 2017 01: +0,1493424000
0.617,44,Apr 30 2017 01: +0,1493510400
0.623,45,May 01 2017 01: +0,1493596800
0.63,36,May 02 2017 01: +0,1493683200
0.647,41,May 03 2017 01: +0,1493769600
0.645,32,May 04 2017 01: +0,1493856000
0.64,41,May 05 2017 01: +0,1493942400
0.635,47,May 06 2017 01: +0,1494028800
0.646,29,May 07 2017 01: +0,1494115200
0.643,35,May 08 2017 01: +0,1494201600
0.618,42,May 09 2017 01: +0,1494288000
0.628,31,May 10 2017 01: +0,1494374400
0.623,38,May 11 2017 01: +0,1494460800
0.661,45,May 12 2017 01: +0,1494547200
0.657,48,May 13 2017 01: +0,1494633600
0.638,51,May 14 2017 01: +0,1494720000
0.632,27,May 15 2017 01: +0,1494806400
0.66,34,May 16 2017 01: +0,1494892800
0.682,30,May 17 2017 01: +0,1494979200
0.659,29,May 18 2017 01: +0,1495065600
0.652,29,May 19 2017 01: +0,1495152000
0.643,42,May 20 2017 01: +0,1495238400
0.626,45,May 21 2017 01: +0,1495324800
0.65,19,May 22 2017 01: +0,1495411200
0.604,33,May 23 2017 01: +0,1495497600
0.544,61,May 24 2017 01: +0,1495584000
0.588,46,May 25 2017 01: +0,1495670400
0.627,43,May 26 2017 01: +0,1495756800
0.619,56,May 27 2017 01: +0,1495843200
0.599,44,May 28 2017 01: +0,1495929600
0.61,37,May 29 2017 01: +0,1496016000
0.58,32,May 30 2017 01: +0,1496102400
0.521,51,May 31 2017 01: +0,1496188800
0.521,50,Jun 01 2017 01: +0,1496275200
0.548,49,Jun 02 2017 01: +0,1496361600
0.528,61,Jun 03 2017 01: +0,1496448000
0.535,55,Jun 04 2017 01: +0,1496534400
0.494,44,Jun 05 2017 01: +0,1496620800
0.569,58,Jun 06 2017 01: +0,1496707200
0.612,49,Jun 07 2017 01: +0,1496793600
0.583,35,Jun 08 2017 01: +0,1496880000
0.536,52,Jun 09 2017 01: +0,1496966400
0.591,68,Jun 10 2017 01: +0,1497052800
0.565,50,Jun 11 2017 01: +0,1497139200
0.586,46,Jun 12 2017 01: +0,1497225600
0.518,48,Jun 13 2017 01: +0,1497312000
0.544,44,Jun 14 2017 01: +0,1497398400
0.541,31,Jun 15 2017 01: +0,1497484800
0.596,36,Jun 16 2017 01: +0,1497571200
0.594,59,Jun 17 2017 01: +0,1497657600
0.571,31,Jun 18 2017 01: +0,1497744000
0.504,34,Jun 19 2017 01: +0,1497830400
0.565,44,Jun 20 2017 01: +0,1497916800
0.549,36,Jun 21 2017 01: +0,1498003200
0.561,25,Jun 22 2017 01: +0,1498089600
0.478,34,Jun 23 2017 01: +0,1498176000
0.474,40,Jun 24 2017 01: +0,1498262400
0.56,50,Jun 25 2017 01: +0,1498348800
0.56,44,Jun 26 2017 01: +0,1498435200
0.467,40,Jun 27 2017 01: +0,1498521600
0.5,49,Jun 28 2017 01: +0,1498608000
0.537,37,Jun 29 2017 01: +0,1498694400
0.507,37,Jun 30 2017 01: +0,1498780800
0.571,48,Jul 01 2017 01: +0,1498867200
0.607,35,Jul 02 2017 01: +0,1498953600
0.624,29,Jul 03 2017 01: +0,1499040000
0.592,38,Jul 04 2017 01: +0,1499126400
0.564,29,Jul 05 2017 01: +0,1499212800
0.577,30,Jul 06 2017 01: +0,1499299200
0.595,39,Jul 07 2017 01: +0,1499385600
0.569,38,Jul 08 2017 01: +0,1499472000
0.486,33,Jul 09 2017 01: +0,1499558400
0.508,37,Jul 10 2017 01: +0,1499644800
0.564,34,Jul 11 2017 01: +0,1499731200
0.519,26,Jul 12 2017 01: +0,1499817600
0.534,32,Jul 13 2017 01: +0,1499904000
0.572,29,Jul 14 2017 01: +0,1499990400
0.554,35,Jul 15 2017 01: +0,1500076800
0.579,44,Jul 16 2017 01: +0,1500163200
0.652,35,Jul 17 2017 01: +0,1500249600
0.638,31,Jul 18 2017 01: +0,1500336000
0.645,30,Jul 19 2017 01: +0,1500422400
0.609,44,Jul 20 2017 01: +0,1500508800
0.564,35,Jul 21 2017 01: +0,1500595200
0.593,45,Jul 22 2017 01: +0,1500681600
0.566,38,Jul 23 2017 01: +0,1500768000
0.539,43,Jul 24 2017 01: +0,1500854400
0.645,32,Jul 25 2017 01: +0,1500940800
0.69,19,Jul 26 2017 01: +0,1501027200
0.666,29,Jul 27 2017 01: +0,1501113600
0.598,36,Jul 28 2017 01: +0,1501200000
0.602,35,Jul 29 2017 01: +0,1501286400
0.636,37,Jul 30 2017 01: +0,1501372800
0.671,37,Jul 31 2017 01: +0,1501459200
0.627,28,Aug 01 2017 01: +0,1501545600
0.539,29,Aug 02 2017 01: +0,1501632000
0.613,47,Aug 03 2017 01: +0,1501718400
0.583,50,Aug 04 2017 01: +0,1501804800
0.61,53,Aug 05 2017 01: +0,1501891200
0.624,36,Aug 06 2017 01: +0,1501977600
0.641,36,Aug 07 2017 01: +0,1502064000
0.612,48,Aug 08 2017 01: +0,1502150400
0.645,43,Aug 09 2017 01: +0,1502236800
0.676,26,Aug 10 2017 01: +0,1502323200
0.64,28,Aug 11 2017 01: +0,1502409600
0.649,39,Aug 12 2017 01: +0,1502496000
0.665,41,Aug 13 2017 01: +0,1502582400
0.723,31,Aug 14 2017 01: +0,1502668800
0.67,22,Aug 15 2017 01: +0,1502755200
0.676,37,Aug 16 2017 01: +0,1502841600
0.673,32,Aug 17 2017 01: +0,1502928000
0.505,42,Aug 18 2017 01: +0,1503014400
0.567,29,Aug 19 2017 01: +0,1503100800
0.584,35,Aug 20 2017 01: +0,1503187200
0.56,40,Aug 21 2017 01: +0,1503273600
0.578,30,Aug 22 2017 01: +0,1503360000
0.573,30,Aug 23 2017 01: +0,1503446400
0.627,33,Aug 24 2017 01: +0,1503532800
0.619,36,Aug 25 2017 01: +0,1503619200
0.666,25,Aug 26 2017 01: +0,1503705600
0.615,38,Aug 27 2017 01: +0,1503792000
0.572,36,Aug 28 2017 01: +0,1503878400
0.635,50,Aug 29 2017 01: +0,1503964800
0.639,32,Aug 30 2017 01: +0,1504051200
0.632,34,Aug 31 2017 01: +0,1504137600
0.692,29,Sep 01 2017 01: +0,1504224000
0.728,29,Sep 02 2017 01: +0,1504310400
0.692,37,Sep 03 2017 01: +0,1504396800
0.688,31,Sep 04 2017 01: +0,1504483200
0.686,27,Sep 05 2017 01: +0,1504569600
0.738,26,Sep 06 2017 01: +0,1504656000
0.661,30,Sep 07 2017 01: +0,1504742400
0.56,41,Sep 08 2017 01: +0,1504828800
0.53,45,Sep 09 2017 01: +0,1504915200
0.506,48,Sep 10 2017 01: +0,1505001600
0.535,49,Sep 11 2017 01: +0,1505088000
0.54,27,Sep 12 2017 01: +0,1505174400
0.507,35,Sep 13 2017 01: +0,1505260800
0.517,39,Sep 14 2017 01: +0,1505347200
0.521,47,Sep 15 2017 01: +0,1505433600
0.517,66,Sep 16 2017 01: +0,1505520000
0.471,66,Sep 17 2017 01: +0,1505606400
0.513,44,Sep 18 2017 01: +0,1505692800
0.534,28,Sep 19 2017 01: +0,1505779200
0.527,50,Sep 20 2017 01: +0,1505865600
0.527,33,Sep 21 2017 01: +0,1505952000
0.49,69,Sep 22 2017 01: +0,1506038400
0.491,61,Sep 23 2017 01: +0,1506124800
0.494,52,Sep 24 2017 01: +0,1506211200
0.498,57,Sep 25 2017 01: +0,1506297600
0.524,50,Sep 26 2017 01: +0,1506384000
0.522,42,Sep 27 2017 01: +0,1506470400
0.458,38,Sep 28 2017 01: +0,1506556800
0.461,40,Sep 29 2017 01: +0,1506643200
0.492,60,Sep 30 2017 01: +0,1506729600
0.521,62,Oct 01 2017 01: +0,1506816000
0.514,34,Oct 02 2017 01: +0,1506902400
0.536,43,Oct 03 2017 01: +0,1506988800
0.494,31,Oct 04 2017 01: +0,1507075200
0.501,43,Oct 05 2017 01: +0,1507161600
0.515,43,Oct 06 2017 01: +0,1507248000
0.503,45,Oct 07 2017 01: +0,1507334400
0.524,48,Oct 08 2017 01: +0,1507420800
0.501,29,Oct 09 2017 01: +0,1507507200
0.479,35,Oct 10 2017 01: +0,1507593600
0.514,39,Oct 11 2017 01: +0,1507680000
0.488,37,Oct 12 2017 01: +0,1507766400
0.512,40,Oct 13 2017 01: +0,1507852800
0.508,61,Oct 14 2017 01: +0,1507939200
0.511,44,Oct 15 2017 01: +0,1508025600
0.527,28,Oct 16 2017 01: +0,1508112000
0.537,35,Oct 17 2017 01: +0,1508198400
0.531,31,Oct 18 2017 01: +0,1508284800
0.505,38,Oct 19 2017 01: +0,1508371200
0.479,30,Oct 20 2017 01: +0,1508457600
0.473,48,Oct 21 2017 01: +0,1508544000
0.489,41,Oct 22 2017 01: +0,1508630400
0.472,30,Oct 23 2017 01: +0,1508716800
0.469,32,Oct 24 2017 01: +0,1508803200
0.48,33,Oct 25 2017 01: +0,1508889600
0.445,37,Oct 26 2017 01: +0,1508976000
0.445,31,Oct 27 2017 01: +0,1509062400
0.448,47,Oct 28 2017 01: +0,1509148800
0.482,35,Oct 29 2017 01: +0,1509235200
0.454,25,Oct 30 2017 01: +0,1509325200
0.48,34,Oct 31 2017 01: +0,1509411600
0.514,31,Nov 01 2017 01: +0,1509498000
0.474,24,Nov 02 2017 01: +0,1509584400
0.532,29,Nov 03 2017 01: +0,1509670800
0.529,40,Nov 04 2017 01: +0,1509757200
0.63,25,Nov 05 2017 01: +0,1509843600
0.614,24,Nov 06 2017 01: +0,1509930000
0.541,22,Nov 07 2017 01: +0,1510016400
0.554,17,Nov 08 2017 01: +0,1510102800
0.553,23,Nov 09 2017 01: +0,1510189200
0.598,17,Nov 10 2017 01: +0,1510275600
0.545,28,Nov 11 2017 01: +0,1510362000
0.553,28,Nov 12 2017 01: +0,1510448400
0.505,27,Nov 13 2017 01: +0,1510534800
0.551,21,Nov 14 2017 01: +0,1510621200
0.558,16,Nov 15 2017 01: +0,1510707600
0.536,21,Nov 16 2017 01: +0,1510794000
0.54,27,Nov 17 2017 01: +0,1510880400
0.522,24,Nov 18 2017 01: +0,1510966800
0.543,21,Nov 19 2017 01: +0,1511053200
0.537,21,Nov 20 2017 01: +0,1511139600
0.502,18,Nov 21 2017 01: +0,1511226000
0.513,20,Nov 22 2017 01: +0,1511312400
0.463,19,Nov 23 2017 01: +0,1511398800
0.438,26,Nov 24 2017 01: +0,1511485200
0.465,25,Nov 25 2017 01: +0,1511571600
0.492,27,Nov 26 2017 01: +0,1511658000
0.491,25,Nov 27 2017 01: +0,1511744400
0.527,20,Nov 28 2017 01: +0,1511830800
0.55,13,Nov 29 2017 01: +0,1511917200
0.585,24,Nov 30 2017 01: +0,1512003600
0.562,22,Dec 01 2017 01: +0,1512090000
0.561,18,Dec 02 2017 01: +0,1512176400
0.584,21,Dec 03 2017 01: +0,1512262800
0.557,17,Dec 04 2017 01: +0,1512349200
0.595,12,Dec 05 2017 01: +0,1512435600
0.596,26,Dec 06 2017 01: +0,1512522000
0.598,27,Dec 07 2017 01: +0,1512608400
0.7,16,Dec 08 2017 01: +0,1512694800
0.733,31,Dec 09 2017 01: +0,1512781200
0.649,24,Dec 10 2017 01: +0,1512867600
0.641,14,Dec 11 2017 01: +0,1512954000
0.63,17,Dec 12 2017 01: +0,1513040400
0.642,17,Dec 13 2017 01: +0,1513126800
0.623,14,Dec 14 2017 01: +0,1513213200
0.6,18,Dec 15 2017 01: +0,1513299600
0.602,17,Dec 16 2017 01: +0,1513386000
0.621,27,Dec 17 2017 01: +0,1513472400
0.594,20,Dec 18 2017 01: +0,1513558800
0.634,15,Dec 19 2017 01: +0,1513645200
0.608,23,Dec 20 2017 01: +0,1513731600
0.555,25,Dec 21 2017 01: +0,1513818000
0.603,20,Dec 22 2017 01: +0,1513904400
0.633,17,Dec 23 2017 01: +0,1513990800
0.686,25,Dec 24 2017 01: +0,1514077200
0.712,22,Dec 25 2017 01: +0,1514163600
0.623,22,Dec 26 2017 01: +0,1514250000
0.63,18,Dec 27 2017 01: +0,1514336400
0.653,25,Dec 28 2017 01: +0,1514422800
0.676,24,Dec 29 2017 01: +0,1514509200
0.662,20,Dec 30 2017 01: +0,1514595600
0.696,22,Dec 31 2017 01: +0,1514682000
0.544,22,Jan 01 2018 01: +0,1514768400
0.584,29,Jan 02 2018 01: +0,1514854800
0.532,25,Jan 03 2018 01: +0,1514941200
0.576,32,Jan 04 2018 01: +0,1515027600
0.607,22,Jan 05 2018 01: +0,1515114000
0.582,18,Jan 06 2018 01: +0,1515200400
0.56,28,Jan 07 2018 01: +0,1515286800
0.565,26,Jan 08 2018 01: +0,1515373200
0.601,30,Jan 09 2018 01: +0,1515459600
0.592,20,Jan 10 2018 01: +0,1515546000
0.554,18,Jan 11 2018 01: +0,1515632400
0.505,23,Jan 12 2018 01: +0,1515718800
0.542,32,Jan 13 2018 01: +0,1515805200
0.538,42,Jan 14 2018 01: +0,1515891600
0.524,31,Jan 15 2018 01: +0,1515978000
0.58,31,Jan 16 2018 01: +0,1516064400
0.592,27,Jan 17 2018 01: +0,1516150800
0.549,21,Jan 18 2018 01: +0,1516237200
0.541,30,Jan 19 2018 01: +0,1516323600
0.535,47,Jan 20 2018 01: +0,1516410000
0.597,21,Jan 21 2018 01: +0,1516496400
0.576,25,Jan 22 2018 01: +0,1516582800
0.573,25,Jan 23 2018 01: +0,1516669200
0.528,28,Jan 24 2018 01: +0,1516755600
0.552,21,Jan 25 2018 01: +0,1516842000
0.555,32,Jan 26 2018 01: +0,1516928400
0.507,38,Jan 27 2018 01: +0,1517014800
0.586,21,Jan 28 2018 01: +0,1517101200
0.581,22,Jan 29 2018 01: +0,1517187600
0.578,25,Jan 30 2018 01: +0,1517274000
0.544,23,Jan 31 2018 01: +0,1517360400
0.58,20,Feb 01 2018 01: +0,1517446800
0.575,24,Feb 02 2018 01: +0,1517533200
0.594,30,Feb 03 2018 01: +0,1517619600
0.574,28,Feb 04 2018 01: +0,1517706000
0.595,24,Feb 05 2018 01: +0,1517792400
0.629,21,Feb 06 2018 01: +0,1517878800
0.645,27,Feb 07 2018 01: +0,1517965200
0.645,17,Feb 08 2018 01: +0,1518051600
0.656,23,Feb 09 2018 01: +0,1518138000
0.667,22,Feb 10 2018 01: +0,1518224400
0.671,16,Feb 11 2018 01: +0,1518310800
0.674,30,Feb 12 2018 01: +0,1518397200
0.716,22,Feb 13 2018 01: +0,1518483600
0.609,15,Feb 14 2018 01: +0,1518570000
0.624,21,Feb 15 2018 01: +0,1518656400
0.625,26,Feb 16 2018 01: +0,1518742800
0.676,35,Feb 17 2018 01: +0,1518829200
0.63,36,Feb 18 2018 01: +0,1518915600
0.543,34,Feb 19 2018 01: +0,1519002000
0.569,23,Feb 20 2018 01: +0,1519088400
0.571,28,Feb 21 2018 01: +0,1519174800
0.552,43,Feb 22 2018 01: +0,1519261200
0.541,32,Feb 23 2018 01: +0,1519347600
0.552,36,Feb 24 2018 01: +0,1519434000
0.569,39,Feb 25 2018 01: +0,1519520400
0.559,22,Feb 26 2018 01: +0,1519606800
0.562,22,Feb 27 2018 01: +0,1519693200
0.55,35,Feb 28 2018 01: +0,1519779600
0.592,28,Mar 01 2018 01: +0,1519866000
0.554,45,Mar 02 2018 01: +0,1519952400
0.559,40,Mar 03 2018 01: +0,1520038800
0.577,32,Mar 04 2018 01: +0,1520125200
0.578,22,Mar 05 2018 01: +0,1520211600
0.571,27,Mar 06 2018 01: +0,1520298000
0.522,23,Mar 07 2018 01: +0,1520384400
0.525,23,Mar 08 2018 01: +0,1520470800
0.511,28,Mar 09 2018 01: +0,1520557200
0.58,33,Mar 10 2018 01: +0,1520643600
0.533,34,Mar 11 2018 01: +0,1520730000
0.513,21,Mar 12 2018 01: +0,1520816400
0.489,24,Mar 13 2018 01: +0,1520902800
0.514,30,Mar 14 2018 01: +0,1520989200
0.488,33,Mar 15 2018 01: +0,1521075600
0.503,25,Mar 16 2018 01: +0,1521162000
0.49,40,Mar 17 2018 01: +0,1521248400
0.509,30,Mar 18 2018 01: +0,1521334800
0.501,21,Mar 19 2018 01: +0,1521421200
0.46,23,Mar 20 2018 01: +0,1521507600
0.481,14,Mar 21 2018 01: +0,1521594000
0.513,20,Mar 22 2018 01: +0,1521680400
0.564,21,Mar 23 2018 01: +0,1521766800
0.538,15,Mar 24 2018 01: +0,1521853200
0.515,19,Mar 25 2018 01: +0,1521939600
0.484,22,Mar 26 2018 01: +0,1522022400
0.522,30,Mar 27 2018 01: +0,1522108800
0.495,24,Mar 28 2018 01: +0,1522195200
0.511,18,Mar 29 2018 01: +0,1522281600
0.478,33,Mar 30 2018 01: +0,1522368000
0.565,34,Mar 31 2018 01: +0,1522454400
0.516,19,Apr 01 2018 01: +0,1522540800
0.541,20,Apr 02 2018 01: +0,1522627200
0.586,20,Apr 03 2018 01: +0,1522713600
0.614,26,Apr 04 2018 01: +0,1522800000
0.539,19,Apr 05 2018 01: +0,1522886400
0.534,24,Apr 06 2018 01: +0,1522972800
0.554,19,Apr 07 2018 01: +0,1523059200
0.563,28,Apr 08 2018 01: +0,1523145600
0.544,18,Apr 09 2018 01: +0,1523232000
0.556,20,Apr 10 2018 01: +0,1523318400
0.54,17,Apr 11 2018 01: +0,1523404800
0.538,23,Apr 12 2018 01: +0,1523491200
0.55,25,Apr 13 2018 01: +0,1523577600
0.541,31,Apr 14 2018 01: +0,1523664000
0.516,22,Apr 15 2018 01: +0,1523750400
0.554,16,Apr 16 2018 01: +0,1523836800
0.563,20,Apr 17 2018 01: +0,1523923200
0.563,20,Apr 18 2018 01: +0,1524009600
0.539,13,Apr 19 2018 01: +0,1524096000
0.521,17,Apr 20 2018 01: +0,1524182400
0.56,14,Apr 21 2018 01: +0,1524268800
0.525,13,Apr 22 2018 01: +0,1524355200
0.512,23,Apr 23 2018 01: +0,1524441600
0.523,24,Apr 24 2018 01: +0,1524528000
0.494,11,Apr 25 2018 01: +0,1524614400
0.498,24,Apr 26 2018 01: +0,1524700800
0.506,25,Apr 27 2018 01: +0,1524787200
0.514,28,Apr 28 2018 01: +0,1524873600
0.525,27,Apr 29 2018 01: +0,1524960000
0.491,20,Apr 30 2018 01: +0,1525046400
0.477,28,May 01 2018 01: +0,1525132800
0.487,19,May 02 2018 01: +0,1525219200
0.487,15,May 03 2018 01: +0,1525305600
0.488,29,May 04 2018 01: +0,1525392000
0.53,19,May 05 2018 01: +0,1525478400
0.547,27,May 06 2018 01: +0,1525564800
0.518,12,May 07 2018 01: +0,1525651200
0.486,17,May 08 2018 01: +0,1525737600
0.463,18,May 09 2018 01: +0,1525824000
0.45,24,May 10 2018 01: +0,1525910400
0.486,25,May 11 2018 01: +0,1525996800
0.465,22,May 12 2018 01: +0,1526083200
0.473,18,May 13 2018 01: +0,1526169600
0.491,19,May 14 2018 01: +0,1526256000
0.479,15,May 15 2018 01: +0,1526342400
0.436,18,May 16 2018 01: +0,1526428800
0.44,22,May 17 2018 01: +0,1526515200
0.438,19,May 18 2018 01: +0,1526601600
0.484,18,May 19 2018 01: +0,1526688000
0.441,12,May 20 2018 01: +0,1526774400
0.46,13,May 21 2018 01: +0,1526860800
0.499,12,May 22 2018 01: +0,1526947200
0.466,18,May 23 2018 01: +0,1527033600
0.469,19,May 24 2018 01: +0,1527120000
0.494,22,May 25 2018 01: +0,1527206400
0.494,23,May 26 2018 01: +0,1527292800
0.461,31,May 27 2018 01: +0,1527379200
0.471,16,May 28 2018 01: +0,1527465600
0.453,17,May 29 2018 01: +0,1527552000
0.488,20,May 30 2018 01: +0,1527638400
0.523,18,May 31 2018 01: +0,1527724800
0.521,14,Jun 01 2018 01: +0,1527811200
0.506,20,Jun 02 2018 01: +0,1527897600
0.534,15,Jun 03 2018 01: +0,1527984000
0.478,24,Jun 04 2018 01: +0,1528070400
0.482,27,Jun 05 2018 01: +0,1528156800
0.527,22,Jun 06 2018 01: +0,1528243200
0.502,26,Jun 07 2018 01: +0,1528329600
0.465,20,Jun 08 2018 01: +0,1528416000
0.439,18,Jun 09 2018 01: +0,1528502400
0.485,18,Jun 10 2018 01: +0,1528588800
0.554,20,Jun 11 2018 01: +0,1528675200
0.469,20,Jun 12 2018 01: +0,1528761600
0.478,15,Jun 13 2018 01: +0,1528848000
0.53,21,Jun 14 2018 01: +0,1528934400
0.51,16,Jun 15 2018 01: +0,1529020800
0.489,17,Jun 16 2018 01: +0,1529107200
0.477,20,Jun 17 2018 01: +0,1529193600
0.472,16,Jun 18 2018 01: +0,1529280000
0.486,17,Jun 19 2018 01: +0,1529366400
0.46,20,Jun 20 2018 01: +0,1529452800
0.415,18,Jun 21 2018 01: +0,1529539200
0.439,32,Jun 22 2018 01: +0,1529625600
0.466,15,Jun 23 2018 01: +0,1529712000
0.414,20,Jun 24 2018 01: +0,1529798400
0.429,21,Jun 25 2018 01: +0,1529884800
0.457,14,Jun 26 2018 01: +0,1529971200
0.432,18,Jun 27 2018 01: +0,1530057600
0.398,19,Jun 28 2018 01: +0,1530144000
0.409,23,Jun 29 2018 01: +0,1530230400
0.401,24,Jun 30 2018 01: +0,1530316800
0.42,15,Jul 01 2018 01: +0,1530403200
0.427,20,Jul 02 2018 01: +0,1530489600
0.436,18,Jul 03 2018 01: +0,1530576000
0.447,21,Jul 04 2018 01: +0,1530662400
0.436,18,Jul 05 2018 01: +0,1530748800
0.44,16,Jul 06 2018 01: +0,1530835200
0.469,26,Jul 07 2018 01: +0,1530921600
0.472,29,Jul 08 2018 01: +0,1531008000
0.48,19,Jul 09 2018 01: +0,1531094400
0.463,21,Jul 10 2018 01: +0,1531180800
0.56,12,Jul 11 2018 01: +0,1531267200
0.481,27,Jul 12 2018 01: +0,1531353600
0.471,28,Jul 13 2018 01: +0,1531440000
0.504,20,Jul 14 2018 01: +0,1531526400
0.486,21,Jul 15 2018 01: +0,1531612800
0.475,32,Jul 16 2018 01: +0,1531699200
0.499,20,Jul 17 2018 01: +0,1531785600
0.485,16,Jul 18 2018 01: +0,1531872000
0.485,23,Jul 19 2018 01: +0,1531958400
0.46,16,Jul 20 2018 01: +0,1532044800
0.44,27,Jul 21 2018 01: +0,1532131200
0.469,26,Jul 22 2018 01: +0,1532217600
0.464,15,Jul 23 2018 01: +0,1532304000
0.463,41,Jul 24 2018 01: +0,1532390400
0.53,22,Jul 25 2018 01: +0,1532476800
0.484,22,Jul 26 2018 01: +0,1532563200
0.503,22,Jul 27 2018 01: +0,1532649600
0.473,16,Jul 28 2018 01: +0,1532736000
0.476,27,Jul 29 2018 01: +0,1532822400
0.5,32,Jul 30 2018 01: +0,1532908800
0.507,20,Jul 31 2018 01: +0,1532995200
0.479,20,Aug 01 2018 01: +0,1533081600
0.457,17,Aug 02 2018 01: +0,1533168000
0.436,35,Aug 03 2018 01: +0,1533254400
0.414,38,Aug 04 2018 01: +0,1533340800
0.429,44,Aug 05 2018 01: +0,1533427200
0.471,35,Aug 06 2018 01: +0,1533513600
0.455,30,Aug 07 2018 01: +0,1533600000
0.491,25,Aug 08 2018 01: +0,1533686400
0.467,34,Aug 09 2018 01: +0,1533772800
0.416,44,Aug 10 2018 01: +0,1533859200
0.438,36,Aug 11 2018 01: +0,1533945600
0.468,42,Aug 12 2018 01: +0,1534032000
0.494,26,Aug 13 2018 01: +0,1534118400
0.474,21,Aug 14 2018 01: +0,1534204800
0.453,35,Aug 15 2018 01: +0,1534291200
0.482,27,Aug 16 2018 01: +0,1534377600
0.496,25,Aug 17 2018 01: +0,1534464000
0.495,32,Aug 18 2018 01: +0,1534550400
0.477,27,Aug 19 2018 01: +0,1534636800
0.489,32,Aug 20 2018 01: +0,1534723200
0.512,22,Aug 21 2018 01: +0,1534809600
0.47,24,Aug 22 2018 01: +0,1534896000
0.474,33,Aug 23 2018 01: +0,1534982400
0.487,35,Aug 24 2018 01: +0,1535068800
0.503,42,Aug 25 2018 01: +0,1535155200
0.526,29,Aug 26 2018 01: +0,1535241600
0.513,15,Aug 27 2018 01: +0,1535328000
0.491,25,Aug 28 2018 01: +0,1535414400
0.527,26,Aug 29 2018 01: +0,1535500800
0.513,16,Aug 30 2018 01: +0,1535587200
0.488,24,Aug 31 2018 01: +0,1535673600
0.503,19,Sep 01 2018 01: +0,1535760000
0.513,25,Sep 02 2018 01: +0,1535846400
0.518,19,Sep 03 2018 01: +0,1535932800
0.541,28,Sep 04 2018 01: +0,1536019200
0.563,19,Sep 05 2018 01: +0,1536105600
0.545,27,Sep 06 2018 01: +0,1536192000
0.552,22,Sep 07 2018 01: +0,1536278400
0.549,27,Sep 08 2018 01: +0,1536364800
0.561,26,Sep 09 2018 01: +0,1536451200
0.51,15,Sep 10 2018 01: +0,1536537600
0.55,8,Sep 11 2018 01: +0,1536624000
0.55,13,Sep 12 2018 01: +0,1536710400
0.533,22,Sep 13 2018 01: +0,1536796800
0.566,19,Sep 14 2018 01: +0,1536883200
0.578,30,Sep 15 2018 01: +0,1536969600
0.567,26,Sep 16 2018 01: +0,1537056000
0.566,29,Sep 17 2018 01: +0,1537142400
0.641,27,Sep 18 2018 01: +0,1537228800
0.569,17,Sep 19 2018 01: +0,1537315200
0.557,17,Sep 20 2018 01: +0,1537401600
0.579,19,Sep 21 2018 01: +0,1537488000
0.503,32,Sep 22 2018 01: +0,1537574400
0.497,29,Sep 23 2018 01: +0,1537660800
0.463,23,Sep 24 2018 01: +0,1537747200
0.494,31,Sep 25 2018 01: +0,1537833600
0.476,22,Sep 26 2018 01: +0,1537920000
0.485,22,Sep 27 2018 01: +0,1538006400
0.501,35,Sep 28 2018 01: +0,1538092800
0.502,34,Sep 29 2018 01: +0,1538179200
0.483,41,Sep 30 2018 01: +0,1538265600
0.51,22,Oct 01 2018 01: +0,1538352000
0.5,25,Oct 02 2018 01: +0,1538438400
0.5,26,Oct 03 2018 01: +0,1538524800
0.476,31,Oct 04 2018 01: +0,1538611200
0.459,34,Oct 05 2018 01: +0,1538697600
0.48,34,Oct 06 2018 01: +0,1538784000
0.478,31,Oct 07 2018 01: +0,1538870400
0.489,26,Oct 08 2018 01: +0,1538956800
0.502,32,Oct 09 2018 01: +0,1539043200
0.534,25,Oct 10 2018 01: +0,1539129600
0.521,28,Oct 11 2018 01: +0,1539216000
0.518,28,Oct 12 2018 01: +0,1539302400
0.508,38,Oct 13 2018 01: +0,1539388800
0.517,37,Oct 14 2018 01: +0,1539475200
0.511,25,Oct 15 2018 01: +0,1539561600
0.541,22,Oct 16 2018 01: +0,1539648000
0.534,26,Oct 17 2018 01: +0,1539734400
0.521,26,Oct 18 2018 01: +0,1539820800
0.529,23,Oct 19 2018 01: +0,1539907200
0.509,34,Oct 20 2018 01: +0,1539993600
0.483,31,Oct 21 2018 01: +0,1540080000
0.494,26,Oct 22 2018 01: +0,1540166400
0.456,26,Oct 23 2018 01: +0,1540252800
0.457,24,Oct 24 2018 01: +0,1540339200
0.474,28,Oct 25 2018 01: +0,1540425600
0.48,25,Oct 26 2018 01: +0,1540512000
0.509,21,Oct 27 2018 01: +0,1540598400
0.509,23,Oct 28 2018 01: +0,1540684800
0.513,25,Oct 29 2018 01: +0,1540774800
0.488,21,Oct 30 2018 01: +0,1540861200
0.493,19,Oct 31 2018 01: +0,1540947600
0.486,29,Nov 01 2018 01: +0,1541034000
0.504,23,Nov 02 2018 01: +0,1541120400
0.487,23,Nov 03 2018 01: +0,1541206800
0.52,36,Nov 04 2018 01: +0,1541293200
0.496,20,Nov 05 2018 01: +0,1541379600
0.487,18,Nov 06 2018 01: +0,1541466000
0.493,16,Nov 07 2018 01: +0,1541552400
0.494,19,Nov 08 2018 01: +0,1541638800
0.519,25,Nov 09 2018 01: +0,1541725200
0.512,27,Nov 10 2018 01: +0,1541811600
0.472,27,Nov 11 2018 01: +0,1541898000
0.498,24,Nov 12 2018 01: +0,1541984400
0.512,13,Nov 13 2018 01: +0,1542070800
0.486,25,Nov 14 2018 01: +0,1542157200
0.46,30,Nov 15 2018 01: +0,1542243600
0.448,43,Nov 16 2018 01: +0,1542330000
0.435,46,Nov 17 2018 01: +0,1542416400
0.43,36,Nov 18 2018 01: +0,1542502800
0.455,29,Nov 19 2018 01: +0,1542589200
0.426,29,Nov 20 2018 01: +0,1542675600
0.444,20,Nov 21 2018 01: +0,1542762000
0.431,30,Nov 22 2018 01: +0,1542848400
0.425,20,Nov 23 2018 01: +0,1542934800
0.414,33,Nov 24 2018 01: +0,1543021200
0.417,28,Nov 25 2018 01: +0,1543107600
0.43,17,Nov 26 2018 01: +0,1543194000
0.436,16,Nov 27 2018 01: +0,1543280400
0.437,25,Nov 28 2018 01: +0,1543366800
0.438,25,Nov 29 2018 01: +0,1543453200
0.437,29,Nov 30 2018 01: +0,1543539600
0.436,24,Dec 01 2018 01: +0,1543626000
0.424,26,Dec 02 2018 01: +0,1543712400
0.397,29,Dec 03 2018 01: +0,1543798800
0.402,19,Dec 04 2018 01: +0,1543885200
0.403,33,Dec 05 2018 01: +0,1543971600
0.441,29,Dec 06 2018 01: +0,1544058000
0.43,42,Dec 07 2018 01: +0,1544144400
0.435,37,Dec 08 2018 01: +0,1544230800
0.414,32,Dec 09 2018 01: +0,1544317200
0.377,38,Dec 10 2018 01: +0,1544403600
0.405,26,Dec 11 2018 01: +0,1544490000
0.415,27,Dec 12 2018 01: +0,1544576400
0.42,33,Dec 13 2018 01: +0,1544662800
0.45,35,Dec 14 2018 01: +0,1544749200
0.428,42,Dec 15 2018 01: +0,1544835600
0.449,28,Dec 16 2018 01: +0,1544922000
0.415,35,Dec 17 2018 01: +0,1545008400
0.44,36,Dec 18 2018 01: +0,1545094800
0.441,25,Dec 19 2018 01: +0,1545181200
0.425,36,Dec 20 2018 01: +0,1545267600
0.455,21,Dec 21 2018 01: +0,1545354000
0.445,40,Dec 22 2018 01: +0,1545440400
0.442,32,Dec 23 2018 01: +0,1545526800
0.461,23,Dec 24 2018 01: +0,1545613200
0.457,29,Dec 25 2018 01: +0,1545699600
0.468,34,Dec 26 2018 01: +0,1545786000
0.462,31,Dec 27 2018 01: +0,1545872400
0.468,36,Dec 28 2018 01: +0,1545958800
0.531,28,Dec 29 2018 01: +0,1546045200
0.547,29,Dec 30 2018 01: +0,1546131600
0.506,33,Dec 31 2018 01: +0,1546218000
0.474,31,Jan 01 2019 01: +0,1546304400
0.443,37,Jan 02 2019 01: +0,1546390800
0.454,33,Jan 03 2019 01: +0,1546477200
0.426,29,Jan 04 2019 01: +0,1546563600
0.435,39,Jan 05 2019 01: +0,1546650000
0.439,49,Jan 06 2019 01: +0,1546736400
0.48,41,Jan 07 2019 01: +0,1546822800
0.477,23,Jan 08 2019 01: +0,1546909200
0.468,31,Jan 09 2019 01: +0,1546995600
0.463,41,Jan 10 2019 01: +0,1547082000
0.452,38,Jan 11 2019 01: +0,1547168400
0.471,43,Jan 12 2019 01: +0,1547254800
0.452,37,Jan 13 2019 01: +0,1547341200
0.492,26,Jan 14 2019 01: +0,1547427600
0.508,35,Jan 15 2019 01: +0,1547514000
0.512,26,Jan 16 2019 01: +0,1547600400
0.477,25,Jan 17 2019 01: +0,1547686800
0.508,26,Jan 18 2019 01: +0,1547773200
0.524,33,Jan 19 2019 01: +0,1547859600
0.491,37,Jan 20 2019 01: +0,1547946000
0.512,37,Jan 21 2019 01: +0,1548032400
0.567,28,Jan 22 2019 01: +0,1548118800
0.544,30,Jan 23 2019 01: +0,1548205200
0.538,18,Jan 24 2019 01: +0,1548291600
0.561,22,Jan 25 2019 01: +0,1548378000
0.571,30,Jan 26 2019 01: +0,1548464400
0.569,45,Jan 27 2019 01: +0,1548550800
0.597,24,Jan 28 2019 01: +0,1548637200
0.549,38,Jan 29 2019 01: +0,1548723600
0.537,24,Jan 30 2019 01: +0,1548810000
0.546,32,Jan 31 2019 01: +0,1548896400
0.553,31,Feb 01 2019 01: +0,1548982800
0.576,32,Feb 02 2019 01: +0,1549069200
0.552,31,Feb 03 2019 01: +0,1549155600
0.544,30,Feb 04 2019 01: +0,1549242000
0.523,30,Feb 05 2019 01: +0,1549328400
0.53,28,Feb 06 2019 01: +0,1549414800
0.53,26,Feb 07 2019 01: +0,1549501200
0.502,27,Feb 08 2019 01: +0,1549587600
0.519,51,Feb 09 2019 01: +0,1549674000
0.518,29,Feb 10 2019 01: +0,1549760400
0.514,29,Feb 11 2019 01: +0,1549846800
0.438,19,Feb 12 2019 01: +0,1549933200
0.455,22,Feb 13 2019 01: +0,1550019600
0.481,22,Feb 14 2019 01: +0,1550106000
0.49,22,Feb 15 2019 01: +0,1550192400
0.54,30,Feb 16 2019 01: +0,1550278800
0.491,20,Feb 17 2019 01: +0,1550365200
0.482,21,Feb 18 2019 01: +0,1550451600
0.472,25,Feb 19 2019 01: +0,1550538000
0.494,21,Feb 20 2019 01: +0,1550624400
0.5,21,Feb 21 2019 01: +0,1550710800
0.506,23,Feb 22 2019 01: +0,1550797200
0.527,31,Feb 23 2019 01: +0,1550883600
0.541,37,Feb 24 2019 01: +0,1550970000
0.551,33,Feb 25 2019 01: +0,1551056400
0.539,23,Feb 26 2019 01: +0,1551142800
0.676,24,Feb 27 2019 01: +0,1551229200
0.649,18,Feb 28 2019 01: +0,1551315600
0.559,26,Mar 01 2019 01: +0,1551402000
0.63,40,Mar 02 2019 01: +0,1551488400
0.697,39,Mar 03 2019 01: +0,1551574800
0.7,25,Mar 04 2019 01: +0,1551661200
0.643,8,Mar 05 2019 01: +0,1551747600
0.626,19,Mar 06 2019 01: +0,1551834000
0.649,11,Mar 07 2019 01: +0,1551920400
0.662,24,Mar 08 2019 01: +0,1552006800
0.675,18,Mar 09 2019 01: +0,1552093200
0.637,17,Mar 10 2019 01: +0,1552179600
0.679,20,Mar 11 2019 01: +0,1552266000
0.631,19,Mar 12 2019 01: +0,1552352400
0.567,27,Mar 13 2019 01: +0,1552438800
0.516,32,Mar 14 2019 01: +0,1552525200
0.466,42,Mar 15 2019 01: +0,1552611600
0.467,64,Mar 16 2019 01: +0,1552698000
0.447,51,Mar 17 2019 01: +0,1552784400
0.471,40,Mar 18 2019 01: +0,1552870800
0.48,30,Mar 19 2019 01: +0,1552957200
0.415,44,Mar 20 2019 01: +0,1553043600
0.482,38,Mar 21 2019 01: +0,1553130000
0.433,45,Mar 22 2019 01: +0,1553216400
0.433,64,Mar 23 2019 01: +0,1553302800
0.442,47,Mar 24 2019 01: +0,1553389200
0.434,33,Mar 25 2019 01: +0,1553475600
0.424,44,Mar 26 2019 01: +0,1553562000
0.426,32,Mar 27 2019 01: +0,1553648400
0.384,38,Mar 28 2019 01: +0,1553734800
0.412,40,Mar 29 2019 01: +0,1553821200
0.419,34,Mar 30 2019 01: +0,1553907600
0.412,42,Mar 31 2019 01: +0,1553994000
0.427,32,Apr 01 2019 01: +0,1554076800
0.437,19,Apr 02 2019 01: +0,1554163200
0.432,34,Apr 03 2019 01: +0,1554249600
0.475,34,Apr 04 2019 01: +0,1554336000
0.46,33,Apr 05 2019 01: +0,1554422400
0.506,30,Apr 06 2019 01: +0,1554508800
0.481,35,Apr 07 2019 01: +0,1554595200
0.508,14,Apr 08 2019 01: +0,1554681600
0.484,28,Apr 09 2019 01: +0,1554768000
0.511,18,Apr 10 2019 01: +0,1554854400
0.465,40,Apr 11 2019 01: +0,1554940800
0.464,23,Apr 12 2019 01: +0,1555027200
0.46,34,Apr 13 2019 01: +0,1555113600
0.497,44,Apr 14 2019 01: +0,1555200000
0.487,22,Apr 15 2019 01: +0,1555286400
0.484,31,Apr 16 2019 01: +0,1555372800
0.481,42,Apr 17 2019 01: +0,1555459200
0.489,21,Apr 18 2019 01: +0,1555545600
0.495,28,Apr 19 2019 01: +0,1555632000
0.488,23,Apr 20 2019 01: +0,1555718400
0.486,21,Apr 21 2019 01: +0,1555804800
0.456,25,Apr 22 2019 01: +0,1555891200
0.448,36,Apr 23 2019 01: +0,1555977600
0.438,35,Apr 24 2019 01: +0,1556064000
0.446,31,Apr 25 2019 01: +0,1556150400
0.461,35,Apr 26 2019 01: +0,1556236800
0.436,41,Apr 27 2019 01: +0,1556323200
0.449,43,Apr 28 2019 01: +0,1556409600
0.462,53,Apr 29 2019 01: +0,1556496000
0.431,40,Apr 30 2019 01: +0,1556582400
0.445,42,May 01 2019 01: +0,1556668800
0.483,29,May 02 2019 01: +0,1556755200
0.471,26,May 03 2019 01: +0,1556841600
0.44,36,May 04 2019 01: +0,1556928000
0.444,37,May 05 2019 01: +0,1557014400
0.46,29,May 06 2019 01: +0,1557100800
0.467,33,May 07 2019 01: +0,1557187200
0.44,36,May 08 2019 01: +0,1557273600
0.426,43,May 09 2019 01: +0,1557360000
0.447,40,May 10 2019 01: +0,1557446400
0.462,33,May 11 2019 01: +0,1557532800
0.456,37,May 12 2019 01: +0,1557619200
0.451,28,May 13 2019 01: +0,1557705600
0.464,31,May 14 2019 01: +0,1557792000
0.458,36,May 15 2019 01: +0,1557878400
0.474,32,May 16 2019 01: +0,1557964800
0.48,36,May 17 2019 01: +0,1558051200
0.492,34,May 18 2019 01: +0,1558137600
0.49,33,May 19 2019 01: +0,1558224000
0.468,34,May 20 2019 01: +0,1558310400
0.463,32,May 21 2019 01: +0,1558396800
0.471,31,May 22 2019 01: +0,1558483200
0.449,34,May 23 2019 01: +0,1558569600
0.461,38,May 24 2019 01: +0,1558656000
0.495,38,May 25 2019 01: +0,1558742400
0.494,40,May 26 2019 01: +0,1558828800
0.459,32,May 27 2019 01: +0,1558915200
0.442,35,May 28 2019 01: +0,1559001600
0.432,46,May 29 2019 01: +0,1559088000
0.466,37,May 30 2019 01: +0,1559174400
0.434,37,May 31 2019 01: +0,1559260800
0.437,49,Jun 01 2019 01: +0,1559347200
0.454,47,Jun 02 2019 01: +0,1559433600
0.466,49,Jun 03 2019 01: +0,1559520000
0.443,41,Jun 04 2019 01: +0,1559606400
0.446,40,Jun 05 2019 01: +0,1559692800
0.443,37,Jun 06 2019 01: +0,1559779200
0.453,39,Jun 07 2019 01: +0,1559865600
0.435,43,Jun 08 2019 01: +0,1559952000
0.437,47,Jun 09 2019 01: +0,1560038400
0.404,47,Jun 10 2019 01: +0,1560124800
0.418,37,Jun 11 2019 01: +0,1560211200
0.404,52,Jun 12 2019 01: +0,1560297600
0.433,52,Jun 13 2019 01: +0,1560384000
0.431,27,Jun 14 2019 01: +0,1560470400
0.408,53,Jun 15 2019 01: +0,1560556800
0.405,61,Jun 16 2019 01: +0,1560643200
0.396,51,Jun 17 2019 01: +0,1560729600
0.449,47,Jun 18 2019 01: +0,1560816000
0.452,47,Jun 19 2019 01: +0,1560902400
0.416,39,Jun 20 2019 01: +0,1560988800
0.426,27,Jun 21 2019 01: +0,1561075200
0.4,29,Jun 22 2019 01: +0,1561161600
0.411,46,Jun 23 2019 01: +0,1561248000
0.399,39,Jun 24 2019 01: +0,1561334400
0.402,37,Jun 25 2019 01: +0,1561420800
0.392,36,Jun 26 2019 01: +0,1561507200
0.398,37,Jun 27 2019 01: +0,1561593600
0.418,30,Jun 28 2019 01: +0,1561680000
0.408,27,Jun 29 2019 01: +0,1561766400
0.406,35,Jun 30 2019 01: +0,1561852800
0.381,41,Jul 01 2019 01: +0,1561939200
0.384,23,Jul 02 2019 01: +0,1562025600
0.405,37,Jul 03 2019 01: +0,1562112000
0.377,33,Jul 04 2019 01: +0,1562198400
0.388,41,Jul 05 2019 01: +0,1562284800
0.375,26,Jul 06 2019 01: +0,1562371200
0.387,35,Jul 07 2019 01: +0,1562457600
0.394,34,Jul 08 2019 01: +0,1562544000
0.421,34,Jul 09 2019 01: +0,1562630400
0.419,57,Jul 10 2019 01: +0,1562716800
0.429,43,Jul 11 2019 01: +0,1562803200
0.451,37,Jul 12 2019 01: +0,1562889600
0.451,38,Jul 13 2019 01: +0,1562976000
0.442,43,Jul 14 2019 01: +0,1563062400
0.423,41,Jul 15 2019 01: +0,1563148800
0.462,85,Jul 16 2019 01: +0,1563235200
0.461,48,Jul 17 2019 01: +0,1563321600
0.465,38,Jul 18 2019 01: +0,1563408000
0.49,29,Jul 19 2019 01: +0,1563494400
0.423,44,Jul 20 2019 01: +0,1563580800
0.437,51,Jul 21 2019 01: +0,1563667200
0.404,55,Jul 22 2019 01: +0,1563753600
0.4,50,Jul 23 2019 01: +0,1563840000
0.418,48,Jul 24 2019 01: +0,1563926400
0.415,50,Jul 25 2019 01: +0,1564012800
0.405,33,Jul 26 2019 01: +0,1564099200
0.414,44,Jul 27 2019 01: +0,1564185600
0.381,64,Jul 28 2019 01: +0,1564272000
0.387,60,Jul 29 2019 01: +0,1564358400
0.387,60,Jul 30 2019 01: +0,1564444800
0.389,76,Jul 31 2019 01: +0,1564531200
0.4,62,Aug 01 2019 01: +0,1564617600
0.377,62,Aug 02 2019 01: +0,1564704000
0.365,77,Aug 03 2019 01: +0,1564790400
0.366,84,Aug 04 2019 01: +0,1564876800
0.364,62,Aug 05 2019 01: +0,1564963200
0.358,71,Aug 06 2019 01: +0,1565049600
0.375,67,Aug 07 2019 01: +0,1565136000
0.347,77,Aug 08 2019 01: +0,1565222400
0.364,81,Aug 09 2019 01: +0,1565308800
0.359,92,Aug 10 2019 01: +0,1565395200
0.342,84,Aug 11 2019 01: +0,1565481600
0.362,90,Aug 12 2019 01: +0,1565568000
0.35,102,Aug 13 2019 01: +0,1565654400
0.344,94,Aug 14 2019 01: +0,1565740800
0.333,53,Aug 15 2019 01: +0,1565827200
0.346,77,Aug 16 2019 01: +0,1565913600
0.37,62,Aug 17 2019 01: +0,1566000000
0.354,69,Aug 18 2019 01: +0,1566086400
0.395,67,Aug 19 2019 01: +0,1566172800
0.383,50,Aug 20 2019 01: +0,1566259200
0.374,62,Aug 21 2019 01: +0,1566345600
0.356,54,Aug 22 2019 01: +0,1566432000
0.341,59,Aug 23 2019 01: +0,1566518400
0.349,76,Aug 24 2019 01: +0,1566604800
0.34,54,Aug 25 2019 01: +0,1566691200
0.347,77,Aug 26 2019 01: +0,1566777600
0.363,53,Aug 27 2019 01: +0,1566864000
0.378,51,Aug 28 2019 01: +0,1566950400
0.356,60,Aug 29 2019 01: +0,1567036800
0.348,60,Aug 30 2019 01: +0,1567123200
0.355,72,Aug 31 2019 01: +0,1567209600
0.36,72,Sep 01 2019 01: +0,1567296000
0.381,72,Sep 02 2019 01: +0,1567382400
0.395,52,Sep 03 2019 01: +0,1567468800
0.373,59,Sep 04 2019 01: +0,1567555200
0.364,68,Sep 05 2019 01: +0,1567641600
0.375,75,Sep 06 2019 01: +0,1567728000
0.376,94,Sep 07 2019 01: +0,1567814400
0.352,59,Sep 08 2019 01: +0,1567900800
0.348,49,Sep 09 2019 01: +0,1567987200
0.38,43,Sep 10 2019 01: +0,1568073600
0.381,37,Sep 11 2019 01: +0,1568160000
0.377,34,Sep 12 2019 01: +0,1568246400
0.356,67,Sep 13 2019 01: +0,1568332800
0.347,69,Sep 14 2019 01: +0,1568419200
0.363,51,Sep 15 2019 01: +0,1568505600
0.368,45,Sep 16 2019 01: +0,1568592000
0.427,180,Sep 17 2019 01: +0,1568678400
0.401,32,Sep 18 2019 01: +0,1568764800
0.421,34,Sep 19 2019 01: +0,1568851200
0.38,64,Sep 20 2019 01: +0,1568937600
0.368,47,Sep 21 2019 01: +0,1569024000
0.36,57,Sep 22 2019 01: +0,1569110400
0.384,59,Sep 23 2019 01: +0,1569196800
0.473,61,Sep 24 2019 01: +0,1569283200
0.475,48,Sep 25 2019 01: +0,1569369600
0.455,37,Sep 26 2019 01: +0,1569456000
0.36,56,Sep 27 2019 01: +0,1569542400
0.371,75,Sep 28 2019 01: +0,1569628800
0.353,77,Sep 29 2019 01: +0,1569715200
0.385,48,Sep 30 2019 01: +0,1569801600
0.344,62,Oct 01 2019 01: +0,1569888000
0.35,70,Oct 02 2019 01: +0,1569974400
0.371,109,Oct 03 2019 01: +0,1570060800
0.398,60,Oct 04 2019 01: +0,1570147200
0.396,59,Oct 05 2019 01: +0,1570233600
0.388,65,Oct 06 2019 01: +0,1570320000
0.368,71,Oct 07 2019 01: +0,1570406400
0.373,62,Oct 08 2019 01: +0,1570492800
0.37,63,Oct 09 2019 01: +0,1570579200
0.366,75,Oct 10 2019 01: +0,1570665600
0.362,84,Oct 11 2019 01: +0,1570752000
0.354,100,Oct 12 2019 01: +0,1570838400
0.346,89,Oct 13 2019 01: +0,1570924800
0.367,74,Oct 14 2019 01: +0,1571011200
0.361,53,Oct 15 2019 01: +0,1571097600
0.373,59,Oct 16 2019 01: +0,1571184000
0.374,75,Oct 17 2019 01: +0,1571270400
0.38,72,Oct 18 2019 01: +0,1571356800
0.364,111,Oct 19 2019 01: +0,1571443200
0.382,66,Oct 20 2019 01: +0,1571529600
0.377,58,Oct 21 2019 01: +0,1571616000
0.372,48,Oct 22 2019 01: +0,1571702400
0.394,61,Oct 23 2019 01: +0,1571788800
0.351,38,Oct 24 2019 01: +0,1571875200
0.4,40,Oct 25 2019 01: +0,1571961600
0.392,51,Oct 26 2019 01: +0,1572048000
0.375,46,Oct 27 2019 01: +0,1572134400
0.378,44,Oct 28 2019 01: +0,1572224400
0.38,47,Oct 29 2019 01: +0,1572310800
0.413,38,Oct 30 2019 01: +0,1572397200
0.412,32,Oct 31 2019 01: +0,1572483600
0.384,39,Nov 01 2019 01: +0,1572570000
0.396,50,Nov 02 2019 01: +0,1572656400
0.409,40,Nov 03 2019 01: +0,1572742800
0.394,41,Nov 04 2019 01: +0,1572829200
0.407,32,Nov 05 2019 01: +0,1572915600
0.419,36,Nov 06 2019 01: +0,1573002000
0.396,30,Nov 07 2019 01: +0,1573088400
0.389,28,Nov 08 2019 01: +0,1573174800
0.366,58,Nov 09 2019 01: +0,1573261200
0.364,43,Nov 10 2019 01: +0,1573347600
0.379,65,Nov 11 2019 01: +0,1573434000
0.381,33,Nov 12 2019 01: +0,1573520400
0.392,25,Nov 13 2019 01: +0,1573606800
0.393,32,Nov 14 2019 01: +0,1573693200
0.383,50,Nov 15 2019 01: +0,1573779600
0.385,53,Nov 16 2019 01: +0,1573866000
0.364,48,Nov 17 2019 01: +0,1573952400
0.381,36,Nov 18 2019 01: +0,1574038800
0.35,52,Nov 19 2019 01: +0,1574125200
0.372,43,Nov 20 2019 01: +0,1574211600
0.361,40,Nov 21 2019 01: +0,1574298000
0.358,37,Nov 22 2019 01: +0,1574384400
0.368,46,Nov 23 2019 01: +0,1574470800
0.368,60,Nov 24 2019 01: +0,1574557200
0.373,29,Nov 25 2019 01: +0,1574643600
0.354,30,Nov 26 2019 01: +0,1574730000
0.364,42,Nov 27 2019 01: +0,1574816400
0.353,26,Nov 28 2019 01: +0,1574902800
0.362,41,Nov 29 2019 01: +0,1574989200
0.357,34,Nov 30 2019 01: +0,1575075600
0.352,30,Dec 01 2019 01: +0,1575162000
0.376,32,Dec 02 2019 01: +0,1575248400
0.362,24,Dec 03 2019 01: +0,1575334800
0.343,22,Dec 04 2019 01: +0,1575421200
0.364,30,Dec 05 2019 01: +0,1575507600
0.375,31,Dec 06 2019 01: +0,1575594000
0.385,32,Dec 07 2019 01: +0,1575680400
0.396,26,Dec 08 2019 01: +0,1575766800
0.384,22,Dec 09 2019 01: +0,1575853200
0.372,26,Dec 10 2019 01: +0,1575939600
0.404,35,Dec 11 2019 01: +0,1576026000
0.42,31,Dec 12 2019 01: +0,1576112400
0.422,43,Dec 13 2019 01: +0,1576198800
0.398,42,Dec 14 2019 01: +0,1576285200
0.39,32,Dec 15 2019 01: +0,1576371600
0.39,34,Dec 16 2019 01: +0,1576458000
0.396,27,Dec 17 2019 01: +0,1576544400
0.382,24,Dec 18 2019 01: +0,1576630800
0.405,21,Dec 19 2019 01: +0,1576717200
0.417,27,Dec 20 2019 01: +0,1576803600
0.43,25,Dec 21 2019 01: +0,1576890000
0.419,23,Dec 22 2019 01: +0,1576976400
0.408,30,Dec 23 2019 01: +0,1577062800
0.432,27,Dec 24 2019 01: +0,1577149200
0.43,30,Dec 25 2019 01: +0,1577235600
0.433,34,Dec 26 2019 01: +0,1577322000
0.417,35,Dec 27 2019 01: +0,1577408400
0.438,47,Dec 28 2019 01: +0,1577494800
0.446,46,Dec 29 2019 01: +0,1577581200
0.434,48,Dec 30 2019 01: +0,1577667600
0.449,21,Dec 31 2019 01: +0,1577754000
0.447,31,Jan 01 2020 01: +0,1577840400
0.44,28,Jan 02 2020 01: +0,1577926800
0.495,48,Jan 03 2020 01: +0,1578013200
0.544,28,Jan 04 2020 01: +0,1578099600
0.616,25,Jan 05 2020 01: +0,1578186000
0.596,24,Jan 06 2020 01: +0,1578272400
0.605,27,Jan 07 2020 01: +0,1578358800
0.524,32,Jan 08 2020 01: +0,1578445200
0.501,31,Jan 09 2020 01: +0,1578531600
0.487,44,Jan 10 2020 01: +0,1578618000
0.494,36,Jan 11 2020 01: +0,1578704400
0.464,36,Jan 12 2020 01: +0,1578790800
0.483,31,Jan 13 2020 01: +0,1578877200
0.41,276,Jan 14 2020 01: +0,1578963600
0.391,162,Jan 15 2020 01: +0,1579050000
0.378,149,Jan 16 2020 01: +0,1579136400
0.391,108,Jan 17 2020 01: +0,1579222800
0.382,165,Jan 18 2020 01: +0,1579309200
0.35,251,Jan 19 2020 01: +0,1579395600
0.316,164,Jan 20 2020 01: +0,1579482000
0.315,134,Jan 21 2020 01: +0,1579568400
0.305,120,Jan 22 2020 01: +0,1579654800
0.301,87,Jan 23 2020 01: +0,1579741200
0.308,86,Jan 24 2020 01: +0,1579827600
0.304,97,Jan 25 2020 01: +0,1579914000
0.304,89,Jan 26 2020 01: +0,1580000400
0.291,111,Jan 27 2020 01: +0,1580086800
0.295,80,Jan 28 2020 01: +0,1580173200
0.299,86,Jan 29 2020 01: +0,1580259600
0.306,62,Jan 30 2020 01: +0,1580346000
0.29,95,Jan 31 2020 01: +0,1580432400
0.302,142,Feb 01 2020 01: +0,1580518800
0.323,234,Feb 02 2020 01: +0,1580605200
0.304,70,Feb 03 2020 01: +0,1580691600
0.316,68,Feb 04 2020 01: +0,1580778000
0.302,97,Feb 05 2020 01: +0,1580864400
0.379,569,Feb 06 2020 01: +0,1580950800
0.451,223,Feb 07 2020 01: +0,1581037200
0.45,203,Feb 08 2020 01: +0,1581123600
0.412,82,Feb 09 2020 01: +0,1581210000
0.384,73,Feb 10 2020 01: +0,1581296400
0.369,81,Feb 11 2020 01: +0,1581382800
0.385,54,Feb 12 2020 01: +0,1581469200
0.344,82,Feb 13 2020 01: +0,1581555600
0.341,79,Feb 14 2020 01: +0,1581642000
0.324,83,Feb 15 2020 01: +0,1581728400
0.326,93,Feb 16 2020 01: +0,1581814800
0.314,58,Feb 17 2020 01: +0,1581901200
0.306,55,Feb 18 2020 01: +0,1581987600
0.303,61,Feb 19 2020 01: +0,1582074000
0.307,72,Feb 20 2020 01: +0,1582160400
0.296,69,Feb 21 2020 01: +0,1582246800
0.293,78,Feb 22 2020 01: +0,1582333200
0.311,78,Feb 23 2020 01: +0,1582419600
0.3,63,Feb 24 2020 01: +0,1582506000
0.296,74,Feb 25 2020 01: +0,1582592400
0.301,58,Feb 26 2020 01: +0,1582678800
0.303,55,Feb 27 2020 01: +0,1582765200
0.301,66,Feb 28 2020 01: +0,1582851600
0.305,95,Feb 29 2020 01: +0,1582938000
0.308,62,Mar 01 2020 01: +0,1583024400
0.313,69,Mar 02 2020 01: +0,1583110800
0.324,74,Mar 03 2020 01: +0,1583197200
0.319,101,Mar 04 2020 01: +0,1583283600
0.302,84,Mar 05 2020 01: +0,1583370000
0.319,99,Mar 06 2020 01: +0,1583456400
0.325,88,Mar 07 2020 01: +0,1583542800
0.334,73,Mar 08 2020 01: +0,1583629200
0.342,60,Mar 09 2020 01: +0,1583715600
0.321,62,Mar 10 2020 01: +0,1583802000
0.332,58,Mar 11 2020 01: +0,1583888400
0.33,96,Mar 12 2020 01: +0,1583974800
0.316,100,Mar 13 2020 01: +0,1584061200
0.326,98,Mar 14 2020 01: +0,1584147600
0.327,101,Mar 15 2020 01: +0,1584234000
0.325,62,Mar 16 2020 01: +0,1584320400
0.314,64,Mar 17 2020 01: +0,1584406800
0.315,80,Mar 18 2020 01: +0,1584493200
0.307,71,Mar 19 2020 01: +0,1584579600
0.298,76,Mar 20 2020 01: +0,1584666000
0.297,53,Mar 21 2020 01: +0,1584752400
0.309,65,Mar 22 2020 01: +0,1584838800
0.31,66,Mar 23 2020 01: +0,1584925200
0.303,46,Mar 24 2020 01: +0,1585011600
0.339,44,Mar 25 2020 01: +0,1585098000
0.334,57,Mar 26 2020 01: +0,1585184400
0.327,70,Mar 27 2020 01: +0,1585270800
0.328,48,Mar 28 2020 01: +0,1585357200
0.327,32,Mar 29 2020 01: +0,1585443600
0.325,74,Mar 30 2020 01: +0,1585526400
0.336,54,Mar 31 2020 01: +0,1585612800
0.324,79,Apr 01 2020 01: +0,1585699200
0.343,72,Apr 02 2020 01: +0,1585785600
0.36,70,Apr 03 2020 01: +0,1585872000
0.378,58,Apr 04 2020 01: +0,1585958400
0.379,64,Apr 05 2020 01: +0,1586044800
0.385,51,Apr 06 2020 01: +0,1586131200
0.382,48,Apr 07 2020 01: +0,1586217600
0.39,69,Apr 08 2020 01: +0,1586304000
0.387,39,Apr 09 2020 01: +0,1586390400
0.381,79,Apr 10 2020 01: +0,1586476800
0.388,85,Apr 11 2020 01: +0,1586563200
0.375,73,Apr 12 2020 01: +0,1586649600
0.37,103,Apr 13 2020 01: +0,1586736000
0.366,73,Apr 14 2020 01: +0,1586822400
0.359,92,Apr 15 2020 01: +0,1586908800
0.357,104,Apr 16 2020 01: +0,1586995200
0.344,127,Apr 17 2020 01: +0,1587081600
0.35,88,Apr 18 2020 01: +0,1587168000
0.337,93,Apr 19 2020 01: +0,1587254400
0.344,74,Apr 20 2020 01: +0,1587340800
0.353,83,Apr 21 2020 01: +0,1587427200
0.358,65,Apr 22 2020 01: +0,1587513600
0.358,49,Apr 23 2020 01: +0,1587600000
0.354,77,Apr 24 2020 01: +0,1587686400
0.36,61,Apr 25 2020 01: +0,1587772800
0.357,71,Apr 26 2020 01: +0,1587859200
0.365,67,Apr 27 2020 01: +0,1587945600
0.357,56,Apr 28 2020 01: +0,1588032000
0.355,61,Apr 29 2020 01: +0,1588118400
0.349,90,Apr 30 2020 01: +0,1588204800
0.337,75,May 01 2020 01: +0,1588291200
0.32,74,May 02 2020 01: +0,1588377600
0.334,82,May 03 2020 01: +0,1588464000
0.338,86,May 04 2020 01: +0,1588550400
0.326,73,May 05 2020 01: +0,1588636800
0.328,75,May 06 2020 01: +0,1588723200
0.339,81,May 07 2020 01: +0,1588809600
0.341,65,May 08 2020 01: +0,1588896000
0.337,94,May 09 2020 01: +0,1588982400
0.327,93,May 10 2020 01: +0,1589068800
0.336,78,May 11 2020 01: +0,1589155200
0.328,77,May 12 2020 01: +0,1589241600
0.335,76,May 13 2020 01: +0,1589328000
0.327,62,May 14 2020 01: +0,1589414400
0.336,64,May 15 2020 01: +0,1589500800
0.342,75,May 16 2020 01: +0,1589587200
0.338,112,May 17 2020 01: +0,1589673600
0.342,62,May 18 2020 01: +0,1589760000
0.344,45,May 19 2020 01: +0,1589846400
0.33,81,May 20 2020 01: +0,1589932800
0.339,71,May 21 2020 01: +0,1590019200
0.347,63,May 22 2020 01: +0,1590105600
0.341,65,May 23 2020 01: +0,1590192000
0.355,66,May 24 2020 01: +0,1590278400
0.35,56,May 25 2020 01: +0,1590364800
0.346,58,May 26 2020 01: +0,1590451200
0.324,62,May 27 2020 01: +0,1590537600
0.337,73,May 28 2020 01: +0,1590624000
0.347,88,May 29 2020 01: +0,1590710400
0.35,76,May 30 2020 01: +0,1590796800
0.348,55,May 31 2020 01: +0,1590883200
0.346,72,Jun 01 2020 01: +0,1590969600
0.352,73,Jun 02 2020 01: +0,1591056000
0.364,49,Jun 03 2020 01: +0,1591142400
0.363,68,Jun 04 2020 01: +0,1591228800
0.35,68,Jun 05 2020 01: +0,1591315200
0.332,73,Jun 06 2020 01: +0,1591401600
0.349,61,Jun 07 2020 01: +0,1591488000
0.336,68,Jun 08 2020 01: +0,1591574400
0.352,69,Jun 09 2020 01: +0,1591660800
0.349,66,Jun 10 2020 01: +0,1591747200
0.342,44,Jun 11 2020 01: +0,1591833600
0.335,55,Jun 12 2020 01: +0,1591920000
0.339,78,Jun 13 2020 01: +0,1592006400
0.364,51,Jun 14 2020 01: +0,1592092800
0.346,63,Jun 15 2020 01: +0,1592179200
0.34,62,Jun 16 2020 01: +0,1592265600
0.329,65,Jun 17 2020 01: +0,1592352000
0.327,82,Jun 18 2020 01: +0,1592438400
0.319,66,Jun 19 2020 01: +0,1592524800
0.317,57,Jun 20 2020 01: +0,1592611200
0.331,62,Jun 21 2020 01: +0,1592697600
0.321,47,Jun 22 2020 01: +0,1592784000
0.332,64,Jun 23 2020 01: +0,1592870400
0.337,48,Jun 24 2020 01: +0,1592956800
0.332,61,Jun 25 2020 01: +0,1593043200
0.341,56,Jun 26 2020 01: +0,1593129600
0.33,70,Jun 27 2020 01: +0,1593216000
0.322,63,Jun 28 2020 01: +0,1593302400
0.319,68,Jun 29 2020 01: +0,1593388800
0.315,67,Jun 30 2020 01: +0,1593475200
0.311,48,Jul 01 2020 01: +0,1593561600
0.319,62,Jul 02 2020 01: +0,1593648000
0.31,56,Jul 03 2020 01: +0,1593734400
0.309,68,Jul 04 2020 01: +0,1593820800
0.304,69,Jul 05 2020 01: +0,1593907200
0.297,64,Jul 06 2020 01: +0,1593993600
0.315,54,Jul 07 2020 01: +0,1594080000
0.296,77,Jul 08 2020 01: +0,1594166400
0.316,75,Jul 09 2020 01: +0,1594252800
0.314,73,Jul 10 2020 01: +0,1594339200
0.311,48,Jul 11 2020 01: +0,1594425600
0.305,81,Jul 12 2020 01: +0,1594512000
0.302,105,Jul 13 2020 01: +0,1594598400
0.307,99,Jul 14 2020 01: +0,1594684800
0.312,77,Jul 15 2020 01: +0,1594771200
0.302,81,Jul 16 2020 01: +0,1594857600
0.292,112,Jul 17 2020 01: +0,1594944000
0.309,83,Jul 18 2020 01: +0,1595030400
0.3,119,Jul 19 2020 01: +0,1595116800
0.291,114,Jul 20 2020 01: +0,1595203200
0.301,137,Jul 21 2020 01: +0,1595289600
0.332,332,Jul 22 2020 01: +0,1595376000
0.308,130,Jul 23 2020 01: +0,1595462400
0.295,180,Jul 24 2020 01: +0,1595548800
0.295,132,Jul 25 2020 01: +0,1595635200
0.293,202,Jul 26 2020 01: +0,1595721600
0.279,206,Jul 27 2020 01: +0,1595808000
0.278,197,Jul 28 2020 01: +0,1595894400
0.28,131,Jul 29 2020 01: +0,1595980800
0.285,171,Jul 30 2020 01: +0,1596067200
0.275,114,Jul 31 2020 01: +0,1596153600
0.271,168,Aug 01 2020 01: +0,1596240000
0.272,170,Aug 02 2020 01: +0,1596326400
0.255,156,Aug 03 2020 01: +0,1596412800
0.258,139,Aug 04 2020 01: +0,1596499200
0.266,102,Aug 05 2020 01: +0,1596585600
0.267,134,Aug 06 2020 01: +0,1596672000
0.265,132,Aug 07 2020 01: +0,1596758400
0.263,119,Aug 08 2020 01: +0,1596844800
0.27,123,Aug 09 2020 01: +0,1596931200
0.273,122,Aug 10 2020 01: +0,1597017600
0.281,112,Aug 11 2020 01: +0,1597104000
0.275,115,Aug 12 2020 01: +0,1597190400
0.274,97,Aug 13 2020 01: +0,1597276800
0.281,127,Aug 14 2020 01: +0,1597363200
0.276,100,Aug 15 2020 01: +0,1597449600
0.274,116,Aug 16 2020 01: +0,1597536000
0.264,85,Aug 17 2020 01: +0,1597622400
0.283,86,Aug 18 2020 01: +0,1597708800
0.279,81,Aug 19 2020 01: +0,1597795200
0.276,84,Aug 20 2020 01: +0,1597881600
0.277,85,Aug 21 2020 01: +0,1597968000
0.281,78,Aug 22 2020 01: +0,1598054400
0.272,90,Aug 23 2020 01: +0,1598140800
0.274,92,Aug 24 2020 01: +0,1598227200
0.277,86,Aug 25 2020 01: +0,1598313600
0.276,72,Aug 26 2020 01: +0,1598400000
0.277,93,Aug 27 2020 01: +0,1598486400
0.268,70,Aug 28 2020 01: +0,1598572800
0.273,83,Aug 29 2020 01: +0,1598659200
0.274,101,Aug 30 2020 01: +0,1598745600
0.281,79,Aug 31 2020 01: +0,1598832000
0.281,68,Sep 01 2020 01: +0,1598918400
0.282,65,Sep 02 2020 01: +0,1599004800
0.291,82,Sep 03 2020 01: +0,1599091200
0.272,77,Sep 04 2020 01: +0,1599177600
0.283,84,Sep 05 2020 01: +0,1599264000
0.283,77,Sep 06 2020 01: +0,1599350400
0.277,73,Sep 07 2020 01: +0,1599436800
0.271,70,Sep 08 2020 01: +0,1599523200
0.283,75,Sep 09 2020 01: +0,1599609600
0.276,63,Sep 10 2020 01: +0,1599696000
0.283,74,Sep 11 2020 01: +0,1599782400
0.285,79,Sep 12 2020 01: +0,1599868800
0.277,87,Sep 13 2020 01: +0,1599955200
0.278,76,Sep 14 2020 01: +0,1600041600
0.287,77,Sep 15 2020 01: +0,1600128000
0.285,90,Sep 16 2020 01: +0,1600214400
0.291,70,Sep 17 2020 01: +0,1600300800
0.286,64,Sep 18 2020 01: +0,1600387200
0.282,94,Sep 19 2020 01: +0,1600473600
0.28,76,Sep 20 2020 01: +0,1600560000
0.277,67,Sep 21 2020 01: +0,1600646400
0.285,49,Sep 22 2020 01: +0,1600732800
0.276,64,Sep 23 2020 01: +0,1600819200
0.278,96,Sep 24 2020 01: +0,1600905600
0.272,147,Sep 25 2020 01: +0,1600992000
0.271,91,Sep 26 2020 01: +0,1601078400
0.274,137,Sep 27 2020 01: +0,1601164800
0.263,101,Sep 28 2020 01: +0,1601251200
0.273,70,Sep 29 2020 01: +0,1601337600
0.275,70,Sep 30 2020 01: +0,1601424000
0.278,69,Oct 01 2020 01: +0,1601510400
0.274,79,Oct 02 2020 01: +0,1601596800
0.27,95,Oct 03 2020 01: +0,1601683200
0.264,102,Oct 04 2020 01: +0,1601769600
0.251,98,Oct 05 2020 01: +0,1601856000
0.265,78,Oct 06 2020 01: +0,1601942400
0.276,78,Oct 07 2020 01: +0,1602028800
0.263,77,Oct 08 2020 01: +0,1602115200
0.281,97,Oct 09 2020 01: +0,1602201600
0.277,74,Oct 10 2020 01: +0,1602288000
0.281,101,Oct 11 2020 01: +0,1602374400
0.285,96,Oct 12 2020 01: +0,1602460800
0.274,81,Oct 13 2020 01: +0,1602547200
0.269,68,Oct 14 2020 01: +0,1602633600
0.27,84,Oct 15 2020 01: +0,1602720000
0.281,71,Oct 16 2020 01: +0,1602806400
0.282,69,Oct 17 2020 01: +0,1602892800
0.274,71,Oct 18 2020 01: +0,1602979200
0.283,74,Oct 19 2020 01: +0,1603065600
0.281,52,Oct 20 2020 01: +0,1603152000
0.267,72,Oct 21 2020 01: +0,1603238400
0.29,57,Oct 22 2020 01: +0,1603324800
0.288,60,Oct 23 2020 01: +0,1603411200
0.283,66,Oct 24 2020 01: +0,1603497600
0.293,75,Oct 25 2020 01: +0,1603584000
0.289,69,Oct 26 2020 01: +0,1603674000
0.294,61,Oct 27 2020 01: +0,1603760400
0.297,54,Oct 28 2020 01: +0,1603846800
0.301,56,Oct 29 2020 01: +0,1603933200
0.275,78,Oct 30 2020 01: +0,1604019600
0.273,69,Oct 31 2020 01: +0,1604106000
0.284,84,Nov 01 2020 01: +0,1604192400
0.27,51,Nov 02 2020 01: +0,1604278800
0.284,75,Nov 03 2020 01: +0,1604365200
0.279,62,Nov 04 2020 01: +0,1604451600
0.285,77,Nov 05 2020 01: +0,1604538000
0.279,71,Nov 06 2020 01: +0,1604624400
0.288,80,Nov 07 2020 01: +0,1604710800
0.292,96,Nov 08 2020 01: +0,1604797200
0.295,83,Nov 09 2020 01: +0,1604883600
0.297,68,Nov 10 2020 01: +0,1604970000
0.297,64,Nov 11 2020 01: +0,1605056400
0.296,57,Nov 12 2020 01: +0,1605142800
0.291,82,Nov 13 2020 01: +0,1605229200
0.29,71,Nov 14 2020 01: +0,1605315600
0.282,61,Nov 15 2020 01: +0,1605402000
0.28,80,Nov 16 2020 01: +0,1605488400
0.28,96,Nov 17 2020 01: +0,1605574800
0.283,75,Nov 18 2020 01: +0,1605661200
0.292,90,Nov 19 2020 01: +0,1605747600
0.301,69,Nov 20 2020 01: +0,1605834000
0.29,84,Nov 21 2020 01: +0,1605920400
0.307,71,Nov 22 2020 01: +0,1606006800
0.311,69,Nov 23 2020 01: +0,1606093200
0.294,78,Nov 24 2020 01: +0,1606179600
0.295,74,Nov 25 2020 01: +0,1606266000
0.287,62,Nov 26 2020 01: +0,1606352400
0.291,64,Nov 27 2020 01: +0,1606438800
0.289,60,Nov 28 2020 01: +0,1606525200
0.293,62,Nov 29 2020 01: +0,1606611600
0.305,53,Nov 30 2020 01: +0,1606698000
0.3,78,Dec 01 2020 01: +0,1606784400
0.289,90,Dec 02 2020 01: +0,1606870800
0.289,85,Dec 03 2020 01: +0,1606957200
0.265,53,Dec 04 2020 01: +0,1607043600
0.275,57,Dec 05 2020 01: +0,1607130000
0.285,55,Dec 06 2020 01: +0,1607216400
0.288,61,Dec 07 2020 01: +0,1607302800
0.292,43,Dec 08 2020 01: +0,1607389200
0.3,43,Dec 09 2020 01: +0,1607475600
0.285,42,Dec 10 2020 01: +0,1607562000
0.31,39,Dec 11 2020 01: +0,1607648400
0.283,46,Dec 12 2020 01: +0,1607734800
0.293,65,Dec 13 2020 01: +0,1607821200
0.31,22,Dec 14 2020 01: +0,1607907600
0.289,46,Dec 15 2020 01: +0,1607994000
0.291,65,Dec 16 2020 01: +0,1608080400
0.282,45,Dec 17 2020 01: +0,1608166800
0.297,67,Dec 18 2020 01: +0,1608253200
0.293,47,Dec 19 2020 01: +0,1608339600
0.29,67,Dec 20 2020 01: +0,1608426000
0.299,51,Dec 21 2020 01: +0,1608512400
0.29,79,Dec 22 2020 01: +0,1608598800
0.285,57,Dec 23 2020 01: +0,1608685200
0.294,68,Dec 24 2020 01: +0,1608771600
0.285,75,Dec 25 2020 01: +0,1608858000
0.308,93,Dec 26 2020 01: +0,1608944400
0.314,47,Dec 27 2020 01: +0,1609030800
0.303,53,Dec 28 2020 01: +0,1609117200
0.316,90,Dec 29 2020 01: +0,1609203600
0.303,90,Dec 30 2020 01: +0,1609290000
0.309,67,Dec 31 2020 01: +0,1609376400
0.302,72,Jan 01 2021 01: +0,1609462800
0.308,77,Jan 02 2021 01: +0,1609549200
0.294,107,Jan 03 2021 01: +0,1609635600
0.29,80,Jan 04 2021 01: +0,1609722000
0.296,95,Jan 05 2021 01: +0,1609808400
0.294,93,Jan 06 2021 01: +0,1609894800
0.294,105,Jan 07 2021 01: +0,1609981200
0.294,99,Jan 08 2021 01: +0,1610067600
0.299,83,Jan 09 2021 01: +0,1610154000
0.299,85,Jan 10 2021 01: +0,1610240400
0.291,111,Jan 11 2021 01: +0,1610326800
0.294,120,Jan 12 2021 01: +0,1610413200
0.291,111,Jan 13 2021 01: +0,1610499600
0.294,86,Jan 14 2021 01: +0,1610586000
0.305,117,Jan 15 2021 01: +0,1610672400
0.323,139,Jan 16 2021 01: +0,1610758800
0.315,72,Jan 17 2021 01: +0,1610845200
0.302,87,Jan 18 2021 01: +0,1610931600
0.311,68,Jan 19 2021 01: +0,1611018000
0.302,120,Jan 20 2021 01: +0,1611104400
0.302,72,Jan 21 2021 01: +0,1611190800
0.308,98,Jan 22 2021 01: +0,1611277200
0.306,79,Jan 23 2021 01: +0,1611363600
0.308,74,Jan 24 2021 01: +0,1611450000
0.324,118,Jan 25 2021 01: +0,1611536400
0.346,72,Jan 26 2021 01: +0,1611622800
0.316,84,Jan 27 2021 01: +0,1611709200
0.285,101,Jan 28 2021 01: +0,1611795600
0.294,87,Jan 29 2021 01: +0,1611882000
0.291,62,Jan 30 2021 01: +0,1611968400
0.291,48,Jan 31 2021 01: +0,1612054800
0.326,48,Feb 01 2021 01: +0,1612141200
0.293,68,Feb 02 2021 01: +0,1612227600
0.308,62,Feb 03 2021 01: +0,1612314000
0.297,53,Feb 04 2021 01: +0,1612400400
0.305,50,Feb 05 2021 01: +0,1612486800
0.3,51,Feb 06 2021 01: +0,1612573200
0.288,121,Feb 07 2021 01: +0,1612659600
0.286,58,Feb 08 2021 01: +0,1612746000
0.29,36,Feb 09 2021 01: +0,1612832400
0.302,51,Feb 10 2021 01: +0,1612918800
0.308,53,Feb 11 2021 01: +0,1613005200
0.288,51,Feb 12 2021 01: +0,1613091600
0.292,48,Feb 13 2021 01: +0,1613178000
0.293,57,Feb 14 2021 01: +0,1613264400
0.294,47,Feb 15 2021 01: +0,1613350800
0.291,61,Feb 16 2021 01: +0,1613437200
0.283,56,Feb 17 2021 01: +0,1613523600
0.296,67,Feb 18 2021 01: +0,1613610000
0.284,57,Feb 19 2021 01: +0,1613696400
0.28,57,Feb 20 2021 01: +0,1613782800
0.295,57,Feb 21 2021 01: +0,1613869200
0.292,62,Feb 22 2021 01: +0,1613955600
0.28,73,Feb 23 2021 01: +0,1614042000
0.288,93,Feb 24 2021 01: +0,1614128400
0.285,110,Feb 25 2021 01: +0,1614214800
0.286,82,Feb 26 2021 01: +0,1614301200
0.281,82,Feb 27 2021 01: +0,1614387600
0.288,78,Feb 28 2021 01: +0,1614474000
0.293,63,Mar 01 2021 01: +0,1614560400
0.294,92,Mar 02 2021 01: +0,1614646800
0.292,80,Mar 03 2021 01: +0,1614733200
0.293,79,Mar 04 2021 01: +0,1614819600
0.29,235,Mar 05 2021 01: +0,1614906000
0.273,119,Mar 06 2021 01: +0,1614992400
0.283,105,Mar 07 2021 01: +0,1615078800
0.295,73,Mar 08 2021 01: +0,1615165200
0.295,70,Mar 09 2021 01: +0,1615251600
0.297,71,Mar 10 2021 01: +0,1615338000
0.303,82,Mar 11 2021 01: +0,1615424400
0.351,74,Mar 12 2021 01: +0,1615510800
0.301,77,Mar 13 2021 01: +0,1615597200
0.322,60,Mar 14 2021 01: +0,1615683600
0.316,85,Mar 15 2021 01: +0,1615770000
0.414,78,Mar 16 2021 01: +0,1615856400
0.372,97,Mar 17 2021 01: +0,1615942800
0.366,71,Mar 18 2021 01: +0,1616029200
0.331,121,Mar 19 2021 01: +0,1616115600
0.324,87,Mar 20 2021 01: +0,1616202000
0.311,85,Mar 21 2021 01: +0,1616288400
0.295,96,Mar 22 2021 01: +0,1616374800
0.294,78,Mar 23 2021 01: +0,1616461200
0.297,77,Mar 24 2021 01: +0,1616547600
0.286,67,Mar 25 2021 01: +0,1616634000
0.271,106,Mar 26 2021 01: +0,1616720400
0.271,126,Mar 27 2021 01: +0,1616806800
0.253,148,Mar 28 2021 01: +0,1616893200
0.256,216,Mar 29 2021 01: +0,1616976000
0.261,136,Mar 30 2021 01: +0,1617062400
0.256,167,Mar 31 2021 01: +0,1617148800
0.26,125,Apr 01 2021 01: +0,1617235200
0.26,146,Apr 02 2021 01: +0,1617321600
0.259,157,Apr 03 2021 01: +0,1617408000
0.258,113,Apr 04 2021 01: +0,1617494400
0.267,126,Apr 05 2021 01: +0,1617580800
0.26,86,Apr 06 2021 01: +0,1617667200
0.248,45,Apr 07 2021 01: +0,1617753600
0.24,54,Apr 08 2021 01: +0,1617840000
0.249,60,Apr 09 2021 01: +0,1617926400
0.252,50,Apr 10 2021 01: +0,1618012800
0.234,31,Apr 11 2021 01: +0,1618099200
0.244,30,Apr 12 2021 01: +0,1618185600
0.262,203,Apr 13 2021 01: +0,1618272000
0.292,252,Apr 14 2021 01: +0,1618358400
0.371,137,Apr 15 2021 01: +0,1618444800
0.936,92,Apr 16 2021 01: +0,1618531200
0.99,42,Apr 17 2021 01: +0,1618617600
0.917,34,Apr 18 2021 01: +0,1618704000
0.998,58,Apr 19 2021 01: +0,1618790400
1.118,37,Apr 20 2021 01: +0,1618876800
1.125,49,Apr 21 2021 01: +0,1618963200
0.833,94,Apr 22 2021 01: +0,1619049600
0.484,50,Apr 23 2021 01: +0,1619136000
0.534,67,Apr 24 2021 01: +0,1619222400
0.556,25,Apr 25 2021 01: +0,1619308800
0.578,68,Apr 26 2021 01: +0,1619395200
0.597,46,Apr 27 2021 01: +0,1619481600
0.632,41,Apr 28 2021 01: +0,1619568000
0.644,35,Apr 29 2021 01: +0,1619654400
0.649,42,Apr 30 2021 01: +0,1619740800
0.563,29,May 01 2021 01: +0,1619827200
0.55,44,May 02 2021 01: +0,1619913600
0.572,33,May 03 2021 01: +0,1620000000
0.553,54,May 04 2021 01: +0,1620086400
0.556,62,May 05 2021 01: +0,1620172800
0.558,64,May 06 2021 01: +0,1620259200
0.564,86,May 07 2021 01: +0,1620345600
0.568,87,May 08 2021 01: +0,1620432000
0.576,92,May 09 2021 01: +0,1620518400
0.556,69,May 10 2021 01: +0,1620604800
0.548,89,May 11 2021 01: +0,1620691200
0.529,101,May 12 2021 01: +0,1620777600
0.525,83,May 13 2021 01: +0,1620864000
0.492,115,May 14 2021 01: +0,1620950400
0.466,85,May 15 2021 01: +0,1621036800
0.463,76,May 16 2021 01: +0,1621123200
0.464,60,May 17 2021 01: +0,1621209600
0.469,110,May 18 2021 01: +0,1621296000
0.475,91,May 19 2021 01: +0,1621382400
0.477,126,May 20 2021 01: +0,1621468800
0.48,103,May 21 2021 01: +0,1621555200
0.481,116,May 22 2021 01: +0,1621641600
0.461,138,May 23 2021 01: +0,1621728000
0.435,79,May 24 2021 01: +0,1621814400
0.43,64,May 25 2021 01: +0,1621900800
0.418,57,May 26 2021 01: +0,1621987200
0.387,86,May 27 2021 01: +0,1622073600
0.383,80,May 28 2021 01: +0,1622160000
0.374,77,May 29 2021 01: +0,1622246400
0.361,120,May 30 2021 01: +0,1622332800
0.372,76,May 31 2021 01: +0,1622419200
0.36,58,Jun 01 2021 01: +0,1622505600
0.354,98,Jun 02 2021 01: +0,1622592000
0.367,80,Jun 03 2021 01: +0,1622678400
0.379,84,Jun 04 2021 01: +0,1622764800
0.385,170,Jun 05 2021 01: +0,1622851200
0.421,113,Jun 06 2021 01: +0,1622937600
0.407,88,Jun 07 2021 01: +0,1623024000
0.387,51,Jun 08 2021 01: +0,1623110400
0.365,66,Jun 09 2021 01: +0,1623196800
0.355,103,Jun 10 2021 01: +0,1623283200
0.372,81,Jun 11 2021 01: +0,1623369600
0.358,62,Jun 12 2021 01: +0,1623456000
0.364,70,Jun 13 2021 01: +0,1623542400
0.363,45,Jun 14 2021 01: +0,1623628800
0.349,68,Jun 15 2021 01: +0,1623715200
0.338,74,Jun 16 2021 01: +0,1623801600
0.329,106,Jun 17 2021 01: +0,1623888000
0.329,80,Jun 18 2021 01: +0,1623974400
0.332,102,Jun 19 2021 01: +0,1624060800
0.338,87,Jun 20 2021 01: +0,1624147200
0.316,80,Jun 21 2021 01: +0,1624233600
0.298,67,Jun 22 2021 01: +0,1624320000
0.305,87,Jun 23 2021 01: +0,1624406400
0.296,59,Jun 24 2021 01: +0,1624492800
0.29,53,Jun 25 2021 01: +0,1624579200
0.271,127,Jun 26 2021 01: +0,1624665600
0.292,50,Jun 27 2021 01: +0,1624752000
0.283,52,Jun 28 2021 01: +0,1624838400
0.279,58,Jun 29 2021 01: +0,1624924800
0.276,53,Jun 30 2021 01: +0,1625011200
0.277,53,Jul 01 2021 01: +0,1625097600
0.274,64,Jul 02 2021 01: +0,1625184000
0.263,50,Jul 03 2021 01: +0,1625270400
0.244,58,Jul 04 2021 01: +0,1625356800
0.261,47,Jul 05 2021 01: +0,1625443200
0.266,84,Jul 06 2021 01: +0,1625529600
0.261,39,Jul 07 2021 01: +0,1625616000
0.271,64,Jul 08 2021 01: +0,1625702400
0.273,38,Jul 09 2021 01: +0,1625788800
0.273,62,Jul 10 2021 01: +0,1625875200
0.3,78,Jul 11 2021 01: +0,1625961600
0.261,284,Jul 12 2021 01: +0,1626048000
0.247,65,Jul 13 2021 01: +0,1626134400
0.242,70,Jul 14 2021 01: +0,1626220800
0.248,88,Jul 15 2021 01: +0,1626307200
0.261,60,Jul 16 2021 01: +0,1626393600
0.257,51,Jul 17 2021 01: +0,1626480000
0.248,93,Jul 18 2021 01: +0,1626566400
0.249,51,Jul 19 2021 01: +0,1626652800
0.253,48,Jul 20 2021 01: +0,1626739200
0.241,61,Jul 21 2021 01: +0,1626825600
0.248,58,Jul 22 2021 01: +0,1626912000
0.249,54,Jul 23 2021 01: +0,1626998400
0.245,60,Jul 24 2021 01: +0,1627084800
0.236,55,Jul 25 2021 01: +0,1627171200
0.225,53,Jul 26 2021 01: +0,1627257600
0.225,35,Jul 27 2021 01: +0,1627344000
0.228,47,Jul 28 2021 01: +0,1627430400
0.214,70,Jul 29 2021 01: +0,1627516800
0.209,67,Jul 30 2021 01: +0,1627603200
0.203,77,Jul 31 2021 01: +0,1627689600
0.21,66,Aug 01 2021 01: +0,1627776000
0.219,77,Aug 02 2021 01: +0,1627862400
0.216,107,Aug 03 2021 01: +0,1627948800
0.219,64,Aug 04 2021 01: +0,1628035200
0.224,67,Aug 05 2021 01: +0,1628121600
0.215,163,Aug 06 2021 01: +0,1628208000
0.205,77,Aug 07 2021 01: +0,1628294400
0.209,69,Aug 08 2021 01: +0,1628380800
0.223,87,Aug 09 2021 01: +0,1628467200
0.235,53,Aug 10 2021 01: +0,1628553600
0.217,87,Aug 11 2021 01: +0,1628640000
0.213,63,Aug 12 2021 01: +0,1628726400
0.214,73,Aug 13 2021 01: +0,1628812800
0.22,58,Aug 14 2021 01: +0,1628899200
0.214,69,Aug 15 2021 01: +0,1628985600
0.215,54,Aug 16 2021 01: +0,1629072000
0.207,49,Aug 17 2021 01: +0,1629158400
0.206,40,Aug 18 2021 01: +0,1629244800
0.207,48,Aug 19 2021 01: +0,1629331200
0.212,65,Aug 20 2021 01: +0,1629417600
0.221,60,Aug 21 2021 01: +0,1629504000
0.217,62,Aug 22 2021 01: +0,1629590400
0.231,39,Aug 23 2021 01: +0,1629676800
0.243,52,Aug 24 2021 01: +0,1629763200
0.241,43,Aug 25 2021 01: +0,1629849600
0.235,57,Aug 26 2021 01: +0,1629936000
0.235,58,Aug 27 2021 01: +0,1630022400
0.243,32,Aug 28 2021 01: +0,1630108800
0.238,50,Aug 29 2021 01: +0,1630195200
0.237,41,Aug 30 2021 01: +0,1630281600
0.244,38,Aug 31 2021 01: +0,1630368000
0.247,59,Sep 01 2021 01: +0,1630454400
0.241,60,Sep 02 2021 01: +0,1630540800
0.252,54,Sep 03 2021 01: +0,1630627200
0.269,82,Sep 04 2021 01: +0,1630713600
0.289,73,Sep 05 2021 01: +0,1630800000
0.326,76,Sep 06 2021 01: +0,1630886400
0.302,86,Sep 07 2021 01: +0,1630972800
0.285,105,Sep 08 2021 01: +0,1631059200
0.308,76,Sep 09 2021 01: +0,1631145600
0.304,75,Sep 10 2021 01: +0,1631232000
0.285,67,Sep 11 2021 01: +0,1631318400
0.284,62,Sep 12 2021 01: +0,1631404800
0.295,47,Sep 13 2021 01: +0,1631491200
0.297,31,Sep 14 2021 01: +0,1631577600
0.285,29,Sep 15 2021 01: +0,1631664000
0.255,81,Sep 16 2021 01: +0,1631750400
0.238,40,Sep 17 2021 01: +0,1631836800
0.237,57,Sep 18 2021 01: +0,1631923200
0.227,59,Sep 19 2021 01: +0,1632009600
0.221,47,Sep 20 2021 01: +0,1632096000
0.215,42,Sep 21 2021 01: +0,1632182400
0.202,51,Sep 22 2021 01: +0,1632268800
0.188,44,Sep 23 2021 01: +0,1632355200
0.18,22,Sep 24 2021 01: +0,1632441600
0.174,41,Sep 25 2021 01: +0,1632528000
0.165,41,Sep 26 2021 01: +0,1632614400
0.167,29,Sep 27 2021 01: +0,1632700800
0.182,29,Sep 28 2021 01: +0,1632787200
0.165,36,Sep 29 2021 01: +0,1632873600
0.181,34,Sep 30 2021 01: +0,1632960000
0.183,30,Oct 01 2021 01: +0,1633046400
0.188,51,Oct 02 2021 01: +0,1633132800
0.174,45,Oct 03 2021 01: +0,1633219200
0.174,39,Oct 04 2021 01: +0,1633305600
0.18,45,Oct 05 2021 01: +0,1633392000
0.168,42,Oct 06 2021 01: +0,1633478400
0.181,50,Oct 07 2021 01: +0,1633564800
0.189,67,Oct 08 2021 01: +0,1633651200
0.203,95,Oct 09 2021 01: +0,1633737600
0.21,44,Oct 10 2021 01: +0,1633824000
0.191,46,Oct 11 2021 01: +0,1633910400
0.196,42,Oct 12 2021 01: +0,1633996800
0.211,40,Oct 13 2021 01: +0,1634083200
0.199,57,Oct 14 2021 01: +0,1634169600
0.231,54,Oct 15 2021 01: +0,1634256000
0.244,30,Oct 16 2021 01: +0,1634342400
0.249,35,Oct 17 2021 01: +0,1634428800
0.225,40,Oct 18 2021 01: +0,1634515200
0.224,42,Oct 19 2021 01: +0,1634601600
0.233,39,Oct 20 2021 01: +0,1634688000
0.215,40,Oct 21 2021 01: +0,1634774400
0.219,41,Oct 22 2021 01: +0,1634860800
0.21,19,Oct 23 2021 01: +0,1634947200
0.213,25,Oct 24 2021 01: +0,1635033600
0.197,25,Oct 25 2021 01: +0,1635120000
0.196,25,Oct 26 2021 01: +0,1635206400
0.182,34,Oct 27 2021 01: +0,1635292800
0.184,32,Oct 28 2021 01: +0,1635379200
0.183,36,Oct 29 2021 01: +0,1635465600
0.18,19,Oct 30 2021 01: +0,1635552000
0.184,33,Oct 31 2021 01: +0,1635638400
0.191,36,Nov 01 2021 01: +0,1635728400
0.18,24,Nov 02 2021 01: +0,1635814800
0.17,42,Nov 03 2021 01: +0,1635901200
0.182,25,Nov 04 2021 01: +0,1635987600
0.186,34,Nov 05 2021 01: +0,1636074000
0.18,41,Nov 06 2021 01: +0,1636160400
0.187,51,Nov 07 2021 01: +0,1636246800
0.174,37,Nov 08 2021 01: +0,1636333200
0.164,28,Nov 09 2021 01: +0,1636419600
0.154,44,Nov 10 2021 01: +0,1636506000
0.17,46,Nov 11 2021 01: +0,1636592400
0.163,37,Nov 12 2021 01: +0,1636678800
0.178,38,Nov 13 2021 01: +0,1636765200
0.179,35,Nov 14 2021 01: +0,1636851600
0.173,32,Nov 15 2021 01: +0,1636938000
0.167,40,Nov 16 2021 01: +0,1637024400
0.173,53,Nov 17 2021 01: +0,1637110800
0.17,46,Nov 18 2021 01: +0,1637197200
0.173,35,Nov 19 2021 01: +0,1637283600
0.172,64,Nov 20 2021 01: +0,1637370000
0.164,44,Nov 21 2021 01: +0,1637456400
0.165,47,Nov 22 2021 01: +0,1637542800
0.168,79,Nov 23 2021 01: +0,1637629200
0.163,59,Nov 24 2021 01: +0,1637715600
0.152,114,Nov 25 2021 01: +0,1637802000
0.131,93,Nov 26 2021 01: +0,1637888400
0.125,109,Nov 27 2021 01: +0,1637974800
0.127,105,Nov 28 2021 01: +0,1638061200
0.131,77,Nov 29 2021 01: +0,1638147600
0.135,55,Nov 30 2021 01: +0,1638234000
0.124,86,Dec 01 2021 01: +0,1638320400
0.114,71,Dec 02 2021 01: +0,1638406800
0.125,34,Dec 03 2021 01: +0,1638493200
0.129,42,Dec 04 2021 01: +0,1638579600
0.127,59,Dec 05 2021 01: +0,1638666000
0.138,51,Dec 06 2021 01: +0,1638752400
0.138,40,Dec 07 2021 01: +0,1638838800
0.134,64,Dec 08 2021 01: +0,1638925200
0.139,66,Dec 09 2021 01: +0,1639011600
0.153,30,Dec 10 2021 01: +0,1639098000
0.16,36,Dec 11 2021 01: +0,1639184400
0.142,35,Dec 12 2021 01: +0,1639270800
0.149,40,Dec 13 2021 01: +0,1639357200
0.14,22,Dec 14 2021 01: +0,1639443600
0.136,48,Dec 15 2021 01: +0,1639530000
0.139,38,Dec 16 2021 01: +0,1639616400
0.141,62,Dec 17 2021 01: +0,1639702800
0.124,88,Dec 18 2021 01: +0,1639789200
0.106,78,Dec 19 2021 01: +0,1639875600
0.102,93,Dec 20 2021 01: +0,1639962000
0.114,87,Dec 21 2021 01: +0,1640048400
0.129,56,Dec 22 2021 01: +0,1640134800
0.138,40,Dec 23 2021 01: +0,1640221200
0.137,40,Dec 24 2021 01: +0,1640307600
0.144,68,Dec 25 2021 01: +0,1640394000
0.15,87,Dec 26 2021 01: +0,1640480400
0.151,44,Dec 27 2021 01: +0,1640566800
0.159,53,Dec 28 2021 01: +0,1640653200
0.164,53,Dec 29 2021 01: +0,1640739600
0.161,53,Dec 30 2021 01: +0,1640826000
0.165,52,Dec 31 2021 01: +0,1640912400
0.149,46,Jan 01 2022 01: +0,1640998800
0.154,57,Jan 02 2022 01: +0,1641085200
0.156,35,Jan 03 2022 01: +0,1641171600
0.154,45,Jan 04 2022 01: +0,1641258000
0.15,42,Jan 05 2022 01: +0,1641344400
0.155,53,Jan 06 2022 01: +0,1641430800
0.147,53,Jan 07 2022 01: +0,1641517200
0.155,59,Jan 08 2022 01: +0,1641603600
0.152,43,Jan 09 2022 01: +0,1641690000
0.16,51,Jan 10 2022 01: +0,1641776400
0.161,56,Jan 11 2022 01: +0,1641862800
0.159,79,Jan 12 2022 01: +0,1641949200
0.161,129,Jan 13 2022 01: +0,1642035600
0.171,168,Jan 14 2022 01: +0,1642122000
0.171,101,Jan 15 2022 01: +0,1642208400
0.168,60,Jan 16 2022 01: +0,1642294800
0.156,63,Jan 17 2022 01: +0,1642381200
0.163,42,Jan 18 2022 01: +0,1642467600
0.158,62,Jan 19 2022 01: +0,1642554000
0.156,59,Jan 20 2022 01: +0,1642640400
0.147,81,Jan 21 2022 01: +0,1642726800
0.14,75,Jan 22 2022 01: +0,1642813200
0.144,133,Jan 23 2022 01: +0,1642899600
0.142,78,Jan 24 2022 01: +0,1642986000
0.132,93,Jan 25 2022 01: +0,1643072400
0.138,77,Jan 26 2022 01: +0,1643158800
0.135,84,Jan 27 2022 01: +0,1643245200
0.137,68,Jan 28 2022 01: +0,1643331600
0.138,101,Jan 29 2022 01: +0,1643418000
0.127,80,Jan 30 2022 01: +0,1643504400
0.125,70,Jan 31 2022 01: +0,1643590800
0.122,58,Feb 01 2022 01: +0,1643677200
0.136,195,Feb 02 2022 01: +0,1643763600
0.154,89,Feb 03 2022 01: +0,1643850000
0.146,44,Feb 04 2022 01: +0,1643936400
0.156,63,Feb 05 2022 01: +0,1644022800
0.165,83,Feb 06 2022 01: +0,1644109200
0.161,52,Feb 07 2022 01: +0,1644195600
0.157,52,Feb 08 2022 01: +0,1644282000
0.154,45,Feb 09 2022 01: +0,1644368400
0.161,49,Feb 10 2022 01: +0,1644454800
0.165,84,Feb 11 2022 01: +0,1644541200
0.168,88,Feb 12 2022 01: +0,1644627600
0.177,61,Feb 13 2022 01: +0,1644714000
0.167,47,Feb 14 2022 01: +0,1644800400
0.261,126,Feb 15 2022 01: +0,1644886800
0.218,220,Feb 16 2022 01: +0,1644973200
0.178,135,Feb 17 2022 01: +0,1645059600
0.182,77,Feb 18 2022 01: +0,1645146000
0.187,71,Feb 19 2022 01: +0,1645232400
0.181,44,Feb 20 2022 01: +0,1645318800
0.193,42,Feb 21 2022 01: +0,1645405200
0.19,81,Feb 22 2022 01: +0,1645491600
0.187,59,Feb 23 2022 01: +0,1645578000
0.181,58,Feb 24 2022 01: +0,1645664400
0.17,68,Feb 25 2022 01: +0,1645750800
0.165,58,Feb 26 2022 01: +0,1645837200
0.17,77,Feb 27 2022 01: +0,1645923600
0.155,58,Feb 28 2022 01: +0,1646010000
0.153,55,Mar 01 2022 01: +0,1646096400
0.169,47,Mar 02 2022 01: +0,1646182800
0.172,32,Mar 03 2022 01: +0,1646269200
0.175,81,Mar 04 2022 01: +0,1646355600
0.181,55,Mar 05 2022 01: +0,1646442000
0.19,63,Mar 06 2022 01: +0,1646528400
0.195,66,Mar 07 2022 01: +0,1646614800
0.165,281,Mar 08 2022 01: +0,1646701200
0.147,81,Mar 09 2022 01: +0,1646787600
0.179,65,Mar 10 2022 01: +0,1646874000
0.195,55,Mar 11 2022 01: +0,1646960400
0.185,62,Mar 12 2022 01: +0,1647046800
0.187,62,Mar 13 2022 01: +0,1647133200
0.169,26,Mar 14 2022 01: +0,1647219600
0.179,30,Mar 15 2022 01: +0,1647306000
0.186,41,Mar 16 2022 01: +0,1647392400
0.178,40,Mar 17 2022 01: +0,1647478800
0.178,41,Mar 18 2022 01: +0,1647565200
0.177,61,Mar 19 2022 01: +0,1647651600
0.183,30,Mar 20 2022 01: +0,1647738000
0.188,58,Mar 21 2022 01: +0,1647824400
0.19,39,Mar 22 2022 01: +0,1647910800
0.186,54,Mar 23 2022 01: +0,1647997200
0.217,38,Mar 24 2022 01: +0,1648083600
0.255,25,Mar 25 2022 01: +0,1648170000
0.254,27,Mar 26 2022 01: +0,1648256400
0.256,41,Mar 27 2022 01: +0,1648342800
0.259,46,Mar 28 2022 01: +0,1648425600
0.242,37,Mar 29 2022 01: +0,1648512000
0.257,24,Mar 30 2022 01: +0,1648598400
0.254,35,Mar 31 2022 01: +0,1648684800
0.246,44,Apr 01 2022 01: +0,1648771200
0.255,76,Apr 02 2022 01: +0,1648857600
0.271,81,Apr 03 2022 01: +0,1648944000
0.259,39,Apr 04 2022 01: +0,1649030400
0.245,65,Apr 05 2022 01: +0,1649116800
0.257,52,Apr 06 2022 01: +0,1649203200
0.26,87,Apr 07 2022 01: +0,1649289600
0.261,53,Apr 08 2022 01: +0,1649376000
0.267,58,Apr 09 2022 01: +0,1649462400
0.262,71,Apr 10 2022 01: +0,1649548800
0.251,59,Apr 11 2022 01: +0,1649635200
0.264,57,Apr 12 2022 01: +0,1649721600
0.263,80,Apr 13 2022 01: +0,1649808000
0.241,39,Apr 14 2022 01: +0,1649894400
0.228,41,Apr 15 2022 01: +0,1649980800
0.241,67,Apr 16 2022 01: +0,1650067200
0.243,43,Apr 17 2022 01: +0,1650153600
0.223,41,Apr 18 2022 01: +0,1650240000
0.21,77,Apr 19 2022 01: +0,1650326400
0.198,66,Apr 20 2022 01: +0,1650412800
0.166,25,Apr 21 2022 01: +0,1650499200
0.191,41,Apr 22 2022 01: +0,1650585600
0.191,51,Apr 23 2022 01: +0,1650672000
0.191,62,Apr 24 2022 01: +0,1650758400
0.178,42,Apr 25 2022 01: +0,1650844800
0.187,48,Apr 26 2022 01: +0,1650931200
0.199,53,Apr 27 2022 01: +0,1651017600
0.198,43,Apr 28 2022 01: +0,1651104000
0.195,55,Apr 29 2022 01: +0,1651190400
0.199,66,Apr 30 2022 01: +0,1651276800
0.202,68,May 01 2022 01: +0,1651363200
0.21,28,May 02 2022 01: +0,1651449600
0.211,43,May 03 2022 01: +0,1651536000
0.188,54,May 04 2022 01: +0,1651622400
0.195,19,May 05 2022 01: +0,1651708800
0.18,39,May 06 2022 01: +0,1651795200
0.187,42,May 07 2022 01: +0,1651881600
0.169,74,May 08 2022 01: +0,1651968000
0.173,48,May 09 2022 01: +0,1652054400
0.199,43,May 10 2022 01: +0,1652140800
0.179,23,May 11 2022 01: +0,1652227200
0.172,24,May 12 2022 01: +0,1652313600
0.172,47,May 13 2022 01: +0,1652400000
0.162,42,May 14 2022 01: +0,1652486400
0.177,29,May 15 2022 01: +0,1652572800
0.182,21,May 16 2022 01: +0,1652659200
0.173,27,May 17 2022 01: +0,1652745600
0.182,37,May 18 2022 01: +0,1652832000
0.174,46,May 19 2022 01: +0,1652918400
0.189,30,May 20 2022 01: +0,1653004800
0.187,29,May 21 2022 01: +0,1653091200
0.187,43,May 22 2022 01: +0,1653177600
0.189,35,May 23 2022 01: +0,1653264000
0.176,28,May 24 2022 01: +0,1653350400
0.17,23,May 25 2022 01: +0,1653436800
0.18,31,May 26 2022 01: +0,1653523200
0.186,42,May 27 2022 01: +0,1653609600
0.19,38,May 28 2022 01: +0,1653696000
0.187,38,May 29 2022 01: +0,1653782400
0.195,32,May 30 2022 01: +0,1653868800
0.174,43,May 31 2022 01: +0,1653955200
0.18,44,Jun 01 2022 01: +0,1654041600
0.201,44,Jun 02 2022 01: +0,1654128000
0.18,49,Jun 03 2022 01: +0,1654214400
0.186,53,Jun 04 2022 01: +0,1654300800
0.209,32,Jun 05 2022 01: +0,1654387200
0.22,25,Jun 06 2022 01: +0,1654473600
0.222,28,Jun 07 2022 01: +0,1654560000
0.216,41,Jun 08 2022 01: +0,1654646400
0.198,21,Jun 09 2022 01: +0,1654732800
0.222,26,Jun 10 2022 01: +0,1654819200
0.204,31,Jun 11 2022 01: +0,1654905600
0.219,36,Jun 12 2022 01: +0,1654992000
0.205,29,Jun 13 2022 01: +0,1655078400
0.203,23,Jun 14 2022 01: +0,1655164800
0.221,33,Jun 15 2022 01: +0,1655251200
0.217,33,Jun 16 2022 01: +0,1655337600
0.218,28,Jun 17 2022 01: +0,1655424000
0.207,27,Jun 18 2022 01: +0,1655510400
0.209,23,Jun 19 2022 01: +0,1655596800
0.233,26,Jun 20 2022 01: +0,1655683200
0.226,47,Jun 21 2022 01: +0,1655769600
0.254,26,Jun 22 2022 01: +0,1655856000
0.226,17,Jun 23 2022 01: +0,1655942400
0.246,41,Jun 24 2022 01: +0,1656028800
0.231,25,Jun 25 2022 01: +0,1656115200
0.24,20,Jun 26 2022 01: +0,1656201600
0.223,27,Jun 27 2022 01: +0,1656288000
0.209,28,Jun 28 2022 01: +0,1656374400
0.205,27,Jun 29 2022 01: +0,1656460800
0.194,17,Jun 30 2022 01: +0,1656547200
0.186,45,Jul 01 2022 01: +0,1656633600
0.17,38,Jul 02 2022 01: +0,1656720000
0.17,34,Jul 03 2022 01: +0,1656806400
0.179,31,Jul 04 2022 01: +0,1656892800
0.184,35,Jul 05 2022 01: +0,1656979200
0.178,49,Jul 06 2022 01: +0,1657065600
0.193,33,Jul 07 2022 01: +0,1657152000
0.206,40,Jul 08 2022 01: +0,1657238400
0.179,54,Jul 09 2022 01: +0,1657324800
0.19,49,Jul 10 2022 01: +0,1657411200
0.203,59,Jul 11 2022 01: +0,1657497600
0.219,125,Jul 12 2022 01: +0,1657584000
0.22,20,Jul 13 2022 01: +0,1657670400
0.202,68,Jul 14 2022 01: +0,1657756800
0.222,35,Jul 15 2022 01: +0,1657843200
0.189,84,Jul 16 2022 01: +0,1657929600
0.181,85,Jul 17 2022 01: +0,1658016000
0.18,62,Jul 18 2022 01: +0,1658102400
0.181,51,Jul 19 2022 01: +0,1658188800
0.186,34,Jul 20 2022 01: +0,1658275200
0.168,87,Jul 21 2022 01: +0,1658361600
0.169,55,Jul 22 2022 01: +0,1658448000
0.171,46,Jul 23 2022 01: +0,1658534400
0.173,51,Jul 24 2022 01: +0,1658620800
0.189,47,Jul 25 2022 01: +0,1658707200
0.183,42,Jul 26 2022 01: +0,1658793600
0.183,47,Jul 27 2022 01: +0,1658880000
0.18,39,Jul 28 2022 01: +0,1658966400
0.184,43,Jul 29 2022 01: +0,1659052800
0.17,62,Jul 30 2022 01: +0,1659139200
0.181,70,Jul 31 2022 01: +0,1659225600
0.181,49,Aug 01 2022 01: +0,1659312000
0.187,45,Aug 02 2022 01: +0,1659398400
0.185,56,Aug 03 2022 01: +0,1659484800
0.196,52,Aug 04 2022 01: +0,1659571200
0.189,40,Aug 05 2022 01: +0,1659657600
0.183,40,Aug 06 2022 01: +0,1659744000
0.18,42,Aug 07 2022 01: +0,1659830400
0.189,50,Aug 08 2022 01: +0,1659916800
0.173,44,Aug 09 2022 01: +0,1660003200
0.187,74,Aug 10 2022 01: +0,1660089600
0.176,86,Aug 11 2022 01: +0,1660176000
0.161,87,Aug 12 2022 01: +0,1660262400
0.175,126,Aug 13 2022 01: +0,1660348800
0.171,120,Aug 14 2022 01: +0,1660435200
0.161,100,Aug 15 2022 01: +0,1660521600
0.171,99,Aug 16 2022 01: +0,1660608000
0.168,136,Aug 17 2022 01: +0,1660694400
0.167,74,Aug 18 2022 01: +0,1660780800
0.167,64,Aug 19 2022 01: +0,1660867200
0.18,64,Aug 20 2022 01: +0,1660953600
0.174,51,Aug 21 2022 01: +0,1661040000
0.177,45,Aug 22 2022 01: +0,1661126400
0.164,56,Aug 23 2022 01: +0,1661212800
0.176,70,Aug 24 2022 01: +0,1661299200
0.176,55,Aug 25 2022 01: +0,1661385600
0.174,32,Aug 26 2022 01: +0,1661472000
0.171,40,Aug 27 2022 01: +0,1661558400
0.183,23,Aug 28 2022 01: +0,1661644800
0.178,28,Aug 29 2022 01: +0,1661731200
0.166,38,Aug 30 2022 01: +0,1661817600
0.175,61,Aug 31 2022 01: +0,1661904000
0.168,17,Sep 01 2022 01: +0,1661990400
0.163,32,Sep 02 2022 01: +0,1662076800
0.172,36,Sep 03 2022 01: +0,1662163200
0.172,44,Sep 04 2022 01: +0,1662249600
0.168,31,Sep 05 2022 01: +0,1662336000
0.154,64,Sep 06 2022 01: +0,1662422400
0.169,59,Sep 07 2022 01: +0,1662508800
0.169,45,Sep 08 2022 01: +0,1662595200
0.166,46,Sep 09 2022 01: +0,1662681600
0.162,41,Sep 10 2022 01: +0,1662768000
0.156,44,Sep 11 2022 01: +0,1662854400
0.163,46,Sep 12 2022 01: +0,1662940800
0.165,47,Sep 13 2022 01: +0,1663027200
0.164,51,Sep 14 2022 01: +0,1663113600
0.167,44,Sep 15 2022 01: +0,1663200000
0.156,40,Sep 16 2022 01: +0,1663286400
0.161,40,Sep 17 2022 01: +0,1663372800
0.161,52,Sep 18 2022 01: +0,1663459200
0.163,71,Sep 19 2022 01: +0,1663545600
0.174,55,Sep 20 2022 01: +0,1663632000
0.173,36,Sep 21 2022 01: +0,1663718400
0.174,36,Sep 22 2022 01: +0,1663804800
0.172,27,Sep 23 2022 01: +0,1663891200
0.185,47,Sep 24 2022 01: +0,1663977600
0.182,37,Sep 25 2022 01: +0,1664064000
0.24,106,Sep 26 2022 01: +0,1664150400
0.223,47,Sep 27 2022 01: +0,1664236800
0.241,29,Sep 28 2022 01: +0,1664323200
0.217,54,Sep 29 2022 01: +0,1664409600
0.186,39,Sep 30 2022 01: +0,1664496000
0.169,30,Oct 01 2022 01: +0,1664582400
0.171,46,Oct 02 2022 01: +0,1664668800
0.175,78,Oct 03 2022 01: +0,1664755200
0.179,57,Oct 04 2022 01: +0,1664841600
0.166,113,Oct 05 2022 01: +0,1664928000
0.164,56,Oct 06 2022 01: +0,1665014400
0.168,46,Oct 07 2022 01: +0,1665100800
0.152,65,Oct 08 2022 01: +0,1665187200
0.155,57,Oct 09 2022 01: +0,1665273600
0.166,36,Oct 10 2022 01: +0,1665360000
0.161,55,Oct 11 2022 01: +0,1665446400
0.152,66,Oct 12 2022 01: +0,1665532800
0.155,44,Oct 13 2022 01: +0,1665619200
0.145,57,Oct 14 2022 01: +0,1665705600
0.157,155,Oct 15 2022 01: +0,1665792000
0.178,235,Oct 16 2022 01: +0,1665878400
0.203,62,Oct 17 2022 01: +0,1665964800
0.232,100,Oct 18 2022 01: +0,1666051200
0.27,52,Oct 19 2022 01: +0,1666137600
0.278,53,Oct 20 2022 01: +0,1666224000
0.25,44,Oct 21 2022 01: +0,1666310400
0.216,56,Oct 22 2022 01: +0,1666396800
0.21,44,Oct 23 2022 01: +0,1666483200
0.208,87,Oct 24 2022 01: +0,1666569600
0.19,31,Oct 25 2022 01: +0,1666656000
0.174,43,Oct 26 2022 01: +0,1666742400
0.184,36,Oct 27 2022 01: +0,1666828800
0.18,28,Oct 28 2022 01: +0,1666915200
0.18,31,Oct 29 2022 01: +0,1667001600
0.184,47,Oct 30 2022 01: +0,1667088000
0.183,32,Oct 31 2022 01: +0,1667178000
0.173,35,Nov 01 2022 01: +0,1667264400
0.189,24,Nov 02 2022 01: +0,1667350800
0.183,67,Nov 03 2022 01: +0,1667437200
0.165,59,Nov 04 2022 01: +0,1667523600
0.165,44,Nov 05 2022 01: +0,1667610000
0.162,55,Nov 06 2022 01: +0,1667696400
0.159,96,Nov 07 2022 01: +0,1667782800
0.163,85,Nov 08 2022 01: +0,1667869200
0.16,127,Nov 09 2022 01: +0,1667955600
0.161,120,Nov 10 2022 01: +0,1668042000
0.171,601,Nov 11 2022 01: +0,1668128400
0.154,458,Nov 12 2022 01: +0,1668214800
0.16,211,Nov 13 2022 01: +0,1668301200
0.159,178,Nov 14 2022 01: +0,1668387600
0.162,182,Nov 15 2022 01: +0,1668474000
0.157,184,Nov 16 2022 01: +0,1668560400
0.158,84,Nov 17 2022 01: +0,1668646800
0.154,150,Nov 18 2022 01: +0,1668733200
0.167,145,Nov 19 2022 01: +0,1668819600
0.162,63,Nov 20 2022 01: +0,1668906000
0.168,91,Nov 21 2022 01: +0,1668992400
0.163,45,Nov 22 2022 01: +0,1669078800
0.152,45,Nov 23 2022 01: +0,1669165200
0.164,59,Nov 24 2022 01: +0,1669251600
0.162,40,Nov 25 2022 01: +0,1669338000
0.158,50,Nov 26 2022 01: +0,1669424400
0.156,44,Nov 27 2022 01: +0,1669510800
0.148,52,Nov 28 2022 01: +0,1669597200
0.15,103,Nov 29 2022 01: +0,1669683600
0.148,43,Nov 30 2022 01: +0,1669770000
0.155,62,Dec 01 2022 01: +0,1669856400
0.145,43,Dec 02 2022 01: +0,1669942800
0.149,67,Dec 03 2022 01: +0,1670029200
0.147,55,Dec 04 2022 01: +0,1670115600
0.156,67,Dec 05 2022 01: +0,1670202000
0.145,49,Dec 06 2022 01: +0,1670288400
0.144,48,Dec 07 2022 01: +0,1670374800
0.153,47,Dec 08 2022 01: +0,1670461200
0.165,66,Dec 09 2022 01: +0,1670547600
0.144,50,Dec 10 2022 01: +0,1670634000
0.152,53,Dec 11 2022 01: +0,1670720400
0.159,54,Dec 12 2022 01: +0,1670806800
0.17,51,Dec 13 2022 01: +0,1670893200
0.151,56,Dec 14 2022 01: +0,1670979600
0.147,62,Dec 15 2022 01: +0,1671066000
0.147,48,Dec 16 2022 01: +0,1671152400
0.146,79,Dec 17 2022 01: +0,1671238800
0.146,51,Dec 18 2022 01: +0,1671325200
0.143,50,Dec 19 2022 01: +0,1671411600
0.149,94,Dec 20 2022 01: +0,1671498000
0.153,33,Dec 21 2022 01: +0,1671584400
0.154,35,Dec 22 2022 01: +0,1671670800
0.154,41,Dec 23 2022 01: +0,1671757200
0.145,37,Dec 24 2022 01: +0,1671843600
0.139,64,Dec 25 2022 01: +0,1671930000
0.145,30,Dec 26 2022 01: +0,1672016400
0.15,46,Dec 27 2022 01: +0,1672102800
0.142,43,Dec 28 2022 01: +0,1672189200
0.146,45,Dec 29 2022 01: +0,1672275600
0.139,64,Dec 30 2022 01: +0,1672362000
0.144,69,Dec 31 2022 01: +0,1672448400
0.138,42,Jan 01 2023 01: +0,1672534800
0.143,64,Jan 02 2023 01: +0,1672621200
0.136,47,Jan 03 2023 01: +0,1672707600
0.136,46,Jan 04 2023 01: +0,1672794000
0.145,131,Jan 05 2023 01: +0,1672880400
0.134,49,Jan 06 2023 01: +0,1672966800
0.133,41,Jan 07 2023 01: +0,1673053200
0.153,61,Jan 08 2023 01: +0,1673139600
0.153,41,Jan 09 2023 01: +0,1673226000
0.157,36,Jan 10 2023 01: +0,1673312400
0.166,42,Jan 11 2023 01: +0,1673398800
0.158,36,Jan 12 2023 01: +0,1673485200
0.166,61,Jan 13 2023 01: +0,1673571600
0.151,48,Jan 14 2023 01: +0,1673658000
0.16,54,Jan 15 2023 01: +0,1673744400
0.166,41,Jan 16 2023 01: +0,1673830800
0.171,39,Jan 17 2023 01: +0,1673917200
0.166,41,Jan 18 2023 01: +0,1674003600
0.167,50,Jan 19 2023 01: +0,1674090000
0.174,43,Jan 20 2023 01: +0,1674176400
0.173,45,Jan 21 2023 01: +0,1674262800
0.17,65,Jan 22 2023 01: +0,1674349200
0.176,49,Jan 23 2023 01: +0,1674435600
0.185,39,Jan 24 2023 01: +0,1674522000
0.186,48,Jan 25 2023 01: +0,1674608400
0.186,41,Jan 26 2023 01: +0,1674694800
0.181,55,Jan 27 2023 01: +0,1674781200
0.183,44,Jan 28 2023 01: +0,1674867600
0.168,51,Jan 29 2023 01: +0,1674954000
0.167,61,Jan 30 2023 01: +0,1675040400
0.188,78,Jan 31 2023 01: +0,1675126800
0.192,40,Feb 01 2023 01: +0,1675213200
0.219,48,Feb 02 2023 01: +0,1675299600
0.236,41,Feb 03 2023 01: +0,1675386000
0.224,54,Feb 04 2023 01: +0,1675472400
0.216,40,Feb 05 2023 01: +0,1675558800
0.221,39,Feb 06 2023 01: +0,1675645200
0.21,43,Feb 07 2023 01: +0,1675731600
0.214,37,Feb 08 2023 01: +0,1675818000
0.211,43,Feb 09 2023 01: +0,1675904400
0.197,61,Feb 10 2023 01: +0,1675990800
0.178,69,Feb 11 2023 01: +0,1676077200
0.177,88,Feb 12 2023 01: +0,1676163600
0.173,65,Feb 13 2023 01: +0,1676250000
0.169,55,Feb 14 2023 01: +0,1676336400
0.179,1,Feb 14 2023 22: +0,1676412000
0.161,4,Feb 14 2023 23: +0,1676415600
0.157,3,Feb 15 2023 01: +0,1676422800
0.157,1,Feb 15 2023 02: +0,1676426400
0.172,1,Feb 15 2023 04: +0,1676433600
0.171,1,Feb 15 2023 05: +0,1676437200
0.182,3,Feb 15 2023 06: +0,1676440800
0.162,1,Feb 15 2023 07: +0,1676444400
0.178,2,Feb 15 2023 08: +0,1676448000
0.184,11,Feb 15 2023 09: +0,1676451600
0.188,6,Feb 15 2023 11: +0,1676458800
0.162,3,Feb 15 2023 12: +0,1676462400
0.157,4,Feb 15 2023 13: +0,1676466000
0.169,4,Feb 15 2023 15: +0,1676473200
0.157,6,Feb 15 2023 16: +0,1676476800
0.186,5,Feb 15 2023 18: +0,1676484000
0.189,5,Feb 15 2023 19: +0,1676487600
0.179,6,Feb 15 2023 20: +0,1676491200
0.194,5,Feb 15 2023 21: +0,1676494800
0.159,3,Feb 15 2023 22: +0,1676498400
0.15,2,Feb 15 2023 23: +0,1676502000
0.156,6,Feb 16 2023 00: +0,1676505600
0.188,6,Feb 16 2023 01: +0,1676509200
0.196,2,Feb 16 2023 02: +0,1676512800
0.194,1,Feb 16 2023 03: +0,1676516400
0.194,1,Feb 16 2023 04: +0,1676520000
0.195,1,Feb 16 2023 05: +0,1676523600
0.177,2,Feb 16 2023 08: +0,1676534400
0.141,1,Feb 16 2023 10: +0,1676541600
0.157,2,Feb 16 2023 12: +0,1676548800
0.191,1,Feb 16 2023 13: +0,1676552400
0.156,1,Feb 16 2023 14: +0,1676556000
0.152,2,Feb 16 2023 15: +0,1676559600
0.19,3,Feb 16 2023 16: +0,1676563200
0.157,2,Feb 16 2023 17: +0,1676566800
0.179,2,Feb 16 2023 18: +0,1676570400
0.168,3,Feb 16 2023 19: +0,1676574000
0.186,5,Feb 16 2023 20: +0,1676577600
0.156,3,Feb 16 2023 21: +0,1676581200
0.159,6,Feb 16 2023 22: +0,1676584800
0.176,7,Feb 16 2023 23: +0,1676588400
0.186,1,Feb 17 2023 00: +0,1676592000
0.19,1,Feb 17 2023 01: +0,1676595600
0.186,2,Feb 17 2023 02: +0,1676599200
0.19,2,Feb 17 2023 03: +0,1676602800
0.174,1,Feb 17 2023 05: +0,1676610000
0.153,2,Feb 17 2023 06: +0,1676613600
0.187,4,Feb 17 2023 07: +0,1676617200
0.152,2,Feb 17 2023 09: +0,1676624400
0.157,4,Feb 17 2023 10: +0,1676628000
0.177,4,Feb 17 2023 11: +0,1676631600
0.185,1,Feb 17 2023 12: +0,1676635200
0.185,3,Feb 17 2023 13: +0,1676638800
0.174,15,Feb 17 2023 14: +0,1676642400
0.155,7,Feb 17 2023 15: +0,1676646000
0.184,3,Feb 17 2023 16: +0,1676649600
0.165,10,Feb 17 2023 17: +0,1676653200
0.179,8,Feb 17 2023 18: +0,1676656800
0.186,3,Feb 17 2023 19: +0,1676660400
0.185,3,Feb 17 2023 20: +0,1676664000
0.177,3,Feb 17 2023 21: +0,1676667600
0.154,3,Feb 17 2023 22: +0,1676671200
0.176,1,Feb 17 2023 23: +0,1676674800
0.176,7,Feb 18 2023 00: +0,1676678400
0.19,17,Feb 18 2023 02: +0,1676685600
0.184,1,Feb 18 2023 04: +0,1676692800
0.171,1,Feb 18 2023 05: +0,1676696400
0.165,3,Feb 18 2023 06: +0,1676700000
0.172,1,Feb 18 2023 07: +0,1676703600
0.168,8,Feb 18 2023 08: +0,1676707200
0.179,6,Feb 18 2023 09: +0,1676710800
0.165,5,Feb 18 2023 10: +0,1676714400
0.134,8,Feb 18 2023 11: +0,1676718000
0.151,6,Feb 18 2023 12: +0,1676721600
0.163,9,Feb 18 2023 13: +0,1676725200
0.152,6,Feb 18 2023 14: +0,1676728800
0.163,14,Feb 18 2023 15: +0,1676732400
0.162,5,Feb 18 2023 16: +0,1676736000
0.152,3,Feb 18 2023 18: +0,1676743200
0.162,7,Feb 18 2023 19: +0,1676746800
0.174,3,Feb 18 2023 20: +0,1676750400
0.186,10,Feb 18 2023 21: +0,1676754000
0.163,7,Feb 18 2023 22: +0,1676757600
0.185,3,Feb 18 2023 23: +0,1676761200
0.157,1,Feb 19 2023 00: +0,1676764800
0.18,2,Feb 19 2023 01: +0,1676768400
0.142,4,Feb 19 2023 02: +0,1676772000
0.169,2,Feb 19 2023 04: +0,1676779200
0.165,1,Feb 19 2023 06: +0,1676786400
0.173,2,Feb 19 2023 07: +0,1676790000
0.19,3,Feb 19 2023 08: +0,1676793600
0.175,4,Feb 19 2023 09: +0,1676797200
0.173,2,Feb 19 2023 10: +0,1676800800
0.164,10,Feb 19 2023 11: +0,1676804400
0.175,8,Feb 19 2023 12: +0,1676808000
0.157,4,Feb 19 2023 13: +0,1676811600
0.171,9,Feb 19 2023 14: +0,1676815200
0.172,7,Feb 19 2023 15: +0,1676818800
0.184,8,Feb 19 2023 16: +0,1676822400
0.185,5,Feb 19 2023 17: +0,1676826000
0.172,4,Feb 19 2023 18: +0,1676829600
0.165,3,Feb 19 2023 19: +0,1676833200
0.166,2,Feb 19 2023 20: +0,1676836800
0.185,10,Feb 19 2023 21: +0,1676840400
0.165,5,Feb 19 2023 22: +0,1676844000
0.165,4,Feb 19 2023 23: +0,1676847600
0.165,3,Feb 20 2023 00: +0,1676851200
0.165,1,Feb 20 2023 01: +0,1676854800
0.162,4,Feb 20 2023 02: +0,1676858400
0.171,3,Feb 20 2023 03: +0,1676862000
0.185,2,Feb 20 2023 04: +0,1676865600
0.162,1,Feb 20 2023 05: +0,1676869200
0.175,2,Feb 20 2023 07: +0,1676876400
0.169,2,Feb 20 2023 10: +0,1676887200
0.171,9,Feb 20 2023 11: +0,1676890800
0.171,7,Feb 20 2023 12: +0,1676894400
0.174,8,Feb 20 2023 13: +0,1676898000
0.131,1,Feb 20 2023 14: +0,1676901600
0.159,2,Feb 20 2023 15: +0,1676905200
0.178,3,Feb 20 2023 17: +0,1676912400
0.183,7,Feb 20 2023 18: +0,1676916000
0.185,7,Feb 20 2023 19: +0,1676919600
0.162,5,Feb 20 2023 20: +0,1676923200
0.164,2,Feb 20 2023 21: +0,1676926800
0.19,18,Feb 20 2023 22: +0,1676930400
0.178,6,Feb 20 2023 23: +0,1676934000
0.202,1,Feb 21 2023 00: +0,1676937600
0.199,1,Feb 21 2023 01: +0,1676941200
0.166,4,Feb 21 2023 03: +0,1676948400
0.165,1,Feb 21 2023 04: +0,1676952000
0.165,2,Feb 21 2023 05: +0,1676955600
0.164,3,Feb 21 2023 06: +0,1676959200
0.165,13,Feb 21 2023 07: +0,1676962800
0.164,3,Feb 21 2023 08: +0,1676966400
0.163,12,Feb 21 2023 09: +0,1676970000
0.157,5,Feb 21 2023 10: +0,1676973600
0.174,7,Feb 21 2023 11: +0,1676977200
0.18,2,Feb 21 2023 12: +0,1676980800
0.162,7,Feb 21 2023 14: +0,1676988000
0.167,3,Feb 21 2023 15: +0,1676991600
0.18,10,Feb 21 2023 16: +0,1676995200
0.186,6,Feb 21 2023 17: +0,1676998800
0.174,2,Feb 21 2023 18: +0,1677002400
0.189,4,Feb 21 2023 19: +0,1677006000
0.162,3,Feb 21 2023 20: +0,1677009600
0.202,6,Feb 21 2023 21: +0,1677013200
0.189,4,Feb 21 2023 22: +0,1677016800
0.175,2,Feb 22 2023 00: +0,1677024000
0.193,1,Feb 22 2023 03: +0,1677034800
0.16,1,Feb 22 2023 04: +0,1677038400
0.164,14,Feb 22 2023 05: +0,1677042000
0.164,6,Feb 22 2023 06: +0,1677045600
0.162,7,Feb 22 2023 07: +0,1677049200
0.162,15,Feb 22 2023 08: +0,1677052800
0.157,1,Feb 22 2023 09: +0,1677056400
0.162,10,Feb 22 2023 10: +0,1677060000
0.157,3,Feb 22 2023 11: +0,1677063600
0.162,8,Feb 22 2023 12: +0,1677067200
0.162,11,Feb 22 2023 13: +0,1677070800
0.167,5,Feb 22 2023 14: +0,1677074400
0.157,11,Feb 22 2023 15: +0,1677078000
0.19,8,Feb 22 2023 16: +0,1677081600
0.147,2,Feb 22 2023 17: +0,1677085200
0.156,7,Feb 22 2023 18: +0,1677088800
0.164,4,Feb 22 2023 19: +0,1677092400
0.167,8,Feb 22 2023 20: +0,1677096000
0.183,6,Feb 22 2023 21: +0,1677099600
0.189,3,Feb 22 2023 22: +0,1677103200
0.162,3,Feb 22 2023 23: +0,1677106800
0.165,2,Feb 23 2023 00: +0,1677110400
0.162,5,Feb 23 2023 01: +0,1677114000
0.19,11,Feb 23 2023 03: +0,1677121200
0.162,2,Feb 23 2023 04: +0,1677124800
0.19,9,Feb 23 2023 05: +0,1677128400
0.184,1,Feb 23 2023 06: +0,1677132000
0.176,1,Feb 23 2023 09: +0,1677142800
0.163,1,Feb 23 2023 10: +0,1677146400
0.163,1,Feb 23 2023 11: +0,1677150000
0.172,4,Feb 23 2023 12: +0,1677153600
0.168,2,Feb 23 2023 13: +0,1677157200
0.163,7,Feb 23 2023 14: +0,1677160800
0.162,23,Feb 23 2023 15: +0,1677164400
0.162,5,Feb 23 2023 16: +0,1677168000
0.162,13,Feb 23 2023 17: +0,1677171600
0.174,5,Feb 23 2023 18: +0,1677175200
0.142,4,Feb 23 2023 19: +0,1677178800
0.18,2,Feb 23 2023 20: +0,1677182400
0.182,6,Feb 23 2023 21: +0,1677186000
0.17,2,Feb 23 2023 22: +0,1677189600
0.155,2,Feb 23 2023 23: +0,1677193200
0.175,1,Feb 24 2023 00: +0,1677196800
0.179,1,Feb 24 2023 03: +0,1677207600
0.133,1,Feb 24 2023 07: +0,1677222000
0.162,13,Feb 24 2023 08: +0,1677225600
0.162,6,Feb 24 2023 09: +0,1677229200
0.178,6,Feb 24 2023 10: +0,1677232800
0.15,1,Feb 24 2023 11: +0,1677236400
0.147,8,Feb 24 2023 12: +0,1677240000
0.166,3,Feb 24 2023 13: +0,1677243600
0.159,15,Feb 24 2023 14: +0,1677247200
0.15,15,Feb 24 2023 15: +0,1677250800
0.149,11,Feb 24 2023 16: +0,1677254400
0.144,6,Feb 24 2023 17: +0,1677258000
0.146,9,Feb 24 2023 18: +0,1677261600
0.142,3,Feb 24 2023 19: +0,1677265200
0.151,5,Feb 24 2023 20: +0,1677268800
0.179,9,Feb 24 2023 21: +0,1677272400
0.15,4,Feb 24 2023 22: +0,1677276000
0.164,2,Feb 24 2023 23: +0,1677279600
0.149,1,Feb 25 2023 00: +0,1677283200
0.169,3,Feb 25 2023 01: +0,1677286800
0.149,11,Feb 25 2023 02: +0,1677290400
0.148,9,Feb 25 2023 03: +0,1677294000
0.149,11,Feb 25 2023 04: +0,1677297600
0.15,9,Feb 25 2023 05: +0,1677301200
0.147,5,Feb 25 2023 06: +0,1677304800
0.147,9,Feb 25 2023 07: +0,1677308400
0.145,5,Feb 25 2023 08: +0,1677312000
0.144,4,Feb 25 2023 09: +0,1677315600
0.143,6,Feb 25 2023 10: +0,1677319200
0.159,4,Feb 25 2023 11: +0,1677322800
0.125,2,Feb 25 2023 12: +0,1677326400
0.138,4,Feb 25 2023 13: +0,1677330000
0.132,5,Feb 25 2023 14: +0,1677333600
0.13,12,Feb 25 2023 15: +0,1677337200
0.138,12,Feb 25 2023 16: +0,1677340800
0.12,33,Feb 25 2023 17: +0,1677344400
0.12,9,Feb 25 2023 18: +0,1677348000
0.132,12,Feb 25 2023 19: +0,1677351600
0.135,6,Feb 25 2023 20: +0,1677355200
0.132,19,Feb 25 2023 21: +0,1677358800
0.132,5,Feb 25 2023 22: +0,1677362400
0.119,19,Feb 25 2023 23: +0,1677366000
0.116,11,Feb 26 2023 00: +0,1677369600
0.132,2,Feb 26 2023 01: +0,1677373200
0.124,4,Feb 26 2023 03: +0,1677380400
0.138,16,Feb 26 2023 04: +0,1677384000
0.13,1,Feb 26 2023 05: +0,1677387600
0.124,5,Feb 26 2023 06: +0,1677391200
0.141,17,Feb 26 2023 07: +0,1677394800
0.157,113,Feb 26 2023 08: +0,1677398400
0.116,12,Feb 26 2023 09: +0,1677402000
0.12,4,Feb 26 2023 10: +0,1677405600
0.124,13,Feb 26 2023 11: +0,1677409200
0.124,3,Feb 26 2023 12: +0,1677412800
0.161,106,Feb 26 2023 13: +0,1677416400
0.124,14,Feb 26 2023 14: +0,1677420000
0.136,7,Feb 26 2023 15: +0,1677423600
0.134,18,Feb 26 2023 16: +0,1677427200
0.132,13,Feb 26 2023 17: +0,1677430800
0.132,20,Feb 26 2023 18: +0,1677434400
0.16,4,Feb 26 2023 19: +0,1677438000
0.136,8,Feb 26 2023 20: +0,1677441600
0.157,11,Feb 26 2023 21: +0,1677445200
0.141,1,Feb 26 2023 22: +0,1677448800
0.124,1,Feb 26 2023 23: +0,1677452400
0.157,10,Feb 27 2023 00: +0,1677456000
0.124,6,Feb 27 2023 01: +0,1677459600
0.123,1,Feb 27 2023 02: +0,1677463200
0.144,2,Feb 27 2023 03: +0,1677466800
0.123,18,Feb 27 2023 04: +0,1677470400
0.124,6,Feb 27 2023 05: +0,1677474000
0.124,5,Feb 27 2023 06: +0,1677477600
0.124,2,Feb 27 2023 07: +0,1677481200
0.124,25,Feb 27 2023 08: +0,1677484800
0.131,9,Feb 27 2023 09: +0,1677488400
0.131,16,Feb 27 2023 10: +0,1677492000
0.124,6,Feb 27 2023 11: +0,1677495600
0.144,2,Feb 27 2023 12: +0,1677499200
0.141,5,Feb 27 2023 13: +0,1677502800
0.124,7,Feb 27 2023 14: +0,1677506400
0.141,16,Feb 27 2023 15: +0,1677510000
0.141,24,Feb 27 2023 16: +0,1677513600
0.132,8,Feb 27 2023 17: +0,1677517200
0.132,13,Feb 27 2023 18: +0,1677520800
0.132,19,Feb 27 2023 19: +0,1677524400
0.132,14,Feb 27 2023 20: +0,1677528000
0.16,4,Feb 27 2023 21: +0,1677531600
0.133,6,Feb 27 2023 22: +0,1677535200
0.156,2,Feb 27 2023 23: +0,1677538800
0.124,2,Feb 28 2023 00: +0,1677542400
0.132,2,Feb 28 2023 01: +0,1677546000
0.132,6,Feb 28 2023 02: +0,1677549600
0.15,2,Feb 28 2023 03: +0,1677553200
0.131,7,Feb 28 2023 04: +0,1677556800
0.13,4,Feb 28 2023 05: +0,1677560400
0.131,5,Feb 28 2023 06: +0,1677564000
0.116,5,Feb 28 2023 07: +0,1677567600
0.124,12,Feb 28 2023 08: +0,1677571200
0.141,17,Feb 28 2023 09: +0,1677574800
0.141,9,Feb 28 2023 10: +0,1677578400
0.124,3,Feb 28 2023 11: +0,1677582000
0.141,13,Feb 28 2023 12: +0,1677585600
0.124,16,Feb 28 2023 13: +0,1677589200
0.108,12,Feb 28 2023 14: +0,1677592800
0.124,21,Feb 28 2023 15: +0,1677596400
0.124,49,Feb 28 2023 16: +0,1677600000
0.124,21,Feb 28 2023 17: +0,1677603600
0.124,30,Feb 28 2023 18: +0,1677607200
0.13,13,Feb 28 2023 19: +0,1677610800
0.131,44,Feb 28 2023 20: +0,1677614400
0.131,12,Feb 28 2023 21: +0,1677618000
0.124,4,Feb 28 2023 22: +0,1677621600
0.122,2,Feb 28 2023 23: +0,1677625200
0.124,4,Mar 01 2023 00: +0,1677628800
0.124,17,Mar 01 2023 01: +0,1677632400
0.119,13,Mar 01 2023 02: +0,1677636000
0.117,16,Mar 01 2023 03: +0,1677639600
0.117,44,Mar 01 2023 04: +0,1677643200
0.117,13,Mar 01 2023 05: +0,1677646800
0.117,28,Mar 01 2023 06: +0,1677650400
0.124,10,Mar 01 2023 07: +0,1677654000
0.124,11,Mar 01 2023 08: +0,1677657600
0.128,6,Mar 01 2023 09: +0,1677661200
0.126,21,Mar 01 2023 10: +0,1677664800
0.124,23,Mar 01 2023 11: +0,1677668400
0.132,35,Mar 01 2023 12: +0,1677672000
0.124,12,Mar 01 2023 13: +0,1677675600
0.124,7,Mar 01 2023 14: +0,1677679200
0.124,18,Mar 01 2023 15: +0,1677682800
0.124,7,Mar 01 2023 16: +0,1677686400
0.132,38,Mar 01 2023 17: +0,1677690000
0.124,11,Mar 01 2023 18: +0,1677693600
0.137,12,Mar 01 2023 19: +0,1677697200
0.132,9,Mar 01 2023 20: +0,1677700800
0.132,6,Mar 01 2023 21: +0,1677704400
0.139,2,Mar 01 2023 22: +0,1677708000
0.115,1,Mar 01 2023 23: +0,1677711600
0.119,7,Mar 02 2023 00: +0,1677715200
0.119,25,Mar 02 2023 01: +0,1677718800
0.136,40,Mar 02 2023 02: +0,1677722400
0.135,30,Mar 02 2023 03: +0,1677726000
0.132,36,Mar 02 2023 04: +0,1677729600
0.137,64,Mar 02 2023 05: +0,1677733200
0.132,17,Mar 02 2023 06: +0,1677736800
0.132,13,Mar 02 2023 07: +0,1677740400
0.138,5,Mar 02 2023 08: +0,1677744000
0.136,14,Mar 02 2023 09: +0,1677747600
0.133,6,Mar 02 2023 10: +0,1677751200
0.132,74,Mar 02 2023 11: +0,1677754800
0.132,3,Mar 02 2023 12: +0,1677758400
0.136,10,Mar 02 2023 13: +0,1677762000
0.132,20,Mar 02 2023 14: +0,1677765600
0.134,35,Mar 02 2023 15: +0,1677769200
0.142,56,Mar 02 2023 16: +0,1677772800
0.141,34,Mar 02 2023 17: +0,1677776400
0.143,11,Mar 02 2023 18: +0,1677780000
0.151,4,Mar 02 2023 19: +0,1677783600
0.15,9,Mar 02 2023 20: +0,1677787200
0.132,7,Mar 02 2023 21: +0,1677790800
0.132,5,Mar 02 2023 22: +0,1677794400
0.133,3,Mar 02 2023 23: +0,1677798000
0.134,15,Mar 03 2023 00: +0,1677801600
0.136,4,Mar 03 2023 01: +0,1677805200
0.134,6,Mar 03 2023 02: +0,1677808800
0.134,14,Mar 03 2023 03: +0,1677812400
0.137,12,Mar 03 2023 04: +0,1677816000
0.134,22,Mar 03 2023 05: +0,1677819600
0.134,9,Mar 03 2023 06: +0,1677823200
0.134,20,Mar 03 2023 07: +0,1677826800
0.134,19,Mar 03 2023 08: +0,1677830400
0.137,9,Mar 03 2023 09: +0,1677834000
0.134,26,Mar 03 2023 10: +0,1677837600
0.134,13,Mar 03 2023 11: +0,1677841200
0.134,12,Mar 03 2023 12: +0,1677844800
0.14,21,Mar 03 2023 13: +0,1677848400
0.134,23,Mar 03 2023 14: +0,1677852000
0.134,38,Mar 03 2023 15: +0,1677855600
0.134,15,Mar 03 2023 16: +0,1677859200
0.134,19,Mar 03 2023 17: +0,1677862800
0.133,11,Mar 03 2023 18: +0,1677866400
0.134,38,Mar 03 2023 19: +0,1677870000
0.132,38,Mar 03 2023 20: +0,1677873600
0.133,24,Mar 03 2023 21: +0,1677877200
0.131,16,Mar 03 2023 22: +0,1677880800
0.125,17,Mar 03 2023 23: +0,1677884400
0.131,20,Mar 04 2023 00: +0,1677888000
0.133,3,Mar 04 2023 01: +0,1677891600
0.141,15,Mar 04 2023 02: +0,1677895200
0.134,5,Mar 04 2023 03: +0,1677898800
0.133,2,Mar 04 2023 04: +0,1677902400
0.138,77,Mar 04 2023 05: +0,1677906000
0.131,18,Mar 04 2023 06: +0,1677909600
0.133,17,Mar 04 2023 07: +0,1677913200
0.132,20,Mar 04 2023 08: +0,1677916800
0.132,46,Mar 04 2023 09: +0,1677920400
0.128,10,Mar 04 2023 10: +0,1677924000
0.124,17,Mar 04 2023 11: +0,1677927600
0.132,16,Mar 04 2023 12: +0,1677931200
0.132,19,Mar 04 2023 13: +0,1677934800
0.124,12,Mar 04 2023 14: +0,1677938400
0.132,22,Mar 04 2023 15: +0,1677942000
0.141,19,Mar 04 2023 16: +0,1677945600
0.132,10,Mar 04 2023 17: +0,1677949200
0.142,5,Mar 04 2023 18: +0,1677952800
0.132,5,Mar 04 2023 19: +0,1677956400
0.146,13,Mar 04 2023 20: +0,1677960000
0.132,7,Mar 04 2023 21: +0,1677963600
0.133,11,Mar 04 2023 22: +0,1677967200
0.149,6,Mar 04 2023 23: +0,1677970800
0.133,20,Mar 05 2023 00: +0,1677974400
0.138,2,Mar 05 2023 01: +0,1677978000
0.132,3,Mar 05 2023 02: +0,1677981600
0.124,1,Mar 05 2023 03: +0,1677985200
0.124,9,Mar 05 2023 04: +0,1677988800
0.108,1,Mar 05 2023 05: +0,1677992400
0.132,6,Mar 05 2023 06: +0,1677996000
0.132,3,Mar 05 2023 07: +0,1677999600
0.149,32,Mar 05 2023 08: +0,1678003200
0.132,9,Mar 05 2023 09: +0,1678006800
0.149,45,Mar 05 2023 10: +0,1678010400
0.124,16,Mar 05 2023 11: +0,1678014000
0.132,15,Mar 05 2023 12: +0,1678017600
0.132,8,Mar 05 2023 13: +0,1678021200
0.116,44,Mar 05 2023 14: +0,1678024800
0.149,29,Mar 05 2023 15: +0,1678028400
0.149,36,Mar 05 2023 16: +0,1678032000
0.124,7,Mar 05 2023 17: +0,1678035600
0.132,20,Mar 05 2023 18: +0,1678039200
0.132,4,Mar 05 2023 19: +0,1678042800
0.132,9,Mar 05 2023 20: +0,1678046400
0.132,15,Mar 05 2023 21: +0,1678050000
0.132,9,Mar 05 2023 22: +0,1678053600
0.132,9,Mar 05 2023 23: +0,1678057200
0.132,4,Mar 06 2023 00: +0,1678060800
0.114,6,Mar 06 2023 01: +0,1678064400
0.132,2,Mar 06 2023 03: +0,1678071600
0.149,5,Mar 06 2023 04: +0,1678075200
0.141,1,Mar 06 2023 06: +0,1678082400
0.136,4,Mar 06 2023 07: +0,1678086000
0.141,16,Mar 06 2023 09: +0,1678093200
0.136,16,Mar 06 2023 10: +0,1678096800
0.139,13,Mar 06 2023 11: +0,1678100400
0.149,5,Mar 06 2023 12: +0,1678104000
0.149,13,Mar 06 2023 13: +0,1678107600
0.134,25,Mar 06 2023 14: +0,1678111200
0.149,7,Mar 06 2023 15: +0,1678114800
0.153,10,Mar 06 2023 16: +0,1678118400
0.122,8,Mar 06 2023 17: +0,1678122000
0.141,19,Mar 06 2023 18: +0,1678125600
0.137,6,Mar 06 2023 19: +0,1678129200
0.133,17,Mar 06 2023 20: +0,1678132800
0.156,4,Mar 06 2023 21: +0,1678136400
0.152,9,Mar 06 2023 22: +0,1678140000
0.146,1,Mar 06 2023 23: +0,1678143600
0.136,1,Mar 07 2023 00: +0,1678147200
0.136,2,Mar 07 2023 01: +0,1678150800
0.134,6,Mar 07 2023 02: +0,1678154400
0.146,2,Mar 07 2023 05: +0,1678165200
0.141,3,Mar 07 2023 06: +0,1678168800
0.141,6,Mar 07 2023 07: +0,1678172400
0.141,8,Mar 07 2023 08: +0,1678176000
0.145,6,Mar 07 2023 09: +0,1678179600
0.149,53,Mar 07 2023 10: +0,1678183200
0.144,14,Mar 07 2023 11: +0,1678186800
0.136,12,Mar 07 2023 12: +0,1678190400
0.157,63,Mar 07 2023 13: +0,1678194000
0.165,27,Mar 07 2023 14: +0,1678197600
0.124,19,Mar 07 2023 15: +0,1678201200
0.135,21,Mar 07 2023 16: +0,1678204800
0.145,6,Mar 07 2023 17: +0,1678208400
0.141,8,Mar 07 2023 18: +0,1678212000
0.141,13,Mar 07 2023 19: +0,1678215600
0.141,21,Mar 07 2023 20: +0,1678219200
0.132,12,Mar 07 2023 21: +0,1678222800
0.15,21,Mar 07 2023 22: +0,1678226400
0.147,8,Mar 07 2023 23: +0,1678230000
0.165,1,Mar 08 2023 00: +0,1678233600
0.141,3,Mar 08 2023 01: +0,1678237200
0.17,3,Mar 08 2023 02: +0,1678240800
0.141,8,Mar 08 2023 03: +0,1678244400
0.149,6,Mar 08 2023 04: +0,1678248000
0.149,22,Mar 08 2023 05: +0,1678251600
0.14,20,Mar 08 2023 06: +0,1678255200
0.14,4,Mar 08 2023 07: +0,1678258800
0.133,4,Mar 08 2023 08: +0,1678262400
0.133,3,Mar 08 2023 09: +0,1678266000
0.139,8,Mar 08 2023 10: +0,1678269600
0.131,22,Mar 08 2023 11: +0,1678273200
0.126,15,Mar 08 2023 12: +0,1678276800
0.131,5,Mar 08 2023 13: +0,1678280400
0.141,37,Mar 08 2023 14: +0,1678284000
0.141,28,Mar 08 2023 15: +0,1678287600
0.141,23,Mar 08 2023 16: +0,1678291200
0.141,9,Mar 08 2023 17: +0,1678294800
0.141,23,Mar 08 2023 18: +0,1678298400
0.141,14,Mar 08 2023 19: +0,1678302000
0.124,11,Mar 08 2023 20: +0,1678305600
0.143,20,Mar 08 2023 21: +0,1678309200
0.141,6,Mar 08 2023 22: +0,1678312800
0.151,2,Mar 08 2023 23: +0,1678316400
0.153,4,Mar 09 2023 00: +0,1678320000
0.149,3,Mar 09 2023 01: +0,1678323600
0.116,2,Mar 09 2023 02: +0,1678327200
0.124,1,Mar 09 2023 03: +0,1678330800
0.141,11,Mar 09 2023 04: +0,1678334400
0.141,8,Mar 09 2023 05: +0,1678338000
0.141,20,Mar 09 2023 06: +0,1678341600
0.125,3,Mar 09 2023 07: +0,1678345200
0.125,7,Mar 09 2023 08: +0,1678348800
0.124,7,Mar 09 2023 09: +0,1678352400
0.136,10,Mar 09 2023 10: +0,1678356000
0.141,16,Mar 09 2023 11: +0,1678359600
0.141,21,Mar 09 2023 12: +0,1678363200
0.141,10,Mar 09 2023 13: +0,1678366800
0.141,12,Mar 09 2023 14: +0,1678370400
0.141,12,Mar 09 2023 15: +0,1678374000
0.141,19,Mar 09 2023 16: +0,1678377600
0.141,29,Mar 09 2023 17: +0,1678381200
0.141,6,Mar 09 2023 18: +0,1678384800
0.151,58,Mar 09 2023 19: +0,1678388400
0.132,9,Mar 09 2023 20: +0,1678392000
0.151,11,Mar 09 2023 21: +0,1678395600
0.157,1,Mar 09 2023 22: +0,1678399200
0.151,7,Mar 09 2023 23: +0,1678402800
0.142,2,Mar 10 2023 00: +0,1678406400
0.132,5,Mar 10 2023 01: +0,1678410000
0.151,6,Mar 10 2023 02: +0,1678413600
0.141,11,Mar 10 2023 03: +0,1678417200
0.124,3,Mar 10 2023 04: +0,1678420800
0.124,1,Mar 10 2023 05: +0,1678424400
0.141,8,Mar 10 2023 06: +0,1678428000
0.151,4,Mar 10 2023 08: +0,1678435200
0.141,14,Mar 10 2023 09: +0,1678438800
0.124,2,Mar 10 2023 10: +0,1678442400
0.136,2,Mar 10 2023 12: +0,1678449600
0.132,8,Mar 10 2023 13: +0,1678453200
0.132,13,Mar 10 2023 14: +0,1678456800
0.132,7,Mar 10 2023 15: +0,1678460400
0.132,12,Mar 10 2023 16: +0,1678464000
0.132,15,Mar 10 2023 17: +0,1678467600
0.133,14,Mar 10 2023 18: +0,1678471200
0.132,6,Mar 10 2023 19: +0,1678474800
0.132,7,Mar 10 2023 20: +0,1678478400
0.132,15,Mar 10 2023 21: +0,1678482000
0.132,16,Mar 10 2023 22: +0,1678485600
0.141,7,Mar 10 2023 23: +0,1678489200
0.132,4,Mar 11 2023 00: +0,1678492800
0.139,6,Mar 11 2023 01: +0,1678496400
0.12,2,Mar 11 2023 02: +0,1678500000
0.132,3,Mar 11 2023 03: +0,1678503600
0.132,10,Mar 11 2023 04: +0,1678507200
0.132,6,Mar 11 2023 05: +0,1678510800
0.136,8,Mar 11 2023 06: +0,1678514400
0.121,3,Mar 11 2023 07: +0,1678518000
0.122,6,Mar 11 2023 08: +0,1678521600
0.122,3,Mar 11 2023 09: +0,1678525200
0.119,1,Mar 11 2023 10: +0,1678528800
0.129,6,Mar 11 2023 11: +0,1678532400
0.128,3,Mar 11 2023 12: +0,1678536000
0.121,11,Mar 11 2023 13: +0,1678539600
0.122,14,Mar 11 2023 14: +0,1678543200
0.122,7,Mar 11 2023 15: +0,1678546800
0.128,19,Mar 11 2023 16: +0,1678550400
0.122,17,Mar 11 2023 17: +0,1678554000
0.124,17,Mar 11 2023 18: +0,1678557600
0.13,13,Mar 11 2023 19: +0,1678561200
0.13,19,Mar 11 2023 20: +0,1678564800
0.145,15,Mar 11 2023 21: +0,1678568400
0.124,20,Mar 11 2023 22: +0,1678572000
0.124,22,Mar 11 2023 23: +0,1678575600
0.124,8,Mar 12 2023 00: +0,1678579200
0.124,13,Mar 12 2023 01: +0,1678582800
0.15,13,Mar 12 2023 02: +0,1678586400
0.123,8,Mar 12 2023 03: +0,1678590000
0.123,9,Mar 12 2023 04: +0,1678593600
0.123,26,Mar 12 2023 05: +0,1678597200
0.123,20,Mar 12 2023 06: +0,1678600800
0.144,9,Mar 12 2023 07: +0,1678604400
0.122,4,Mar 12 2023 08: +0,1678608000
0.123,25,Mar 12 2023 09: +0,1678611600
0.119,15,Mar 12 2023 10: +0,1678615200
0.118,22,Mar 12 2023 11: +0,1678618800
0.118,21,Mar 12 2023 12: +0,1678622400
0.119,26,Mar 12 2023 13: +0,1678626000
0.117,28,Mar 12 2023 14: +0,1678629600
0.114,26,Mar 12 2023 15: +0,1678633200
0.116,25,Mar 12 2023 16: +0,1678636800
0.121,27,Mar 12 2023 17: +0,1678640400
0.122,14,Mar 12 2023 18: +0,1678644000
0.122,23,Mar 12 2023 19: +0,1678647600
0.122,27,Mar 12 2023 20: +0,1678651200
0.12,16,Mar 12 2023 21: +0,1678654800
0.132,4,Mar 12 2023 22: +0,1678658400
0.122,2,Mar 12 2023 23: +0,1678662000
0.108,3,Mar 13 2023 00: +0,1678665600
0.132,11,Mar 13 2023 01: +0,1678669200
0.12,14,Mar 13 2023 02: +0,1678672800
0.123,4,Mar 13 2023 03: +0,1678676400
0.124,6,Mar 13 2023 04: +0,1678680000
0.114,2,Mar 13 2023 05: +0,1678683600
0.113,7,Mar 13 2023 06: +0,1678687200
0.116,8,Mar 13 2023 07: +0,1678690800
0.124,4,Mar 13 2023 08: +0,1678694400
0.124,23,Mar 13 2023 09: +0,1678698000
0.124,13,Mar 13 2023 10: +0,1678701600
0.124,10,Mar 13 2023 11: +0,1678705200
0.124,10,Mar 13 2023 12: +0,1678708800
0.114,6,Mar 13 2023 13: +0,1678712400
0.124,22,Mar 13 2023 14: +0,1678716000
0.116,22,Mar 13 2023 15: +0,1678719600
0.124,25,Mar 13 2023 16: +0,1678723200
0.106,25,Mar 13 2023 17: +0,1678726800
0.109,11,Mar 13 2023 18: +0,1678730400
0.117,6,Mar 13 2023 19: +0,1678734000
0.122,4,Mar 13 2023 20: +0,1678737600
0.11,10,Mar 13 2023 21: +0,1678741200
0.116,17,Mar 13 2023 22: +0,1678744800
0.116,12,Mar 13 2023 23: +0,1678748400
0.116,8,Mar 14 2023 00: +0,1678752000
0.096,6,Mar 14 2023 02: +0,1678759200
0.116,5,Mar 14 2023 03: +0,1678762800
0.116,3,Mar 14 2023 04: +0,1678766400
0.115,15,Mar 14 2023 05: +0,1678770000
0.141,20,Mar 14 2023 06: +0,1678773600
0.115,6,Mar 14 2023 08: +0,1678780800
0.115,12,Mar 14 2023 09: +0,1678784400
0.116,23,Mar 14 2023 10: +0,1678788000
0.116,30,Mar 14 2023 11: +0,1678791600
0.116,24,Mar 14 2023 12: +0,1678795200
0.116,17,Mar 14 2023 13: +0,1678798800
0.116,53,Mar 14 2023 14: +0,1678802400
0.116,12,Mar 14 2023 15: +0,1678806000
0.116,11,Mar 14 2023 16: +0,1678809600
0.114,7,Mar 14 2023 17: +0,1678813200
0.11,22,Mar 14 2023 18: +0,1678816800
0.114,35,Mar 14 2023 19: +0,1678820400
0.115,9,Mar 14 2023 20: +0,1678824000
0.124,21,Mar 14 2023 21: +0,1678827600
0.115,12,Mar 14 2023 22: +0,1678831200
0.115,4,Mar 14 2023 23: +0,1678834800
0.114,2,Mar 15 2023 00: +0,1678838400
0.096,5,Mar 15 2023 01: +0,1678842000
0.125,25,Mar 15 2023 02: +0,1678845600
0.111,3,Mar 15 2023 03: +0,1678849200
0.133,31,Mar 15 2023 04: +0,1678852800
0.108,14,Mar 15 2023 05: +0,1678856400
0.116,5,Mar 15 2023 06: +0,1678860000
0.125,4,Mar 15 2023 07: +0,1678863600
0.115,5,Mar 15 2023 08: +0,1678867200
0.115,15,Mar 15 2023 09: +0,1678870800
0.115,14,Mar 15 2023 10: +0,1678874400
0.115,11,Mar 15 2023 11: +0,1678878000
0.115,22,Mar 15 2023 12: +0,1678881600
0.115,18,Mar 15 2023 13: +0,1678885200
0.102,12,Mar 15 2023 14: +0,1678888800
0.115,25,Mar 15 2023 15: +0,1678892400
0.116,14,Mar 15 2023 16: +0,1678896000
0.115,7,Mar 15 2023 17: +0,1678899600
0.116,5,Mar 15 2023 18: +0,1678903200
0.126,18,Mar 15 2023 19: +0,1678906800
0.115,15,Mar 15 2023 20: +0,1678910400
0.116,14,Mar 15 2023 21: +0,1678914000
0.116,5,Mar 15 2023 22: +0,1678917600
0.116,21,Mar 15 2023 23: +0,1678921200
0.116,3,Mar 16 2023 00: +0,1678924800
0.128,4,Mar 16 2023 01: +0,1678928400
0.125,1,Mar 16 2023 02: +0,1678932000
0.126,3,Mar 16 2023 03: +0,1678935600
0.116,4,Mar 16 2023 04: +0,1678939200
0.116,7,Mar 16 2023 05: +0,1678942800
0.116,4,Mar 16 2023 06: +0,1678946400
0.116,8,Mar 16 2023 07: +0,1678950000
0.116,7,Mar 16 2023 08: +0,1678953600
0.102,11,Mar 16 2023 09: +0,1678957200
0.116,8,Mar 16 2023 10: +0,1678960800
0.099,7,Mar 16 2023 11: +0,1678964400
0.12,7,Mar 16 2023 12: +0,1678968000
0.116,14,Mar 16 2023 13: +0,1678971600
0.116,8,Mar 16 2023 14: +0,1678975200
0.116,16,Mar 16 2023 15: +0,1678978800
0.103,22,Mar 16 2023 16: +0,1678982400
0.116,29,Mar 16 2023 17: +0,1678986000
0.115,12,Mar 16 2023 18: +0,1678989600
0.116,174,Mar 16 2023 19: +0,1678993200
0.114,16,Mar 16 2023 20: +0,1678996800
0.107,16,Mar 16 2023 21: +0,1679000400
0.107,5,Mar 16 2023 22: +0,1679004000
0.107,10,Mar 16 2023 23: +0,1679007600
0.132,2,Mar 17 2023 00: +0,1679011200
0.105,4,Mar 17 2023 01: +0,1679014800
0.109,2,Mar 17 2023 02: +0,1679018400
0.115,6,Mar 17 2023 03: +0,1679022000
0.108,9,Mar 17 2023 04: +0,1679025600
0.108,15,Mar 17 2023 05: +0,1679029200
0.108,8,Mar 17 2023 06: +0,1679032800
0.108,11,Mar 17 2023 07: +0,1679036400
0.108,6,Mar 17 2023 08: +0,1679040000
0.108,5,Mar 17 2023 09: +0,1679043600
0.108,14,Mar 17 2023 10: +0,1679047200
0.108,11,Mar 17 2023 11: +0,1679050800
0.108,9,Mar 17 2023 12: +0,1679054400
0.108,13,Mar 17 2023 13: +0,1679058000
0.106,10,Mar 17 2023 14: +0,1679061600
0.105,24,Mar 17 2023 15: +0,1679065200
0.097,16,Mar 17 2023 16: +0,1679068800
0.108,10,Mar 17 2023 17: +0,1679072400
0.108,26,Mar 17 2023 18: +0,1679076000
0.108,9,Mar 17 2023 19: +0,1679079600
0.104,8,Mar 17 2023 20: +0,1679083200
0.102,8,Mar 17 2023 21: +0,1679086800
0.102,7,Mar 17 2023 22: +0,1679090400
0.107,3,Mar 17 2023 23: +0,1679094000
0.095,10,Mar 18 2023 00: +0,1679097600
0.122,13,Mar 18 2023 01: +0,1679101200
0.111,1,Mar 18 2023 02: +0,1679104800
0.113,30,Mar 18 2023 03: +0,1679108400
0.102,18,Mar 18 2023 04: +0,1679112000
0.097,25,Mar 18 2023 05: +0,1679115600
0.1,13,Mar 18 2023 06: +0,1679119200
0.102,19,Mar 18 2023 07: +0,1679122800
0.091,27,Mar 18 2023 08: +0,1679126400
0.089,13,Mar 18 2023 09: +0,1679130000
0.082,36,Mar 18 2023 10: +0,1679133600
0.089,21,Mar 18 2023 11: +0,1679137200
0.084,13,Mar 18 2023 12: +0,1679140800
0.079,25,Mar 18 2023 13: +0,1679144400
0.09,22,Mar 18 2023 14: +0,1679148000
0.095,9,Mar 18 2023 15: +0,1679151600
0.1,20,Mar 18 2023 16: +0,1679155200
0.105,22,Mar 18 2023 17: +0,1679158800
0.088,6,Mar 18 2023 18: +0,1679162400
0.087,18,Mar 18 2023 19: +0,1679166000
0.094,10,Mar 18 2023 20: +0,1679169600
0.107,23,Mar 18 2023 21: +0,1679173200
0.113,20,Mar 18 2023 22: +0,1679176800
0.121,6,Mar 18 2023 23: +0,1679180400
0.089,8,Mar 19 2023 00: +0,1679184000
0.092,9,Mar 19 2023 01: +0,1679187600
0.09,5,Mar 19 2023 02: +0,1679191200
0.098,3,Mar 19 2023 03: +0,1679194800
0.115,3,Mar 19 2023 04: +0,1679198400
0.089,5,Mar 19 2023 05: +0,1679202000
0.114,10,Mar 19 2023 06: +0,1679205600
0.09,9,Mar 19 2023 07: +0,1679209200
0.085,4,Mar 19 2023 08: +0,1679212800
0.092,8,Mar 19 2023 09: +0,1679216400
0.114,44,Mar 19 2023 10: +0,1679220000
0.106,20,Mar 19 2023 11: +0,1679223600
0.106,6,Mar 19 2023 12: +0,1679227200
0.106,8,Mar 19 2023 13: +0,1679230800
0.114,7,Mar 19 2023 14: +0,1679234400
0.114,24,Mar 19 2023 15: +0,1679238000
0.098,6,Mar 19 2023 16: +0,1679241600
0.099,14,Mar 19 2023 17: +0,1679245200
0.087,23,Mar 19 2023 18: +0,1679248800
0.094,26,Mar 19 2023 19: +0,1679252400
0.098,10,Mar 19 2023 20: +0,1679256000
0.098,7,Mar 19 2023 21: +0,1679259600
0.1,4,Mar 19 2023 22: +0,1679263200
0.099,2,Mar 19 2023 23: +0,1679266800
0.1,6,Mar 20 2023 00: +0,1679270400
0.121,4,Mar 20 2023 01: +0,1679274000
0.11,3,Mar 20 2023 02: +0,1679277600
0.125,10,Mar 20 2023 03: +0,1679281200
0.122,3,Mar 20 2023 04: +0,1679284800
0.12,10,Mar 20 2023 05: +0,1679288400
0.121,6,Mar 20 2023 06: +0,1679292000
0.092,10,Mar 20 2023 07: +0,1679295600
0.102,9,Mar 20 2023 08: +0,1679299200
0.098,8,Mar 20 2023 09: +0,1679302800
0.102,3,Mar 20 2023 10: +0,1679306400
0.092,4,Mar 20 2023 11: +0,1679310000
0.1,14,Mar 20 2023 12: +0,1679313600
0.102,11,Mar 20 2023 13: +0,1679317200
0.101,6,Mar 20 2023 14: +0,1679320800
0.106,19,Mar 20 2023 15: +0,1679324400
0.11,19,Mar 20 2023 16: +0,1679328000
0.122,35,Mar 20 2023 17: +0,1679331600
0.111,11,Mar 20 2023 18: +0,1679335200
0.118,6,Mar 20 2023 19: +0,1679338800
0.106,13,Mar 20 2023 20: +0,1679342400
0.092,13,Mar 20 2023 21: +0,1679346000
0.106,7,Mar 20 2023 22: +0,1679349600
0.123,9,Mar 20 2023 23: +0,1679353200
0.118,5,Mar 21 2023 00: +0,1679356800
0.114,3,Mar 21 2023 01: +0,1679360400
0.122,2,Mar 21 2023 02: +0,1679364000
0.111,1,Mar 21 2023 03: +0,1679367600
0.093,2,Mar 21 2023 04: +0,1679371200
0.106,4,Mar 21 2023 05: +0,1679374800
0.106,9,Mar 21 2023 06: +0,1679378400
0.106,7,Mar 21 2023 07: +0,1679382000
0.108,9,Mar 21 2023 08: +0,1679385600
0.104,6,Mar 21 2023 09: +0,1679389200
0.106,20,Mar 21 2023 10: +0,1679392800
0.121,6,Mar 21 2023 11: +0,1679396400
0.101,2,Mar 21 2023 12: +0,1679400000
0.106,18,Mar 21 2023 13: +0,1679403600
0.106,17,Mar 21 2023 14: +0,1679407200
0.106,17,Mar 21 2023 15: +0,1679410800
0.102,10,Mar 21 2023 16: +0,1679414400
0.11,5,Mar 21 2023 17: +0,1679418000
0.107,12,Mar 21 2023 18: +0,1679421600
0.101,6,Mar 21 2023 19: +0,1679425200
0.106,11,Mar 21 2023 20: +0,1679428800
0.109,7,Mar 21 2023 21: +0,1679432400
0.107,9,Mar 21 2023 22: +0,1679436000
0.111,8,Mar 21 2023 23: +0,1679439600
0.079,10,Mar 22 2023 00: +0,1679443200
0.112,4,Mar 22 2023 01: +0,1679446800
0.112,10,Mar 22 2023 02: +0,1679450400
0.106,10,Mar 22 2023 03: +0,1679454000
0.106,19,Mar 22 2023 04: +0,1679457600
0.106,7,Mar 22 2023 05: +0,1679461200
0.103,9,Mar 22 2023 06: +0,1679464800
0.105,4,Mar 22 2023 07: +0,1679468400
0.103,8,Mar 22 2023 08: +0,1679472000
0.103,46,Mar 22 2023 09: +0,1679475600
0.093,9,Mar 22 2023 10: +0,1679479200
0.116,3,Mar 22 2023 11: +0,1679482800
0.114,8,Mar 22 2023 12: +0,1679486400
0.109,9,Mar 22 2023 13: +0,1679490000
0.102,21,Mar 22 2023 14: +0,1679493600
0.103,15,Mar 22 2023 15: +0,1679497200
0.101,9,Mar 22 2023 16: +0,1679500800
0.106,15,Mar 22 2023 17: +0,1679504400
0.106,25,Mar 22 2023 18: +0,1679508000
0.106,21,Mar 22 2023 19: +0,1679511600
0.106,31,Mar 22 2023 20: +0,1679515200
0.108,27,Mar 22 2023 21: +0,1679518800
0.106,8,Mar 22 2023 22: +0,1679522400
0.099,14,Mar 22 2023 23: +0,1679526000
0.103,21,Mar 23 2023 00: +0,1679529600
0.103,13,Mar 23 2023 01: +0,1679533200
0.106,7,Mar 23 2023 02: +0,1679536800
0.106,12,Mar 23 2023 03: +0,1679540400
0.106,7,Mar 23 2023 04: +0,1679544000
0.106,3,Mar 23 2023 05: +0,1679547600
0.103,5,Mar 23 2023 06: +0,1679551200
0.103,9,Mar 23 2023 07: +0,1679554800
0.103,12,Mar 23 2023 08: +0,1679558400
0.106,35,Mar 23 2023 09: +0,1679562000
0.123,38,Mar 23 2023 10: +0,1679565600
0.114,3,Mar 23 2023 11: +0,1679569200
0.106,24,Mar 23 2023 12: +0,1679572800
0.114,25,Mar 23 2023 13: +0,1679576400
0.102,10,Mar 23 2023 14: +0,1679580000
0.102,17,Mar 23 2023 15: +0,1679583600
0.106,18,Mar 23 2023 16: +0,1679587200
0.103,10,Mar 23 2023 17: +0,1679590800
0.103,33,Mar 23 2023 18: +0,1679594400
0.103,22,Mar 23 2023 19: +0,1679598000
0.106,19,Mar 23 2023 20: +0,1679601600
0.103,16,Mar 23 2023 21: +0,1679605200
0.103,13,Mar 23 2023 22: +0,1679608800
0.103,10,Mar 23 2023 23: +0,1679612400
0.106,5,Mar 24 2023 00: +0,1679616000
0.111,7,Mar 24 2023 01: +0,1679619600
0.123,9,Mar 24 2023 02: +0,1679623200
0.091,3,Mar 24 2023 03: +0,1679626800
0.106,3,Mar 24 2023 04: +0,1679630400
0.107,7,Mar 24 2023 05: +0,1679634000
0.106,20,Mar 24 2023 06: +0,1679637600
0.112,10,Mar 24 2023 07: +0,1679641200
0.106,10,Mar 24 2023 08: +0,1679644800
0.105,23,Mar 24 2023 09: +0,1679648400
0.114,21,Mar 24 2023 10: +0,1679652000
0.092,8,Mar 24 2023 11: +0,1679655600
0.088,26,Mar 24 2023 12: +0,1679659200
0.107,43,Mar 24 2023 13: +0,1679662800
0.103,8,Mar 24 2023 14: +0,1679666400
0.102,12,Mar 24 2023 15: +0,1679670000
0.105,5,Mar 24 2023 16: +0,1679673600
0.101,20,Mar 24 2023 17: +0,1679677200
0.102,12,Mar 24 2023 18: +0,1679680800
0.097,6,Mar 24 2023 19: +0,1679684400
0.103,13,Mar 24 2023 20: +0,1679688000
0.105,14,Mar 24 2023 21: +0,1679691600
0.102,9,Mar 24 2023 22: +0,1679695200
0.11,6,Mar 24 2023 23: +0,1679698800
0.101,9,Mar 25 2023 00: +0,1679702400
0.101,8,Mar 25 2023 01: +0,1679706000
0.106,2,Mar 25 2023 02: +0,1679709600
0.1,6,Mar 25 2023 03: +0,1679713200
0.101,9,Mar 25 2023 04: +0,1679716800
0.103,4,Mar 25 2023 05: +0,1679720400
0.104,1,Mar 25 2023 06: +0,1679724000
0.103,24,Mar 25 2023 07: +0,1679727600
0.1,8,Mar 25 2023 08: +0,1679731200
0.119,22,Mar 25 2023 09: +0,1679734800
0.098,14,Mar 25 2023 10: +0,1679738400
0.111,15,Mar 25 2023 11: +0,1679742000
0.115,17,Mar 25 2023 12: +0,1679745600
0.103,13,Mar 25 2023 13: +0,1679749200
0.101,15,Mar 25 2023 14: +0,1679752800
0.107,6,Mar 25 2023 15: +0,1679756400
0.099,13,Mar 25 2023 16: +0,1679760000
0.095,15,Mar 25 2023 17: +0,1679763600
0.102,16,Mar 25 2023 18: +0,1679767200
0.114,27,Mar 25 2023 19: +0,1679770800
0.115,11,Mar 25 2023 20: +0,1679774400
0.104,11,Mar 25 2023 21: +0,1679778000
0.094,10,Mar 25 2023 22: +0,1679781600
0.113,11,Mar 25 2023 23: +0,1679785200
0.106,11,Mar 26 2023 00: +0,1679788800
0.104,10,Mar 26 2023 01: +0,1679792400
0.111,12,Mar 26 2023 02: +0,1679792400
0.091,3,Mar 26 2023 03: +0,1679796000
0.098,11,Mar 26 2023 04: +0,1679799600
0.103,32,Mar 26 2023 05: +0,1679803200
0.099,3,Mar 26 2023 06: +0,1679806800
0.093,10,Mar 26 2023 07: +0,1679810400
0.098,13,Mar 26 2023 08: +0,1679814000
0.09,6,Mar 26 2023 09: +0,1679817600
0.098,11,Mar 26 2023 10: +0,1679821200
0.101,9,Mar 26 2023 11: +0,1679824800
0.104,12,Mar 26 2023 12: +0,1679828400
0.122,39,Mar 26 2023 13: +0,1679832000
0.111,17,Mar 26 2023 14: +0,1679835600
0.113,18,Mar 26 2023 15: +0,1679839200
0.107,20,Mar 26 2023 16: +0,1679842800
0.112,9,Mar 26 2023 17: +0,1679846400
0.109,10,Mar 26 2023 18: +0,1679850000
0.105,21,Mar 26 2023 19: +0,1679853600
0.103,28,Mar 26 2023 20: +0,1679857200
0.101,8,Mar 26 2023 21: +0,1679860800
0.103,16,Mar 26 2023 22: +0,1679864400
0.102,9,Mar 26 2023 23: +0,1679868000
0.094,12,Mar 27 2023 00: +0,1679871600
0.118,9,Mar 27 2023 01: +0,1679875200
0.113,12,Mar 27 2023 02: +0,1679878800
0.119,2,Mar 27 2023 03: +0,1679882400
0.118,2,Mar 27 2023 04: +0,1679886000
0.117,5,Mar 27 2023 05: +0,1679889600
0.101,7,Mar 27 2023 06: +0,1679893200
0.114,8,Mar 27 2023 07: +0,1679896800
0.116,26,Mar 27 2023 08: +0,1679900400
0.105,8,Mar 27 2023 09: +0,1679904000
0.119,21,Mar 27 2023 10: +0,1679907600
0.119,10,Mar 27 2023 11: +0,1679911200
0.118,14,Mar 27 2023 12: +0,1679914800
0.117,12,Mar 27 2023 13: +0,1679918400
0.116,21,Mar 27 2023 14: +0,1679922000
0.113,13,Mar 27 2023 15: +0,1679925600
0.111,27,Mar 27 2023 16: +0,1679929200
0.105,26,Mar 27 2023 17: +0,1679932800
0.111,13,Mar 27 2023 18: +0,1679936400
0.105,17,Mar 27 2023 19: +0,1679940000
0.122,22,Mar 27 2023 20: +0,1679943600
0.123,15,Mar 27 2023 21: +0,1679947200
0.106,15,Mar 27 2023 22: +0,1679950800
0.093,5,Mar 27 2023 23: +0,1679954400
0.106,8,Mar 28 2023 00: +0,1679958000
0.106,5,Mar 28 2023 01: +0,1679961600
0.121,9,Mar 28 2023 02: +0,1679965200
0.118,12,Mar 28 2023 03: +0,1679968800
0.122,4,Mar 28 2023 04: +0,1679972400
0.107,5,Mar 28 2023 05: +0,1679976000
0.112,3,Mar 28 2023 06: +0,1679979600
0.106,4,Mar 28 2023 07: +0,1679983200
0.106,9,Mar 28 2023 08: +0,1679986800
0.114,4,Mar 28 2023 09: +0,1679990400
0.114,20,Mar 28 2023 10: +0,1679994000
0.122,29,Mar 28 2023 11: +0,1679997600
0.106,18,Mar 28 2023 12: +0,1680001200
0.105,9,Mar 28 2023 13: +0,1680004800
0.103,16,Mar 28 2023 14: +0,1680008400
0.115,16,Mar 28 2023 15: +0,1680012000
0.114,18,Mar 28 2023 16: +0,1680015600
0.113,16,Mar 28 2023 17: +0,1680019200
0.12,24,Mar 28 2023 18: +0,1680022800
0.113,15,Mar 28 2023 19: +0,1680026400
0.114,12,Mar 28 2023 20: +0,1680030000
0.121,5,Mar 28 2023 21: +0,1680033600
0.117,6,Mar 28 2023 22: +0,1680037200
0.113,12,Mar 28 2023 23: +0,1680040800
0.122,2,Mar 29 2023 00: +0,1680044400
0.126,10,Mar 29 2023 01: +0,1680048000
0.113,5,Mar 29 2023 02: +0,1680051600
0.113,5,Mar 29 2023 03: +0,1680055200
0.083,17,Mar 29 2023 04: +0,1680058800
0.113,7,Mar 29 2023 05: +0,1680062400
0.113,5,Mar 29 2023 06: +0,1680066000
0.113,6,Mar 29 2023 07: +0,1680069600
0.113,12,Mar 29 2023 08: +0,1680073200
0.113,5,Mar 29 2023 09: +0,1680076800
0.113,11,Mar 29 2023 10: +0,1680080400
0.113,16,Mar 29 2023 11: +0,1680084000
0.113,18,Mar 29 2023 12: +0,1680087600
0.112,17,Mar 29 2023 13: +0,1680091200
0.113,15,Mar 29 2023 14: +0,1680094800
0.121,29,Mar 29 2023 15: +0,1680098400
0.113,14,Mar 29 2023 16: +0,1680102000
0.119,15,Mar 29 2023 17: +0,1680105600
0.121,43,Mar 29 2023 18: +0,1680109200
0.121,16,Mar 29 2023 19: +0,1680112800
0.121,19,Mar 29 2023 20: +0,1680116400
0.121,15,Mar 29 2023 21: +0,1680120000
0.121,3,Mar 29 2023 22: +0,1680123600
0.123,9,Mar 29 2023 23: +0,1680127200
0.095,4,Mar 30 2023 00: +0,1680130800
0.092,1,Mar 30 2023 01: +0,1680134400
0.104,4,Mar 30 2023 02: +0,1680138000
0.113,6,Mar 30 2023 03: +0,1680141600
0.116,6,Mar 30 2023 04: +0,1680145200
0.114,7,Mar 30 2023 05: +0,1680148800
0.105,11,Mar 30 2023 06: +0,1680152400
0.113,7,Mar 30 2023 07: +0,1680156000
0.113,3,Mar 30 2023 08: +0,1680159600
0.113,7,Mar 30 2023 09: +0,1680163200
0.115,11,Mar 30 2023 10: +0,1680166800
0.113,9,Mar 30 2023 11: +0,1680170400
0.112,11,Mar 30 2023 12: +0,1680174000
0.112,12,Mar 30 2023 13: +0,1680177600
0.113,14,Mar 30 2023 14: +0,1680181200
0.113,15,Mar 30 2023 15: +0,1680184800
0.118,13,Mar 30 2023 16: +0,1680188400
0.112,7,Mar 30 2023 17: +0,1680192000
0.12,11,Mar 30 2023 18: +0,1680195600
0.121,1,Mar 30 2023 19: +0,1680199200
0.122,3,Mar 30 2023 20: +0,1680202800
0.112,7,Mar 30 2023 22: +0,1680210000
0.108,23,Mar 30 2023 23: +0,1680213600
0.107,16,Mar 31 2023 00: +0,1680217200
0.092,8,Mar 31 2023 01: +0,1680220800
0.092,8,Mar 31 2023 02: +0,1680224400
0.112,3,Mar 31 2023 03: +0,1680228000
0.108,5,Mar 31 2023 04: +0,1680231600
0.112,19,Mar 31 2023 05: +0,1680235200
0.116,1,Mar 31 2023 06: +0,1680238800
0.112,4,Mar 31 2023 07: +0,1680242400
0.112,13,Mar 31 2023 08: +0,1680246000
0.112,17,Mar 31 2023 09: +0,1680249600
0.119,5,Mar 31 2023 10: +0,1680253200
0.121,12,Mar 31 2023 11: +0,1680256800
0.097,11,Mar 31 2023 12: +0,1680260400
0.112,8,Mar 31 2023 13: +0,1680264000
0.114,5,Mar 31 2023 14: +0,1680267600
0.112,1,Mar 31 2023 15: +0,1680271200
0.09,2,Mar 31 2023 16: +0,1680274800
0.1,2,Mar 31 2023 17: +0,1680278400
0.11,5,Mar 31 2023 18: +0,1680282000
0.119,5,Mar 31 2023 19: +0,1680285600
0.111,4,Mar 31 2023 20: +0,1680289200
0.112,11,Mar 31 2023 21: +0,1680292800
0.112,19,Mar 31 2023 22: +0,1680296400
0.113,11,Mar 31 2023 23: +0,1680300000
0.113,13,Apr 01 2023 00: +0,1680303600
0.113,7,Apr 01 2023 01: +0,1680307200
0.113,19,Apr 01 2023 02: +0,1680310800
0.113,7,Apr 01 2023 03: +0,1680314400
0.113,12,Apr 01 2023 04: +0,1680318000
0.117,8,Apr 01 2023 05: +0,1680321600
0.1,13,Apr 01 2023 06: +0,1680325200
0.113,34,Apr 01 2023 07: +0,1680328800
0.113,4,Apr 01 2023 08: +0,1680332400
0.113,14,Apr 01 2023 09: +0,1680336000
0.113,20,Apr 01 2023 10: +0,1680339600
0.101,26,Apr 01 2023 11: +0,1680343200
0.101,15,Apr 01 2023 12: +0,1680346800
0.103,5,Apr 01 2023 13: +0,1680350400
0.111,4,Apr 01 2023 17: +0,1680364800
0.103,16,Apr 01 2023 18: +0,1680368400
0.105,21,Apr 01 2023 19: +0,1680372000
0.103,22,Apr 01 2023 20: +0,1680375600
0.121,27,Apr 01 2023 21: +0,1680379200
0.119,15,Apr 01 2023 22: +0,1680382800
0.104,11,Apr 01 2023 23: +0,1680386400
0.095,11,Apr 02 2023 00: +0,1680390000
0.101,11,Apr 02 2023 01: +0,1680393600
0.101,11,Apr 02 2023 02: +0,1680397200
0.103,14,Apr 02 2023 03: +0,1680400800
0.102,10,Apr 02 2023 04: +0,1680404400
0.103,9,Apr 02 2023 05: +0,1680408000
0.112,2,Apr 02 2023 06: +0,1680411600
0.115,3,Apr 02 2023 07: +0,1680415200
0.103,11,Apr 02 2023 08: +0,1680418800
0.103,8,Apr 02 2023 09: +0,1680422400
0.109,20,Apr 02 2023 10: +0,1680426000
0.111,6,Apr 02 2023 11: +0,1680429600
0.102,18,Apr 02 2023 12: +0,1680433200
0.102,12,Apr 02 2023 13: +0,1680436800
0.121,2,Apr 02 2023 15: +0,1680444000
0.119,2,Apr 02 2023 16: +0,1680447600
0.102,16,Apr 02 2023 17: +0,1680451200
0.101,21,Apr 02 2023 18: +0,1680454800
0.1,14,Apr 02 2023 19: +0,1680458400
0.102,12,Apr 02 2023 20: +0,1680462000
0.106,19,Apr 02 2023 21: +0,1680465600
0.103,6,Apr 02 2023 22: +0,1680469200
0.111,5,Apr 02 2023 23: +0,1680472800
0.103,3,Apr 03 2023 00: +0,1680476400
0.113,6,Apr 03 2023 01: +0,1680480000
0.113,5,Apr 03 2023 02: +0,1680483600
0.113,18,Apr 03 2023 03: +0,1680487200
0.113,6,Apr 03 2023 04: +0,1680490800
0.118,10,Apr 03 2023 05: +0,1680494400
0.113,8,Apr 03 2023 06: +0,1680498000
0.115,1,Apr 03 2023 07: +0,1680501600
0.107,4,Apr 03 2023 08: +0,1680505200
0.113,7,Apr 03 2023 09: +0,1680508800
0.113,16,Apr 03 2023 10: +0,1680512400
0.113,17,Apr 03 2023 11: +0,1680516000
0.113,9,Apr 03 2023 12: +0,1680519600
0.113,18,Apr 03 2023 13: +0,1680523200
0.113,19,Apr 03 2023 14: +0,1680526800
0.109,5,Apr 03 2023 15: +0,1680530400
0.108,10,Apr 03 2023 16: +0,1680534000
0.105,32,Apr 03 2023 17: +0,1680537600
0.105,11,Apr 03 2023 18: +0,1680541200
0.105,26,Apr 03 2023 19: +0,1680544800
0.113,10,Apr 03 2023 20: +0,1680548400
0.113,9,Apr 03 2023 21: +0,1680552000
0.105,8,Apr 03 2023 22: +0,1680555600
0.111,4,Apr 03 2023 23: +0,1680559200
0.105,6,Apr 04 2023 00: +0,1680562800
0.119,9,Apr 04 2023 01: +0,1680566400
0.089,9,Apr 04 2023 02: +0,1680570000
0.105,5,Apr 04 2023 03: +0,1680573600
0.092,7,Apr 04 2023 04: +0,1680577200
0.105,12,Apr 04 2023 05: +0,1680580800
0.105,12,Apr 04 2023 06: +0,1680584400
0.105,4,Apr 04 2023 07: +0,1680588000
0.105,5,Apr 04 2023 08: +0,1680591600
0.099,13,Apr 04 2023 09: +0,1680595200
0.101,4,Apr 04 2023 10: +0,1680598800
0.089,7,Apr 04 2023 11: +0,1680602400
0.099,17,Apr 04 2023 12: +0,1680606000
0.11,11,Apr 04 2023 13: +0,1680609600
0.1,4,Apr 04 2023 14: +0,1680613200
0.103,1,Apr 04 2023 15: +0,1680616800
0.103,1,Apr 04 2023 16: +0,1680620400
0.102,13,Apr 04 2023 17: +0,1680624000
0.1,11,Apr 04 2023 18: +0,1680627600
0.102,12,Apr 04 2023 19: +0,1680631200
0.106,12,Apr 04 2023 20: +0,1680634800
0.114,13,Apr 04 2023 21: +0,1680638400
0.105,14,Apr 04 2023 22: +0,1680642000
0.111,3,Apr 04 2023 23: +0,1680645600
0.112,9,Apr 05 2023 00: +0,1680649200
0.096,6,Apr 05 2023 01: +0,1680652800
0.094,4,Apr 05 2023 02: +0,1680656400
0.098,5,Apr 05 2023 03: +0,1680660000
0.091,13,Apr 05 2023 04: +0,1680663600
0.091,9,Apr 05 2023 05: +0,1680667200
0.091,5,Apr 05 2023 06: +0,1680670800
0.098,3,Apr 05 2023 07: +0,1680674400
0.096,4,Apr 05 2023 08: +0,1680678000
0.098,14,Apr 05 2023 09: +0,1680681600
0.091,29,Apr 05 2023 10: +0,1680685200
0.091,9,Apr 05 2023 11: +0,1680688800
0.098,10,Apr 05 2023 12: +0,1680692400
0.099,4,Apr 05 2023 13: +0,1680696000
0.104,4,Apr 05 2023 14: +0,1680699600
0.1,14,Apr 05 2023 16: +0,1680706800
0.104,31,Apr 05 2023 17: +0,1680710400
0.104,18,Apr 05 2023 18: +0,1680714000
0.104,12,Apr 05 2023 19: +0,1680717600
0.104,12,Apr 05 2023 20: +0,1680721200
0.114,10,Apr 05 2023 21: +0,1680724800
0.112,16,Apr 05 2023 22: +0,1680728400
0.104,5,Apr 05 2023 23: +0,1680732000
0.11,3,Apr 06 2023 00: +0,1680735600
0.104,5,Apr 06 2023 01: +0,1680739200
0.105,10,Apr 06 2023 02: +0,1680742800
0.104,14,Apr 06 2023 03: +0,1680746400
0.104,7,Apr 06 2023 04: +0,1680750000
0.098,12,Apr 06 2023 05: +0,1680753600
0.097,10,Apr 06 2023 06: +0,1680757200
0.089,9,Apr 06 2023 07: +0,1680760800
0.094,6,Apr 06 2023 08: +0,1680764400
0.091,8,Apr 06 2023 09: +0,1680768000
0.091,22,Apr 06 2023 10: +0,1680771600
0.098,14,Apr 06 2023 11: +0,1680775200
0.092,16,Apr 06 2023 12: +0,1680778800
0.103,15,Apr 06 2023 13: +0,1680782400
0.11,3,Apr 06 2023 14: +0,1680786000
0.111,6,Apr 06 2023 16: +0,1680793200
0.114,20,Apr 06 2023 17: +0,1680796800
0.105,16,Apr 06 2023 18: +0,1680800400
0.106,13,Apr 06 2023 19: +0,1680804000
0.11,12,Apr 06 2023 20: +0,1680807600
0.112,15,Apr 06 2023 21: +0,1680811200
0.104,16,Apr 06 2023 22: +0,1680814800
0.104,14,Apr 06 2023 23: +0,1680818400
0.099,12,Apr 07 2023 00: +0,1680822000
0.11,3,Apr 07 2023 01: +0,1680825600
0.113,4,Apr 07 2023 02: +0,1680829200
0.101,4,Apr 07 2023 03: +0,1680832800
0.1,3,Apr 07 2023 04: +0,1680836400
0.108,4,Apr 07 2023 05: +0,1680840000
0.094,21,Apr 07 2023 06: +0,1680843600
0.092,5,Apr 07 2023 07: +0,1680847200
0.093,15,Apr 07 2023 08: +0,1680850800
0.094,7,Apr 07 2023 09: +0,1680854400
0.089,17,Apr 07 2023 10: +0,1680858000
0.089,8,Apr 07 2023 11: +0,1680861600
0.09,8,Apr 07 2023 12: +0,1680865200
0.093,1,Apr 07 2023 13: +0,1680868800
0.101,2,Apr 07 2023 15: +0,1680876000
0.097,1,Apr 07 2023 17: +0,1680883200
0.111,11,Apr 07 2023 18: +0,1680886800
0.097,7,Apr 07 2023 19: +0,1680890400
0.097,9,Apr 07 2023 20: +0,1680894000
0.111,49,Apr 07 2023 21: +0,1680897600
0.092,35,Apr 07 2023 22: +0,1680901200
0.09,12,Apr 07 2023 23: +0,1680904800
0.089,9,Apr 08 2023 00: +0,1680908400
0.114,6,Apr 08 2023 01: +0,1680912000
0.096,5,Apr 08 2023 02: +0,1680915600
0.105,5,Apr 08 2023 03: +0,1680919200
0.108,6,Apr 08 2023 04: +0,1680922800
0.092,12,Apr 08 2023 05: +0,1680926400
0.088,19,Apr 08 2023 06: +0,1680930000
0.091,9,Apr 08 2023 07: +0,1680933600
0.105,5,Apr 08 2023 08: +0,1680937200
0.087,20,Apr 08 2023 09: +0,1680940800
0.093,12,Apr 08 2023 10: +0,1680944400
0.102,9,Apr 08 2023 11: +0,1680948000
0.089,13,Apr 08 2023 12: +0,1680951600
0.1,1,Apr 08 2023 13: +0,1680955200
0.099,1,Apr 08 2023 14: +0,1680958800
0.1,1,Apr 08 2023 15: +0,1680962400
0.1,6,Apr 08 2023 16: +0,1680966000
0.104,1,Apr 08 2023 17: +0,1680969600
0.09,14,Apr 08 2023 18: +0,1680973200
0.09,14,Apr 08 2023 19: +0,1680976800
0.095,20,Apr 08 2023 20: +0,1680980400
0.098,21,Apr 08 2023 21: +0,1680984000
0.108,18,Apr 08 2023 22: +0,1680987600
0.111,11,Apr 08 2023 23: +0,1680991200
0.106,9,Apr 09 2023 00: +0,1680994800
0.09,6,Apr 09 2023 01: +0,1680998400
0.114,48,Apr 09 2023 02: +0,1681002000
0.087,20,Apr 09 2023 03: +0,1681005600
0.089,5,Apr 09 2023 04: +0,1681009200
0.086,2,Apr 09 2023 05: +0,1681012800
0.087,7,Apr 09 2023 06: +0,1681016400
0.089,21,Apr 09 2023 07: +0,1681020000
0.087,12,Apr 09 2023 08: +0,1681023600
0.088,15,Apr 09 2023 09: +0,1681027200
0.098,10,Apr 09 2023 10: +0,1681030800
0.106,16,Apr 09 2023 11: +0,1681034400
0.089,7,Apr 09 2023 12: +0,1681038000
0.108,9,Apr 09 2023 13: +0,1681041600
0.097,3,Apr 09 2023 16: +0,1681052400
0.097,24,Apr 09 2023 17: +0,1681056000
0.097,12,Apr 09 2023 18: +0,1681059600
0.097,12,Apr 09 2023 19: +0,1681063200
0.097,30,Apr 09 2023 20: +0,1681066800
0.096,26,Apr 09 2023 21: +0,1681070400
0.094,14,Apr 09 2023 22: +0,1681074000
0.087,25,Apr 09 2023 23: +0,1681077600
0.09,8,Apr 10 2023 00: +0,1681081200
0.081,7,Apr 10 2023 01: +0,1681084800
0.079,4,Apr 10 2023 02: +0,1681088400
0.096,6,Apr 10 2023 03: +0,1681092000
0.085,12,Apr 10 2023 04: +0,1681095600
0.076,15,Apr 10 2023 05: +0,1681099200
0.077,16,Apr 10 2023 06: +0,1681102800
0.086,29,Apr 10 2023 07: +0,1681106400
0.08,13,Apr 10 2023 08: +0,1681110000
0.092,18,Apr 10 2023 09: +0,1681113600
0.082,25,Apr 10 2023 10: +0,1681117200
0.08,20,Apr 10 2023 11: +0,1681120800
0.081,25,Apr 10 2023 12: +0,1681124400
0.091,12,Apr 10 2023 13: +0,1681128000
0.094,1,Apr 10 2023 14: +0,1681131600
0.069,2,Apr 10 2023 16: +0,1681138800
0.089,19,Apr 10 2023 17: +0,1681142400
0.092,13,Apr 10 2023 18: +0,1681146000
0.094,24,Apr 10 2023 19: +0,1681149600
0.09,20,Apr 10 2023 20: +0,1681153200
0.097,76,Apr 10 2023 21: +0,1681156800
0.098,41,Apr 10 2023 22: +0,1681160400
0.101,10,Apr 10 2023 23: +0,1681164000
0.098,10,Apr 11 2023 00: +0,1681167600
0.098,17,Apr 11 2023 01: +0,1681171200
0.092,14,Apr 11 2023 02: +0,1681174800
0.101,7,Apr 11 2023 03: +0,1681178400
0.099,25,Apr 11 2023 04: +0,1681182000
0.076,4,Apr 11 2023 05: +0,1681185600
0.08,4,Apr 11 2023 06: +0,1681189200
0.081,3,Apr 11 2023 07: +0,1681192800
0.105,14,Apr 11 2023 08: +0,1681196400
0.08,9,Apr 11 2023 09: +0,1681200000
0.079,9,Apr 11 2023 10: +0,1681203600
0.081,25,Apr 11 2023 11: +0,1681207200
0.076,13,Apr 11 2023 12: +0,1681210800
0.08,11,Apr 11 2023 13: +0,1681214400
0.093,6,Apr 11 2023 14: +0,1681218000
0.093,11,Apr 11 2023 16: +0,1681225200
0.076,12,Apr 11 2023 17: +0,1681228800
0.078,7,Apr 11 2023 18: +0,1681232400
0.095,14,Apr 11 2023 19: +0,1681236000
0.074,11,Apr 11 2023 20: +0,1681239600
0.083,20,Apr 11 2023 21: +0,1681243200
0.099,18,Apr 11 2023 22: +0,1681246800
0.08,8,Apr 11 2023 23: +0,1681250400
0.078,12,Apr 12 2023 00: +0,1681254000
0.076,5,Apr 12 2023 01: +0,1681257600
0.086,2,Apr 12 2023 02: +0,1681261200
0.075,12,Apr 12 2023 03: +0,1681264800
0.074,16,Apr 12 2023 04: +0,1681268400
0.072,8,Apr 12 2023 05: +0,1681272000
0.073,12,Apr 12 2023 06: +0,1681275600
0.077,12,Apr 12 2023 07: +0,1681279200
0.096,5,Apr 12 2023 08: +0,1681282800
0.08,4,Apr 12 2023 09: +0,1681286400
0.094,12,Apr 12 2023 10: +0,1681290000
0.074,14,Apr 12 2023 11: +0,1681293600
0.091,17,Apr 12 2023 12: +0,1681297200
0.084,7,Apr 12 2023 13: +0,1681300800
0.094,3,Apr 12 2023 14: +0,1681304400
0.093,14,Apr 12 2023 16: +0,1681311600
0.081,5,Apr 12 2023 17: +0,1681315200
0.092,10,Apr 12 2023 18: +0,1681318800
0.09,14,Apr 12 2023 19: +0,1681322400
0.09,13,Apr 12 2023 20: +0,1681326000
0.074,10,Apr 12 2023 21: +0,1681329600
0.092,6,Apr 12 2023 22: +0,1681333200
0.093,5,Apr 12 2023 23: +0,1681336800
0.075,5,Apr 13 2023 00: +0,1681340400
0.094,16,Apr 13 2023 01: +0,1681344000
0.074,2,Apr 13 2023 02: +0,1681347600
0.093,14,Apr 13 2023 03: +0,1681351200
0.077,7,Apr 13 2023 04: +0,1681354800
0.075,7,Apr 13 2023 05: +0,1681358400
0.075,7,Apr 13 2023 06: +0,1681362000
0.075,5,Apr 13 2023 07: +0,1681365600
0.073,6,Apr 13 2023 08: +0,1681369200
0.075,5,Apr 13 2023 09: +0,1681372800
0.075,7,Apr 13 2023 10: +0,1681376400
0.08,8,Apr 13 2023 11: +0,1681380000
0.091,17,Apr 13 2023 12: +0,1681383600
0.091,7,Apr 13 2023 13: +0,1681387200
0.095,4,Apr 13 2023 14: +0,1681390800
0.075,1,Apr 13 2023 15: +0,1681394400
0.066,1,Apr 13 2023 16: +0,1681398000
0.084,10,Apr 13 2023 17: +0,1681401600
0.092,12,Apr 13 2023 18: +0,1681405200
0.077,23,Apr 13 2023 19: +0,1681408800
0.092,19,Apr 13 2023 20: +0,1681412400
0.094,9,Apr 13 2023 21: +0,1681416000
0.092,8,Apr 13 2023 22: +0,1681419600
0.091,13,Apr 13 2023 23: +0,1681423200
0.096,10,Apr 14 2023 00: +0,1681426800
0.096,11,Apr 14 2023 01: +0,1681430400
0.086,2,Apr 14 2023 02: +0,1681434000
0.096,7,Apr 14 2023 03: +0,1681437600
0.08,23,Apr 14 2023 04: +0,1681441200
0.08,11,Apr 14 2023 05: +0,1681444800
0.08,16,Apr 14 2023 06: +0,1681448400
0.08,18,Apr 14 2023 07: +0,1681452000
0.076,16,Apr 14 2023 08: +0,1681455600
0.08,27,Apr 14 2023 09: +0,1681459200
0.074,13,Apr 14 2023 10: +0,1681462800
0.074,12,Apr 14 2023 11: +0,1681466400
0.08,89,Apr 14 2023 12: +0,1681470000
0.057,8,Apr 14 2023 13: +0,1681473600
0.074,4,Apr 14 2023 14: +0,1681477200
0.074,1,Apr 14 2023 15: +0,1681480800
0.089,1,Apr 14 2023 16: +0,1681484400
0.088,8,Apr 14 2023 17: +0,1681488000
0.074,13,Apr 14 2023 18: +0,1681491600
0.074,12,Apr 14 2023 19: +0,1681495200
0.075,20,Apr 14 2023 20: +0,1681498800
0.078,21,Apr 14 2023 21: +0,1681502400
0.078,19,Apr 14 2023 22: +0,1681506000
0.07,19,Apr 14 2023 23: +0,1681509600
0.057,8,Apr 15 2023 00: +0,1681513200
0.075,10,Apr 15 2023 01: +0,1681516800
0.07,3,Apr 15 2023 02: +0,1681520400
0.066,12,Apr 15 2023 03: +0,1681524000
0.068,5,Apr 15 2023 04: +0,1681527600
0.081,11,Apr 15 2023 05: +0,1681531200
0.066,18,Apr 15 2023 06: +0,1681534800
0.064,51,Apr 15 2023 07: +0,1681538400
0.064,9,Apr 15 2023 08: +0,1681542000
0.078,21,Apr 15 2023 09: +0,1681545600
0.075,12,Apr 15 2023 10: +0,1681549200
0.08,23,Apr 15 2023 11: +0,1681552800
0.097,5,Apr 15 2023 12: +0,1681556400
0.097,1,Apr 15 2023 14: +0,1681563600
0.087,1,Apr 15 2023 16: +0,1681570800
0.089,4,Apr 15 2023 17: +0,1681574400
0.097,3,Apr 15 2023 18: +0,1681578000
0.083,5,Apr 15 2023 19: +0,1681581600
0.124,473,Apr 15 2023 20: +0,1681585200
0.11,37,Apr 15 2023 21: +0,1681588800
0.113,24,Apr 15 2023 22: +0,1681592400
0.079,19,Apr 15 2023 23: +0,1681596000
0.075,22,Apr 16 2023 00: +0,1681599600
0.076,9,Apr 16 2023 01: +0,1681603200
0.069,7,Apr 16 2023 02: +0,1681606800
0.088,24,Apr 16 2023 03: +0,1681610400
0.081,14,Apr 16 2023 04: +0,1681614000
0.072,12,Apr 16 2023 05: +0,1681617600
0.072,12,Apr 16 2023 06: +0,1681621200
0.068,16,Apr 16 2023 07: +0,1681624800
0.068,14,Apr 16 2023 08: +0,1681628400
0.08,3,Apr 16 2023 09: +0,1681632000
0.079,5,Apr 16 2023 10: +0,1681635600
0.081,10,Apr 16 2023 11: +0,1681639200
0.057,7,Apr 16 2023 12: +0,1681642800
0.09,1,Apr 16 2023 13: +0,1681646400
0.093,1,Apr 16 2023 16: +0,1681657200
0.094,4,Apr 16 2023 17: +0,1681660800
0.082,4,Apr 16 2023 18: +0,1681664400
0.106,14,Apr 16 2023 19: +0,1681668000
0.082,6,Apr 16 2023 20: +0,1681671600
0.12,64,Apr 16 2023 21: +0,1681675200
0.136,36,Apr 16 2023 22: +0,1681678800
0.112,8,Apr 16 2023 23: +0,1681682400
0.11,6,Apr 17 2023 00: +0,1681686000
0.128,7,Apr 17 2023 01: +0,1681689600
0.102,3,Apr 17 2023 02: +0,1681693200
0.103,4,Apr 17 2023 03: +0,1681696800
0.101,8,Apr 17 2023 04: +0,1681700400
0.101,15,Apr 17 2023 05: +0,1681704000
0.102,27,Apr 17 2023 06: +0,1681707600
0.074,15,Apr 17 2023 07: +0,1681711200
0.07,20,Apr 17 2023 08: +0,1681714800
0.078,24,Apr 17 2023 09: +0,1681718400
0.089,15,Apr 17 2023 10: +0,1681722000
0.077,8,Apr 17 2023 11: +0,1681725600
0.076,12,Apr 17 2023 12: +0,1681729200
0.082,6,Apr 17 2023 13: +0,1681732800
0.085,4,Apr 17 2023 14: +0,1681736400
0.099,2,Apr 17 2023 15: +0,1681740000
0.099,2,Apr 17 2023 16: +0,1681743600
0.091,11,Apr 17 2023 17: +0,1681747200
0.082,9,Apr 17 2023 18: +0,1681750800
0.083,20,Apr 17 2023 19: +0,1681754400
0.089,31,Apr 17 2023 20: +0,1681758000
0.12,61,Apr 17 2023 21: +0,1681761600
0.081,12,Apr 17 2023 22: +0,1681765200
0.097,11,Apr 17 2023 23: +0,1681768800
0.083,5,Apr 18 2023 00: +0,1681772400
0.07,5,Apr 18 2023 01: +0,1681776000
0.085,18,Apr 18 2023 02: +0,1681779600
0.089,13,Apr 18 2023 03: +0,1681783200
0.092,5,Apr 18 2023 04: +0,1681786800
0.089,5,Apr 18 2023 05: +0,1681790400
0.089,13,Apr 18 2023 06: +0,1681794000
0.089,8,Apr 18 2023 07: +0,1681797600
0.089,17,Apr 18 2023 08: +0,1681801200
0.08,22,Apr 18 2023 09: +0,1681804800
0.074,30,Apr 18 2023 10: +0,1681808400
0.091,15,Apr 18 2023 11: +0,1681812000
0.098,10,Apr 18 2023 12: +0,1681815600
0.089,15,Apr 18 2023 13: +0,1681819200
0.087,4,Apr 18 2023 16: +0,1681830000
0.106,5,Apr 18 2023 17: +0,1681833600
0.08,15,Apr 18 2023 18: +0,1681837200
0.09,14,Apr 18 2023 19: +0,1681840800
0.115,7,Apr 18 2023 20: +0,1681844400
0.086,9,Apr 18 2023 21: +0,1681848000
0.1,14,Apr 18 2023 22: +0,1681851600
0.101,11,Apr 18 2023 23: +0,1681855200
0.092,11,Apr 19 2023 00: +0,1681858800
0.083,11,Apr 19 2023 01: +0,1681862400
0.079,11,Apr 19 2023 02: +0,1681866000
0.072,16,Apr 19 2023 03: +0,1681869600
0.078,10,Apr 19 2023 04: +0,1681873200
0.078,11,Apr 19 2023 05: +0,1681876800
0.077,14,Apr 19 2023 06: +0,1681880400
0.076,7,Apr 19 2023 07: +0,1681884000
0.077,19,Apr 19 2023 08: +0,1681887600
0.081,10,Apr 19 2023 09: +0,1681891200
0.077,27,Apr 19 2023 10: +0,1681894800
0.083,11,Apr 19 2023 11: +0,1681898400
0.079,11,Apr 19 2023 12: +0,1681902000
0.099,3,Apr 19 2023 13: +0,1681905600
0.106,4,Apr 19 2023 14: +0,1681909200
0.099,4,Apr 19 2023 15: +0,1681912800
0.09,3,Apr 19 2023 16: +0,1681916400
0.099,44,Apr 19 2023 17: +0,1681920000
0.079,2,Apr 19 2023 18: +0,1681923600
0.093,2,Apr 19 2023 19: +0,1681927200
0.106,11,Apr 19 2023 20: +0,1681930800
0.081,18,Apr 19 2023 21: +0,1681934400
0.082,14,Apr 19 2023 22: +0,1681938000
0.1,11,Apr 19 2023 23: +0,1681941600
0.083,11,Apr 20 2023 00: +0,1681945200
0.088,2,Apr 20 2023 01: +0,1681948800
0.089,13,Apr 20 2023 02: +0,1681952400
0.115,55,Apr 20 2023 03: +0,1681956000
0.121,11,Apr 20 2023 04: +0,1681959600
0.089,15,Apr 20 2023 05: +0,1681963200
0.089,16,Apr 20 2023 06: +0,1681966800
0.089,16,Apr 20 2023 07: +0,1681970400
0.08,18,Apr 20 2023 08: +0,1681974000
0.08,12,Apr 20 2023 09: +0,1681977600
0.08,21,Apr 20 2023 10: +0,1681981200
0.092,4,Apr 20 2023 11: +0,1681984800
0.082,18,Apr 20 2023 12: +0,1681988400
0.081,20,Apr 20 2023 13: +0,1681992000
0.095,10,Apr 20 2023 14: +0,1681995600
0.083,14,Apr 20 2023 15: +0,1681999200
0.084,15,Apr 20 2023 16: +0,1682002800
0.08,36,Apr 20 2023 17: +0,1682006400
0.081,16,Apr 20 2023 18: +0,1682010000
0.092,12,Apr 20 2023 19: +0,1682013600
0.099,10,Apr 20 2023 20: +0,1682017200
0.081,26,Apr 20 2023 21: +0,1682020800
0.086,18,Apr 20 2023 22: +0,1682024400
0.105,13,Apr 20 2023 23: +0,1682028000
0.082,10,Apr 21 2023 00: +0,1682031600
0.085,8,Apr 21 2023 01: +0,1682035200
0.081,6,Apr 21 2023 02: +0,1682038800
0.081,9,Apr 21 2023 03: +0,1682042400
0.081,12,Apr 21 2023 04: +0,1682046000
0.105,9,Apr 21 2023 05: +0,1682049600
0.079,19,Apr 21 2023 06: +0,1682053200
0.081,15,Apr 21 2023 07: +0,1682056800
0.081,5,Apr 21 2023 08: +0,1682060400
0.082,10,Apr 21 2023 09: +0,1682064000
0.081,16,Apr 21 2023 10: +0,1682067600
0.086,8,Apr 21 2023 11: +0,1682071200
0.078,17,Apr 21 2023 12: +0,1682074800
0.077,8,Apr 21 2023 13: +0,1682078400
0.081,27,Apr 21 2023 14: +0,1682082000
0.08,28,Apr 21 2023 15: +0,1682085600
0.081,29,Apr 21 2023 16: +0,1682089200
0.081,23,Apr 21 2023 17: +0,1682092800
0.094,43,Apr 21 2023 18: +0,1682096400
0.081,18,Apr 21 2023 19: +0,1682100000
0.083,10,Apr 21 2023 20: +0,1682103600
0.092,9,Apr 21 2023 21: +0,1682107200
0.091,14,Apr 21 2023 22: +0,1682110800
0.142,207,Apr 21 2023 23: +0,1682114400
0.089,17,Apr 22 2023 00: +0,1682118000
0.14,2,Apr 22 2023 01: +0,1682121600
0.105,8,Apr 22 2023 02: +0,1682125200
0.084,2,Apr 22 2023 03: +0,1682128800
0.084,23,Apr 22 2023 04: +0,1682132400
0.093,3,Apr 22 2023 05: +0,1682136000
0.083,2,Apr 22 2023 06: +0,1682139600
0.083,15,Apr 22 2023 07: +0,1682143200
0.083,10,Apr 22 2023 08: +0,1682146800
0.089,10,Apr 22 2023 09: +0,1682150400
0.083,21,Apr 22 2023 10: +0,1682154000
0.084,11,Apr 22 2023 11: +0,1682157600
0.089,14,Apr 22 2023 12: +0,1682161200
0.086,8,Apr 22 2023 13: +0,1682164800
0.086,8,Apr 22 2023 14: +0,1682168400
0.088,13,Apr 22 2023 15: +0,1682172000
0.088,23,Apr 22 2023 16: +0,1682175600
0.091,28,Apr 22 2023 17: +0,1682179200
0.088,21,Apr 22 2023 18: +0,1682182800
0.094,21,Apr 22 2023 19: +0,1682186400
0.096,12,Apr 22 2023 20: +0,1682190000
0.093,22,Apr 22 2023 21: +0,1682193600
0.094,23,Apr 22 2023 22: +0,1682197200
0.086,8,Apr 22 2023 23: +0,1682200800
0.088,9,Apr 23 2023 00: +0,1682204400
0.106,26,Apr 23 2023 01: +0,1682208000
0.083,8,Apr 23 2023 02: +0,1682211600
0.084,1,Apr 23 2023 03: +0,1682215200
0.076,2,Apr 23 2023 04: +0,1682218800
0.083,8,Apr 23 2023 05: +0,1682222400
0.082,12,Apr 23 2023 06: +0,1682226000
0.076,14,Apr 23 2023 07: +0,1682229600
0.074,9,Apr 23 2023 08: +0,1682233200
0.073,16,Apr 23 2023 09: +0,1682236800
0.097,13,Apr 23 2023 10: +0,1682240400
0.075,35,Apr 23 2023 11: +0,1682244000
0.088,19,Apr 23 2023 12: +0,1682247600
0.084,9,Apr 23 2023 13: +0,1682251200
0.079,16,Apr 23 2023 14: +0,1682254800
0.072,8,Apr 23 2023 15: +0,1682258400
0.066,27,Apr 23 2023 16: +0,1682262000
0.07,9,Apr 23 2023 17: +0,1682265600
0.069,11,Apr 23 2023 18: +0,1682269200
0.088,25,Apr 23 2023 19: +0,1682272800
0.089,9,Apr 23 2023 20: +0,1682276400
0.089,26,Apr 23 2023 21: +0,1682280000
0.079,7,Apr 23 2023 22: +0,1682283600
0.072,12,Apr 23 2023 23: +0,1682287200
0.097,5,Apr 24 2023 00: +0,1682290800
0.084,2,Apr 24 2023 01: +0,1682294400
0.078,12,Apr 24 2023 02: +0,1682298000
0.069,11,Apr 24 2023 03: +0,1682301600
0.064,6,Apr 24 2023 05: +0,1682308800
0.068,3,Apr 24 2023 06: +0,1682312400
0.071,3,Apr 24 2023 07: +0,1682316000
0.068,19,Apr 24 2023 08: +0,1682319600
0.071,4,Apr 24 2023 09: +0,1682323200
0.071,8,Apr 24 2023 10: +0,1682326800
0.071,3,Apr 24 2023 11: +0,1682330400
0.069,8,Apr 24 2023 12: +0,1682334000
0.085,16,Apr 24 2023 13: +0,1682337600
0.089,35,Apr 24 2023 14: +0,1682341200
0.071,14,Apr 24 2023 15: +0,1682344800
0.071,24,Apr 24 2023 16: +0,1682348400
0.072,25,Apr 24 2023 17: +0,1682352000
0.071,27,Apr 24 2023 18: +0,1682355600
0.085,18,Apr 24 2023 19: +0,1682359200
0.068,22,Apr 24 2023 20: +0,1682362800
0.084,15,Apr 24 2023 21: +0,1682366400
0.078,8,Apr 24 2023 22: +0,1682370000
0.083,7,Apr 24 2023 23: +0,1682373600
0.081,2,Apr 25 2023 00: +0,1682377200
0.082,3,Apr 25 2023 01: +0,1682380800
0.071,12,Apr 25 2023 02: +0,1682384400
0.071,11,Apr 25 2023 03: +0,1682388000
0.07,11,Apr 25 2023 04: +0,1682391600
0.07,15,Apr 25 2023 05: +0,1682395200
0.078,5,Apr 25 2023 06: +0,1682398800
0.071,10,Apr 25 2023 07: +0,1682402400
0.064,11,Apr 25 2023 08: +0,1682406000
0.064,5,Apr 25 2023 09: +0,1682409600
0.07,8,Apr 25 2023 10: +0,1682413200
0.068,17,Apr 25 2023 11: +0,1682416800
0.071,10,Apr 25 2023 12: +0,1682420400
0.071,12,Apr 25 2023 13: +0,1682424000
0.066,17,Apr 25 2023 14: +0,1682427600
0.072,17,Apr 25 2023 15: +0,1682431200
0.077,24,Apr 25 2023 16: +0,1682434800
0.082,25,Apr 25 2023 17: +0,1682438400
0.079,21,Apr 25 2023 18: +0,1682442000
0.083,36,Apr 25 2023 19: +0,1682445600
0.081,8,Apr 25 2023 20: +0,1682449200
0.087,10,Apr 25 2023 21: +0,1682452800
0.092,12,Apr 25 2023 22: +0,1682456400
0.087,14,Apr 26 2023 00: +0,1682463600
0.088,9,Apr 26 2023 01: +0,1682467200
0.087,9,Apr 26 2023 02: +0,1682470800
0.083,11,Apr 26 2023 03: +0,1682474400
0.07,9,Apr 26 2023 04: +0,1682478000
0.097,3,Apr 26 2023 05: +0,1682481600
0.067,2,Apr 26 2023 06: +0,1682485200
0.086,9,Apr 26 2023 07: +0,1682488800
0.086,10,Apr 26 2023 08: +0,1682492400
0.069,4,Apr 26 2023 09: +0,1682496000
0.082,9,Apr 26 2023 10: +0,1682499600
0.087,6,Apr 26 2023 11: +0,1682503200
0.093,12,Apr 26 2023 12: +0,1682506800
0.069,24,Apr 26 2023 13: +0,1682510400
0.07,14,Apr 26 2023 14: +0,1682514000
0.079,12,Apr 26 2023 15: +0,1682517600
0.081,11,Apr 26 2023 16: +0,1682521200
0.08,13,Apr 26 2023 17: +0,1682524800
0.083,19,Apr 26 2023 18: +0,1682528400
0.085,13,Apr 26 2023 19: +0,1682532000
0.088,9,Apr 26 2023 20: +0,1682535600
0.088,9,Apr 26 2023 21: +0,1682539200
0.069,9,Apr 26 2023 22: +0,1682542800
0.084,4,Apr 26 2023 23: +0,1682546400
0.091,2,Apr 27 2023 01: +0,1682553600
0.086,9,Apr 27 2023 02: +0,1682557200
0.074,2,Apr 27 2023 03: +0,1682560800
0.09,2,Apr 27 2023 04: +0,1682564400
0.085,1,Apr 27 2023 05: +0,1682568000
0.075,2,Apr 27 2023 06: +0,1682571600
0.068,44,Apr 27 2023 08: +0,1682578800
0.067,28,Apr 27 2023 09: +0,1682582400
0.091,10,Apr 27 2023 10: +0,1682586000
0.08,4,Apr 27 2023 11: +0,1682589600
0.071,2,Apr 27 2023 12: +0,1682593200
0.08,14,Apr 27 2023 13: +0,1682596800
0.097,9,Apr 27 2023 14: +0,1682600400
0.081,18,Apr 27 2023 15: +0,1682604000
0.089,9,Apr 27 2023 16: +0,1682607600
0.077,17,Apr 27 2023 17: +0,1682611200
0.083,5,Apr 27 2023 18: +0,1682614800
0.084,9,Apr 27 2023 19: +0,1682618400
0.084,7,Apr 27 2023 20: +0,1682622000
0.084,8,Apr 27 2023 21: +0,1682625600
0.084,1,Apr 27 2023 22: +0,1682629200
0.08,7,Apr 27 2023 23: +0,1682632800
0.088,14,Apr 28 2023 00: +0,1682636400
0.085,4,Apr 28 2023 01: +0,1682640000
0.086,4,Apr 28 2023 02: +0,1682643600
0.088,12,Apr 28 2023 03: +0,1682647200
0.085,3,Apr 28 2023 04: +0,1682650800
0.085,2,Apr 28 2023 05: +0,1682654400
0.09,7,Apr 28 2023 06: +0,1682658000
0.081,1,Apr 28 2023 07: +0,1682661600
0.078,5,Apr 28 2023 08: +0,1682665200
0.067,26,Apr 28 2023 09: +0,1682668800
0.063,34,Apr 28 2023 10: +0,1682672400
0.073,14,Apr 28 2023 12: +0,1682679600
0.075,12,Apr 28 2023 13: +0,1682683200
0.076,5,Apr 28 2023 14: +0,1682686800
0.079,15,Apr 28 2023 15: +0,1682690400
0.075,21,Apr 28 2023 16: +0,1682694000
0.08,17,Apr 28 2023 17: +0,1682697600
0.082,20,Apr 28 2023 18: +0,1682701200
0.067,9,Apr 28 2023 19: +0,1682704800
0.084,19,Apr 28 2023 20: +0,1682708400
0.096,9,Apr 28 2023 21: +0,1682712000
0.074,5,Apr 28 2023 22: +0,1682715600
0.097,21,Apr 28 2023 23: +0,1682719200
0.084,8,Apr 29 2023 00: +0,1682722800
0.071,11,Apr 29 2023 01: +0,1682726400
0.076,2,Apr 29 2023 02: +0,1682730000
0.071,6,Apr 29 2023 03: +0,1682733600
0.067,5,Apr 29 2023 04: +0,1682737200
0.075,16,Apr 29 2023 05: +0,1682740800
0.077,4,Apr 29 2023 06: +0,1682744400
0.076,2,Apr 29 2023 07: +0,1682748000
0.075,15,Apr 29 2023 08: +0,1682751600
0.07,10,Apr 29 2023 09: +0,1682755200
0.071,16,Apr 29 2023 10: +0,1682758800
0.071,22,Apr 29 2023 11: +0,1682762400
0.071,20,Apr 29 2023 12: +0,1682766000
0.07,6,Apr 29 2023 13: +0,1682769600
0.08,8,Apr 29 2023 14: +0,1682773200
0.07,18,Apr 29 2023 15: +0,1682776800
0.07,14,Apr 29 2023 16: +0,1682780400
0.071,19,Apr 29 2023 17: +0,1682784000
0.069,10,Apr 29 2023 18: +0,1682787600
0.061,9,Apr 29 2023 19: +0,1682791200
0.073,11,Apr 29 2023 20: +0,1682794800
0.074,19,Apr 29 2023 21: +0,1682798400
0.075,9,Apr 29 2023 22: +0,1682802000
0.08,2,Apr 29 2023 23: +0,1682805600
0.071,4,Apr 30 2023 00: +0,1682809200
0.076,3,Apr 30 2023 01: +0,1682812800
0.088,2,Apr 30 2023 02: +0,1682816400
0.088,10,Apr 30 2023 03: +0,1682820000
0.088,1,Apr 30 2023 04: +0,1682823600
0.076,4,Apr 30 2023 05: +0,1682827200
0.082,22,Apr 30 2023 06: +0,1682830800
0.085,10,Apr 30 2023 07: +0,1682834400
0.072,3,Apr 30 2023 08: +0,1682838000
0.058,5,Apr 30 2023 09: +0,1682841600
0.071,11,Apr 30 2023 10: +0,1682845200
0.075,13,Apr 30 2023 11: +0,1682848800
0.072,9,Apr 30 2023 12: +0,1682852400
0.073,6,Apr 30 2023 13: +0,1682856000
0.073,13,Apr 30 2023 14: +0,1682859600
0.073,8,Apr 30 2023 15: +0,1682863200
0.072,12,Apr 30 2023 16: +0,1682866800
0.088,13,Apr 30 2023 17: +0,1682870400
0.074,14,Apr 30 2023 18: +0,1682874000
0.073,18,Apr 30 2023 19: +0,1682877600
0.078,10,Apr 30 2023 20: +0,1682881200
0.07,7,Apr 30 2023 21: +0,1682884800
0.077,8,Apr 30 2023 22: +0,1682888400
0.078,7,Apr 30 2023 23: +0,1682892000
0.076,5,May 01 2023 00: +0,1682895600
0.078,8,May 01 2023 01: +0,1682899200
0.078,6,May 01 2023 02: +0,1682902800
0.084,8,May 01 2023 03: +0,1682906400
0.049,1,May 01 2023 04: +0,1682910000
0.069,5,May 01 2023 05: +0,1682913600
0.078,38,May 01 2023 06: +0,1682917200
0.055,3,May 01 2023 07: +0,1682920800
0.06,4,May 01 2023 08: +0,1682924400
0.073,3,May 01 2023 09: +0,1682928000
0.061,6,May 01 2023 10: +0,1682931600
0.061,31,May 01 2023 11: +0,1682935200
0.067,13,May 01 2023 12: +0,1682938800
0.062,10,May 01 2023 13: +0,1682942400
0.067,6,May 01 2023 14: +0,1682946000
0.065,12,May 01 2023 15: +0,1682949600
0.07,11,May 01 2023 16: +0,1682953200
0.072,10,May 01 2023 17: +0,1682956800
0.075,22,May 01 2023 18: +0,1682960400
0.075,18,May 01 2023 19: +0,1682964000
0.088,21,May 01 2023 20: +0,1682967600
0.075,6,May 01 2023 21: +0,1682971200
0.073,9,May 01 2023 22: +0,1682974800
0.069,4,May 01 2023 23: +0,1682978400
0.075,5,May 02 2023 00: +0,1682982000
0.079,18,May 02 2023 01: +0,1682985600
0.075,5,May 02 2023 02: +0,1682989200
0.076,6,May 02 2023 03: +0,1682992800
0.071,2,May 02 2023 04: +0,1682996400
0.08,5,May 02 2023 05: +0,1683000000
0.073,10,May 02 2023 06: +0,1683003600
0.063,1,May 02 2023 07: +0,1683007200
0.078,6,May 02 2023 08: +0,1683010800
0.08,13,May 02 2023 09: +0,1683014400
0.078,7,May 02 2023 10: +0,1683018000
0.063,5,May 02 2023 11: +0,1683021600
0.077,11,May 02 2023 12: +0,1683025200
0.068,4,May 02 2023 13: +0,1683028800
0.077,6,May 02 2023 14: +0,1683032400
0.077,4,May 02 2023 15: +0,1683036000
0.062,13,May 02 2023 16: +0,1683039600
0.073,17,May 02 2023 17: +0,1683043200
0.072,6,May 02 2023 18: +0,1683046800
0.073,41,May 02 2023 19: +0,1683050400
0.082,7,May 02 2023 20: +0,1683054000
0.081,12,May 02 2023 21: +0,1683057600
0.075,6,May 02 2023 22: +0,1683061200
0.08,7,May 02 2023 23: +0,1683064800
0.085,2,May 03 2023 00: +0,1683068400
0.088,1,May 03 2023 01: +0,1683072000
0.082,3,May 03 2023 02: +0,1683075600
0.071,8,May 03 2023 03: +0,1683079200
0.064,8,May 03 2023 04: +0,1683082800
0.059,4,May 03 2023 05: +0,1683086400
0.076,3,May 03 2023 06: +0,1683090000
0.077,1,May 03 2023 07: +0,1683093600
0.077,11,May 03 2023 09: +0,1683100800
0.074,10,May 03 2023 10: +0,1683104400
0.069,7,May 03 2023 11: +0,1683108000
0.07,11,May 03 2023 12: +0,1683111600
0.073,29,May 03 2023 13: +0,1683115200
0.073,8,May 03 2023 14: +0,1683118800
0.078,11,May 03 2023 15: +0,1683122400
0.072,22,May 03 2023 16: +0,1683126000
0.072,19,May 03 2023 17: +0,1683129600
0.08,9,May 03 2023 18: +0,1683133200
0.078,8,May 03 2023 19: +0,1683136800
0.079,10,May 03 2023 20: +0,1683140400
0.081,11,May 03 2023 21: +0,1683144000
0.079,9,May 03 2023 22: +0,1683147600
0.072,6,May 03 2023 23: +0,1683151200
0.097,6,May 04 2023 00: +0,1683154800
0.06,1,May 04 2023 01: +0,1683158400
0.088,3,May 04 2023 02: +0,1683162000
0.088,5,May 04 2023 03: +0,1683165600
0.069,2,May 04 2023 05: +0,1683172800
0.088,6,May 04 2023 06: +0,1683176400
0.061,2,May 04 2023 09: +0,1683187200
0.069,19,May 04 2023 10: +0,1683190800
0.061,5,May 04 2023 11: +0,1683194400
0.06,2,May 04 2023 12: +0,1683198000
0.072,11,May 04 2023 13: +0,1683201600
0.075,13,May 04 2023 14: +0,1683205200
0.075,8,May 04 2023 15: +0,1683208800
0.072,10,May 04 2023 16: +0,1683212400
0.074,14,May 04 2023 17: +0,1683216000
0.088,15,May 04 2023 18: +0,1683219600
0.073,9,May 04 2023 19: +0,1683223200
0.073,6,May 04 2023 20: +0,1683226800
0.072,12,May 04 2023 21: +0,1683230400
0.075,7,May 04 2023 22: +0,1683234000
0.088,6,May 04 2023 23: +0,1683237600
0.077,3,May 05 2023 00: +0,1683241200
0.058,9,May 05 2023 01: +0,1683244800
0.08,6,May 05 2023 02: +0,1683248400
0.066,10,May 05 2023 03: +0,1683252000
0.059,5,May 05 2023 04: +0,1683255600
0.063,20,May 05 2023 05: +0,1683259200
0.058,19,May 05 2023 06: +0,1683262800
0.058,5,May 05 2023 07: +0,1683266400
0.054,4,May 05 2023 08: +0,1683270000
0.07,2,May 05 2023 09: +0,1683273600
0.058,14,May 05 2023 10: +0,1683277200
0.061,13,May 05 2023 11: +0,1683280800
0.059,7,May 05 2023 12: +0,1683284400
0.061,13,May 05 2023 13: +0,1683288000
0.064,11,May 05 2023 14: +0,1683291600
0.079,8,May 05 2023 15: +0,1683295200
0.079,9,May 05 2023 16: +0,1683298800
0.064,11,May 05 2023 17: +0,1683302400
0.064,5,May 05 2023 18: +0,1683306000
0.063,11,May 05 2023 19: +0,1683309600
0.07,10,May 05 2023 20: +0,1683313200
0.073,4,May 05 2023 21: +0,1683316800
0.077,5,May 05 2023 22: +0,1683320400
0.078,6,May 05 2023 23: +0,1683324000
0.073,5,May 06 2023 00: +0,1683327600
0.075,6,May 06 2023 01: +0,1683331200
0.058,4,May 06 2023 02: +0,1683334800
0.065,6,May 06 2023 03: +0,1683338400
0.057,2,May 06 2023 04: +0,1683342000
0.069,7,May 06 2023 05: +0,1683345600
0.059,7,May 06 2023 06: +0,1683349200
0.077,4,May 06 2023 07: +0,1683352800
0.063,7,May 06 2023 09: +0,1683360000
0.065,7,May 06 2023 10: +0,1683363600
0.058,2,May 06 2023 11: +0,1683367200
0.065,12,May 06 2023 12: +0,1683370800
0.064,2,May 06 2023 13: +0,1683374400
0.059,2,May 06 2023 14: +0,1683378000
0.066,3,May 06 2023 15: +0,1683381600
0.066,11,May 06 2023 16: +0,1683385200
0.067,16,May 06 2023 17: +0,1683388800
0.096,217,May 06 2023 18: +0,1683392400
0.061,19,May 06 2023 19: +0,1683396000
0.078,7,May 06 2023 20: +0,1683399600
0.08,14,May 06 2023 21: +0,1683403200
0.08,3,May 06 2023 22: +0,1683406800
0.092,7,May 06 2023 23: +0,1683410400
0.059,3,May 07 2023 00: +0,1683414000
0.067,5,May 07 2023 01: +0,1683417600
0.072,2,May 07 2023 02: +0,1683421200
0.06,7,May 07 2023 03: +0,1683424800
0.061,2,May 07 2023 05: +0,1683432000
0.087,5,May 07 2023 06: +0,1683435600
0.056,2,May 07 2023 07: +0,1683439200
0.067,1,May 07 2023 08: +0,1683442800
0.069,4,May 07 2023 09: +0,1683446400
0.073,8,May 07 2023 10: +0,1683450000
0.066,8,May 07 2023 11: +0,1683453600
0.067,7,May 07 2023 12: +0,1683457200
0.064,16,May 07 2023 13: +0,1683460800
0.064,12,May 07 2023 14: +0,1683464400
0.066,7,May 07 2023 15: +0,1683468000
0.079,10,May 07 2023 16: +0,1683471600
0.067,6,May 07 2023 17: +0,1683475200
0.067,10,May 07 2023 18: +0,1683478800
0.065,7,May 07 2023 19: +0,1683482400
0.079,7,May 07 2023 20: +0,1683486000
0.069,14,May 07 2023 21: +0,1683489600
0.062,6,May 07 2023 22: +0,1683493200
0.087,2,May 07 2023 23: +0,1683496800
0.096,40,May 08 2023 00: +0,1683500400
0.105,20,May 08 2023 01: +0,1683504000
0.068,2,May 08 2023 02: +0,1683507600
0.083,2,May 08 2023 03: +0,1683511200
0.067,3,May 08 2023 04: +0,1683514800
0.095,1,May 08 2023 05: +0,1683518400
0.101,2,May 08 2023 06: +0,1683522000
0.1,1,May 08 2023 07: +0,1683525600
0.08,4,May 08 2023 08: +0,1683529200
0.091,2,May 08 2023 09: +0,1683532800
0.073,3,May 08 2023 10: +0,1683536400
0.068,7,May 08 2023 11: +0,1683540000
0.075,3,May 08 2023 12: +0,1683543600
0.073,6,May 08 2023 13: +0,1683547200
0.066,5,May 08 2023 14: +0,1683550800
0.077,4,May 08 2023 15: +0,1683554400
0.083,6,May 08 2023 16: +0,1683558000
0.069,12,May 08 2023 17: +0,1683561600
0.075,9,May 08 2023 18: +0,1683565200
0.058,4,May 08 2023 19: +0,1683568800
0.063,2,May 08 2023 20: +0,1683572400
0.078,9,May 08 2023 21: +0,1683576000
0.07,3,May 08 2023 22: +0,1683579600
0.071,4,May 08 2023 23: +0,1683583200
0.079,5,May 09 2023 00: +0,1683586800
0.078,9,May 09 2023 01: +0,1683590400
0.08,1,May 09 2023 03: +0,1683597600
0.049,1,May 09 2023 04: +0,1683601200
0.071,3,May 09 2023 05: +0,1683604800
0.071,2,May 09 2023 06: +0,1683608400
0.066,4,May 09 2023 07: +0,1683612000
0.067,4,May 09 2023 09: +0,1683619200
0.071,8,May 09 2023 10: +0,1683622800
0.058,7,May 09 2023 11: +0,1683626400
0.072,14,May 09 2023 12: +0,1683630000
0.071,3,May 09 2023 13: +0,1683633600
0.072,25,May 09 2023 14: +0,1683637200
0.075,7,May 09 2023 15: +0,1683640800
0.075,8,May 09 2023 16: +0,1683644400
0.087,11,May 09 2023 17: +0,1683648000
0.071,8,May 09 2023 18: +0,1683651600
0.08,33,May 09 2023 19: +0,1683655200
0.075,1,May 09 2023 20: +0,1683658800
0.087,9,May 09 2023 21: +0,1683662400
0.065,1,May 09 2023 22: +0,1683666000
0.066,4,May 09 2023 23: +0,1683669600
0.087,4,May 10 2023 01: +0,1683676800
0.087,2,May 10 2023 02: +0,1683680400
0.076,2,May 10 2023 05: +0,1683691200
0.066,2,May 10 2023 06: +0,1683694800
0.087,5,May 10 2023 07: +0,1683698400
0.07,3,May 10 2023 09: +0,1683705600
0.096,155,May 10 2023 10: +0,1683709200
0.133,4,May 10 2023 11: +0,1683712800
0.095,14,May 10 2023 12: +0,1683716400
0.082,4,May 10 2023 13: +0,1683720000
0.076,8,May 10 2023 14: +0,1683723600
0.099,12,May 10 2023 15: +0,1683727200
0.104,3,May 10 2023 16: +0,1683730800
0.078,6,May 10 2023 17: +0,1683734400
0.12,84,May 10 2023 18: +0,1683738000
0.082,5,May 10 2023 19: +0,1683741600
0.094,2,May 10 2023 20: +0,1683745200
0.094,2,May 10 2023 22: +0,1683752400
0.113,3,May 10 2023 23: +0,1683756000
0.113,3,May 11 2023 00: +0,1683759600
0.111,4,May 11 2023 01: +0,1683763200
0.095,2,May 11 2023 03: +0,1683770400
0.096,1,May 11 2023 05: +0,1683777600
0.076,1,May 11 2023 07: +0,1683784800
0.111,4,May 11 2023 08: +0,1683788400
0.106,4,May 11 2023 09: +0,1683792000
0.095,4,May 11 2023 10: +0,1683795600
0.086,2,May 11 2023 11: +0,1683799200
0.076,3,May 11 2023 12: +0,1683802800
0.083,4,May 11 2023 13: +0,1683806400
0.081,7,May 11 2023 14: +0,1683810000
0.082,4,May 11 2023 15: +0,1683813600
0.084,4,May 11 2023 16: +0,1683817200
0.087,2,May 11 2023 17: +0,1683820800
0.074,4,May 11 2023 18: +0,1683824400
0.084,4,May 11 2023 19: +0,1683828000
0.077,2,May 11 2023 20: +0,1683831600
0.078,5,May 11 2023 21: +0,1683835200
0.1,19,May 11 2023 22: +0,1683838800
0.08,4,May 11 2023 23: +0,1683842400
0.088,4,May 12 2023 00: +0,1683846000
0.092,6,May 12 2023 01: +0,1683849600
0.089,1,May 12 2023 02: +0,1683853200
0.096,3,May 12 2023 04: +0,1683860400
0.086,1,May 12 2023 05: +0,1683864000
0.088,2,May 12 2023 06: +0,1683867600
0.074,1,May 12 2023 07: +0,1683871200
0.098,6,May 12 2023 08: +0,1683874800
0.096,1,May 12 2023 09: +0,1683878400
0.087,3,May 12 2023 11: +0,1683885600
0.09,7,May 12 2023 12: +0,1683889200
0.1,6,May 12 2023 13: +0,1683892800
0.082,4,May 12 2023 14: +0,1683896400
0.096,1,May 12 2023 15: +0,1683900000
0.08,5,May 12 2023 16: +0,1683903600
0.083,9,May 12 2023 17: +0,1683907200
0.091,5,May 12 2023 18: +0,1683910800
0.092,6,May 12 2023 19: +0,1683914400
0.091,5,May 12 2023 20: +0,1683918000
0.091,3,May 12 2023 21: +0,1683921600
0.096,6,May 12 2023 22: +0,1683925200
0.1,2,May 12 2023 23: +0,1683928800
0.096,12,May 13 2023 00: +0,1683932400
0.087,2,May 13 2023 01: +0,1683936000
0.087,1,May 13 2023 02: +0,1683939600
0.074,1,May 13 2023 03: +0,1683943200
0.074,3,May 13 2023 04: +0,1683946800
0.081,2,May 13 2023 05: +0,1683950400
0.096,12,May 13 2023 06: +0,1683954000
0.089,8,May 13 2023 07: +0,1683957600
0.083,4,May 13 2023 08: +0,1683961200
0.083,2,May 13 2023 09: +0,1683964800
0.089,6,May 13 2023 10: +0,1683968400
0.07,10,May 13 2023 11: +0,1683972000
0.08,3,May 13 2023 12: +0,1683975600
0.051,1,May 13 2023 13: +0,1683979200
0.087,3,May 13 2023 14: +0,1683982800
0.081,12,May 13 2023 15: +0,1683986400
0.066,3,May 13 2023 16: +0,1683990000
0.067,8,May 13 2023 17: +0,1683993600
0.07,10,May 13 2023 18: +0,1683997200
0.07,10,May 13 2023 19: +0,1684000800
0.073,9,May 13 2023 20: +0,1684004400
0.077,5,May 13 2023 21: +0,1684008000
0.08,1,May 13 2023 22: +0,1684011600
0.079,3,May 13 2023 23: +0,1684015200
0.081,8,May 14 2023 00: +0,1684018800
0.073,1,May 14 2023 01: +0,1684022400
0.078,1,May 14 2023 02: +0,1684026000
0.061,2,May 14 2023 03: +0,1684029600
0.073,1,May 14 2023 04: +0,1684033200
0.067,3,May 14 2023 05: +0,1684036800
0.064,4,May 14 2023 06: +0,1684040400
0.078,1,May 14 2023 08: +0,1684047600
0.077,5,May 14 2023 09: +0,1684051200
0.072,2,May 14 2023 10: +0,1684054800
0.087,1,May 14 2023 11: +0,1684058400
0.068,5,May 14 2023 12: +0,1684062000
0.063,2,May 14 2023 13: +0,1684065600
0.066,13,May 14 2023 14: +0,1684069200
0.065,5,May 14 2023 15: +0,1684072800
0.068,8,May 14 2023 16: +0,1684076400
0.063,2,May 14 2023 17: +0,1684080000
0.07,5,May 14 2023 18: +0,1684083600
0.06,13,May 14 2023 19: +0,1684087200
0.077,11,May 14 2023 20: +0,1684090800
0.079,12,May 14 2023 21: +0,1684094400
0.092,8,May 14 2023 22: +0,1684098000
0.083,7,May 14 2023 23: +0,1684101600
0.088,13,May 15 2023 00: +0,1684105200
0.1,93,May 15 2023 01: +0,1684108800
0.083,4,May 15 2023 02: +0,1684112400
0.091,3,May 15 2023 04: +0,1684119600
0.064,3,May 15 2023 05: +0,1684123200
0.079,2,May 15 2023 07: +0,1684130400
0.089,4,May 15 2023 08: +0,1684134000
0.065,2,May 15 2023 10: +0,1684141200
0.096,4,May 15 2023 11: +0,1684144800
0.065,2,May 15 2023 12: +0,1684148400
0.087,16,May 15 2023 13: +0,1684152000
0.087,6,May 15 2023 14: +0,1684155600
0.094,4,May 15 2023 15: +0,1684159200
0.065,3,May 15 2023 16: +0,1684162800
0.089,7,May 15 2023 17: +0,1684166400
0.092,11,May 15 2023 18: +0,1684170000
0.039,4,May 15 2023 19: +0,1684173600
0.092,6,May 15 2023 20: +0,1684177200
0.092,8,May 15 2023 21: +0,1684180800
0.092,7,May 15 2023 22: +0,1684184400
0.075,2,May 15 2023 23: +0,1684188000
0.072,1,May 16 2023 00: +0,1684191600
0.096,1,May 16 2023 01: +0,1684195200
0.096,3,May 16 2023 02: +0,1684198800
0.086,5,May 16 2023 03: +0,1684202400
0.095,2,May 16 2023 04: +0,1684206000
0.092,1,May 16 2023 05: +0,1684209600
0.091,1,May 16 2023 07: +0,1684216800
0.066,1,May 16 2023 08: +0,1684220400
0.096,6,May 16 2023 09: +0,1684224000
0.08,2,May 16 2023 10: +0,1684227600
0.092,3,May 16 2023 12: +0,1684234800
0.096,9,May 16 2023 13: +0,1684238400
0.104,1,May 16 2023 14: +0,1684242000
0.104,9,May 16 2023 15: +0,1684245600
0.092,2,May 16 2023 16: +0,1684249200
0.081,5,May 16 2023 17: +0,1684252800
0.07,3,May 16 2023 18: +0,1684256400
0.1,9,May 16 2023 19: +0,1684260000
0.092,13,May 16 2023 20: +0,1684263600
0.093,5,May 16 2023 21: +0,1684267200
0.087,2,May 16 2023 22: +0,1684270800
0.104,6,May 16 2023 23: +0,1684274400
0.082,2,May 17 2023 00: +0,1684278000
0.104,1,May 17 2023 01: +0,1684281600
0.104,5,May 17 2023 02: +0,1684285200
0.092,8,May 17 2023 07: +0,1684303200
0.104,3,May 17 2023 08: +0,1684306800
0.074,8,May 17 2023 10: +0,1684314000
0.057,1,May 17 2023 11: +0,1684317600
0.086,4,May 17 2023 13: +0,1684324800
0.087,6,May 17 2023 14: +0,1684328400
0.089,4,May 17 2023 15: +0,1684332000
0.092,12,May 17 2023 16: +0,1684335600
0.092,5,May 17 2023 17: +0,1684339200
0.093,11,May 17 2023 18: +0,1684342800
0.105,9,May 17 2023 19: +0,1684346400
0.078,4,May 17 2023 20: +0,1684350000
0.087,5,May 17 2023 21: +0,1684353600
0.104,6,May 17 2023 22: +0,1684357200
0.097,2,May 17 2023 23: +0,1684360800
0.096,6,May 18 2023 00: +0,1684364400
0.095,5,May 18 2023 01: +0,1684368000
0.092,2,May 18 2023 02: +0,1684371600
0.071,1,May 18 2023 03: +0,1684375200
0.089,1,May 18 2023 04: +0,1684378800
0.092,7,May 18 2023 05: +0,1684382400
0.076,2,May 18 2023 08: +0,1684393200
0.091,4,May 18 2023 09: +0,1684396800
0.072,1,May 18 2023 10: +0,1684400400
0.091,1,May 18 2023 11: +0,1684404000
0.082,4,May 18 2023 12: +0,1684407600
0.104,142,May 18 2023 13: +0,1684411200
0.084,12,May 18 2023 14: +0,1684414800
0.076,4,May 18 2023 15: +0,1684418400
0.092,10,May 18 2023 16: +0,1684422000
0.078,3,May 18 2023 17: +0,1684425600
0.093,3,May 18 2023 18: +0,1684429200
0.102,6,May 18 2023 19: +0,1684432800
0.078,14,May 18 2023 20: +0,1684436400
0.095,3,May 18 2023 21: +0,1684440000
0.092,5,May 18 2023 22: +0,1684443600
0.074,3,May 18 2023 23: +0,1684447200
0.069,258,May 19 2023 00: +0,1684450800
0.086,3,May 19 2023 01: +0,1684454400
0.095,1,May 19 2023 02: +0,1684458000
0.071,2,May 19 2023 03: +0,1684461600
0.086,4,May 19 2023 05: +0,1684468800
0.09,2,May 19 2023 06: +0,1684472400
0.073,3,May 19 2023 07: +0,1684476000
0.09,5,May 19 2023 08: +0,1684479600
0.085,1,May 19 2023 09: +0,1684483200
0.095,1,May 19 2023 11: +0,1684490400
0.074,1,May 19 2023 12: +0,1684494000
0.091,9,May 19 2023 13: +0,1684497600
0.086,4,May 19 2023 14: +0,1684501200
0.082,6,May 19 2023 15: +0,1684504800
0.097,6,May 19 2023 16: +0,1684508400
0.074,2,May 19 2023 17: +0,1684512000
0.088,4,May 19 2023 18: +0,1684515600
0.095,11,May 19 2023 19: +0,1684519200
0.09,5,May 19 2023 20: +0,1684522800
0.049,1,May 19 2023 21: +0,1684526400
0.07,5,May 19 2023 22: +0,1684530000
0.074,6,May 19 2023 23: +0,1684533600
0.088,4,May 20 2023 00: +0,1684537200
0.092,2,May 20 2023 01: +0,1684540800
0.09,1,May 20 2023 02: +0,1684544400
0.096,1,May 20 2023 03: +0,1684548000
0.098,6,May 20 2023 05: +0,1684555200
0.096,1,May 20 2023 06: +0,1684558800
0.07,3,May 20 2023 07: +0,1684562400
0.096,13,May 20 2023 08: +0,1684566000
0.09,11,May 20 2023 10: +0,1684573200
0.09,6,May 20 2023 11: +0,1684576800
0.08,3,May 20 2023 12: +0,1684580400
0.078,2,May 20 2023 13: +0,1684584000
0.086,5,May 20 2023 14: +0,1684587600
0.092,4,May 20 2023 15: +0,1684591200
0.09,2,May 20 2023 16: +0,1684594800
0.089,2,May 20 2023 17: +0,1684598400
0.072,31,May 20 2023 18: +0,1684602000
0.09,11,May 20 2023 19: +0,1684605600
0.09,12,May 20 2023 20: +0,1684609200
0.089,2,May 20 2023 21: +0,1684612800
0.092,4,May 20 2023 22: +0,1684616400
0.09,9,May 20 2023 23: +0,1684620000
0.078,2,May 21 2023 00: +0,1684623600
0.084,2,May 21 2023 01: +0,1684627200
0.096,3,May 21 2023 03: +0,1684634400
0.083,1,May 21 2023 04: +0,1684638000
0.07,1,May 21 2023 06: +0,1684645200
0.083,4,May 21 2023 07: +0,1684648800
0.09,2,May 21 2023 08: +0,1684652400
0.1,2,May 21 2023 09: +0,1684656000
0.072,11,May 21 2023 10: +0,1684659600
0.072,78,May 21 2023 11: +0,1684663200
0.071,5,May 21 2023 12: +0,1684666800
0.08,4,May 21 2023 13: +0,1684670400
0.075,2,May 21 2023 14: +0,1684674000
0.08,8,May 21 2023 15: +0,1684677600
0.078,2,May 21 2023 16: +0,1684681200
0.078,4,May 21 2023 17: +0,1684684800
0.08,7,May 21 2023 18: +0,1684688400
0.078,5,May 21 2023 19: +0,1684692000
0.082,10,May 21 2023 20: +0,1684695600
0.05,4,May 21 2023 21: +0,1684699200
0.07,8,May 21 2023 22: +0,1684702800
0.078,2,May 21 2023 23: +0,1684706400
0.072,2,May 22 2023 00: +0,1684710000
0.088,1,May 22 2023 01: +0,1684713600
0.072,1,May 22 2023 02: +0,1684717200
0.083,5,May 22 2023 03: +0,1684720800
0.082,1,May 22 2023 04: +0,1684724400
0.081,3,May 22 2023 05: +0,1684728000
0.082,1,May 22 2023 07: +0,1684735200
0.082,1,May 22 2023 08: +0,1684738800
0.081,8,May 22 2023 09: +0,1684742400
0.082,5,May 22 2023 10: +0,1684746000
0.09,1,May 22 2023 11: +0,1684749600
0.061,5,May 22 2023 12: +0,1684753200
0.082,3,May 22 2023 13: +0,1684756800
0.08,6,May 22 2023 14: +0,1684760400
0.082,5,May 22 2023 15: +0,1684764000
0.065,11,May 22 2023 16: +0,1684767600
0.07,2,May 22 2023 17: +0,1684771200
0.078,5,May 22 2023 18: +0,1684774800
0.081,9,May 22 2023 19: +0,1684778400
0.081,4,May 22 2023 20: +0,1684782000
0.081,5,May 22 2023 21: +0,1684785600
0.083,8,May 22 2023 22: +0,1684789200
0.082,2,May 22 2023 23: +0,1684792800
0.077,1,May 23 2023 01: +0,1684800000
0.082,3,May 23 2023 02: +0,1684803600
0.088,2,May 23 2023 03: +0,1684807200
0.084,2,May 23 2023 04: +0,1684810800
0.068,1,May 23 2023 05: +0,1684814400
0.079,3,May 23 2023 06: +0,1684818000
0.088,6,May 23 2023 08: +0,1684825200
0.074,2,May 23 2023 09: +0,1684828800
0.08,3,May 23 2023 10: +0,1684832400
0.085,6,May 23 2023 11: +0,1684836000
0.068,5,May 23 2023 12: +0,1684839600
0.06,4,May 23 2023 13: +0,1684843200
0.08,4,May 23 2023 14: +0,1684846800
0.081,7,May 23 2023 15: +0,1684850400
0.081,8,May 23 2023 16: +0,1684854000
0.069,9,May 23 2023 17: +0,1684857600
0.082,3,May 23 2023 18: +0,1684861200
0.086,10,May 23 2023 19: +0,1684864800
0.057,100,May 23 2023 20: +0,1684868400
0.082,11,May 23 2023 21: +0,1684872000
0.081,2,May 23 2023 22: +0,1684875600
0.088,2,May 23 2023 23: +0,1684879200
0.084,9,May 24 2023 00: +0,1684882800
0.085,2,May 24 2023 01: +0,1684886400
0.086,2,May 24 2023 02: +0,1684890000
0.072,2,May 24 2023 03: +0,1684893600
0.089,7,May 24 2023 04: +0,1684897200
0.096,2,May 24 2023 05: +0,1684900800
0.058,9,May 24 2023 06: +0,1684904400
0.096,4,May 24 2023 07: +0,1684908000
0.096,5,May 24 2023 08: +0,1684911600
0.083,4,May 24 2023 09: +0,1684915200
0.082,1,May 24 2023 10: +0,1684918800
0.078,4,May 24 2023 11: +0,1684922400
0.081,8,May 24 2023 12: +0,1684926000
0.058,3,May 24 2023 13: +0,1684929600
0.08,11,May 24 2023 14: +0,1684933200
0.08,3,May 24 2023 15: +0,1684936800
0.069,3,May 24 2023 16: +0,1684940400
0.078,5,May 24 2023 17: +0,1684944000
0.087,11,May 24 2023 18: +0,1684947600
0.084,4,May 24 2023 19: +0,1684951200
0.087,10,May 24 2023 20: +0,1684954800
0.077,4,May 24 2023 21: +0,1684958400
0.078,5,May 24 2023 22: +0,1684962000
0.08,10,May 24 2023 23: +0,1684965600
0.08,8,May 25 2023 00: +0,1684969200
0.077,4,May 25 2023 02: +0,1684976400
0.08,2,May 25 2023 03: +0,1684980000
0.089,2,May 25 2023 04: +0,1684983600
0.085,2,May 25 2023 05: +0,1684987200
0.08,1,May 25 2023 07: +0,1684994400
0.076,3,May 25 2023 08: +0,1684998000
0.087,5,May 25 2023 09: +0,1685001600
0.06,6,May 25 2023 10: +0,1685005200
0.079,3,May 25 2023 11: +0,1685008800
0.078,1,May 25 2023 12: +0,1685012400
0.073,4,May 25 2023 13: +0,1685016000
0.078,3,May 25 2023 14: +0,1685019600
0.081,2,May 25 2023 15: +0,1685023200
0.08,13,May 25 2023 16: +0,1685026800
0.085,10,May 25 2023 17: +0,1685030400
0.084,8,May 25 2023 18: +0,1685034000
0.084,7,May 25 2023 19: +0,1685037600
0.082,3,May 25 2023 20: +0,1685041200
0.089,11,May 25 2023 21: +0,1685044800
0.088,4,May 25 2023 22: +0,1685048400
0.084,4,May 25 2023 23: +0,1685052000
0.079,4,May 26 2023 00: +0,1685055600
0.083,1,May 26 2023 01: +0,1685059200
0.089,7,May 26 2023 02: +0,1685062800
0.089,2,May 26 2023 03: +0,1685066400
0.081,5,May 26 2023 04: +0,1685070000
0.074,1,May 26 2023 05: +0,1685073600
0.077,3,May 26 2023 06: +0,1685077200
0.074,5,May 26 2023 07: +0,1685080800
0.074,3,May 26 2023 08: +0,1685084400
0.083,4,May 26 2023 09: +0,1685088000
0.081,13,May 26 2023 10: +0,1685091600
0.075,5,May 26 2023 11: +0,1685095200
0.081,8,May 26 2023 12: +0,1685098800
0.075,8,May 26 2023 13: +0,1685102400
0.075,5,May 26 2023 14: +0,1685106000
0.095,5,May 26 2023 15: +0,1685109600
0.089,5,May 26 2023 16: +0,1685113200
0.081,13,May 26 2023 17: +0,1685116800
0.076,7,May 26 2023 18: +0,1685120400
0.084,4,May 26 2023 19: +0,1685124000
0.084,5,May 26 2023 20: +0,1685127600
0.08,5,May 26 2023 21: +0,1685131200
0.095,5,May 26 2023 22: +0,1685134800
0.089,11,May 26 2023 23: +0,1685138400
0.089,5,May 27 2023 00: +0,1685142000
0.086,8,May 27 2023 01: +0,1685145600
0.084,7,May 27 2023 02: +0,1685149200
0.084,1,May 27 2023 03: +0,1685152800
0.072,3,May 27 2023 04: +0,1685156400
0.084,4,May 27 2023 05: +0,1685160000
0.066,3,May 27 2023 06: +0,1685163600
0.068,13,May 27 2023 07: +0,1685167200
0.066,4,May 27 2023 08: +0,1685170800
0.071,5,May 27 2023 09: +0,1685174400
0.073,2,May 27 2023 10: +0,1685178000
0.086,2,May 27 2023 11: +0,1685181600
0.077,8,May 27 2023 12: +0,1685185200
0.073,3,May 27 2023 13: +0,1685188800
0.083,6,May 27 2023 14: +0,1685192400
0.084,12,May 27 2023 15: +0,1685196000
0.092,10,May 27 2023 16: +0,1685199600
0.086,16,May 27 2023 17: +0,1685203200
0.08,13,May 27 2023 19: +0,1685210400
0.072,1,May 27 2023 20: +0,1685214000
0.085,6,May 27 2023 21: +0,1685217600
0.083,13,May 27 2023 22: +0,1685221200
0.084,15,May 27 2023 23: +0,1685224800
0.089,2,May 28 2023 00: +0,1685228400
0.089,1,May 28 2023 01: +0,1685232000
0.1,1,May 28 2023 02: +0,1685235600
0.084,2,May 28 2023 03: +0,1685239200
0.081,3,May 28 2023 05: +0,1685246400
0.074,1,May 28 2023 06: +0,1685250000
0.078,7,May 28 2023 07: +0,1685253600
0.075,7,May 28 2023 08: +0,1685257200
0.073,5,May 28 2023 09: +0,1685260800
0.074,10,May 28 2023 10: +0,1685264400
0.074,9,May 28 2023 11: +0,1685268000
0.069,8,May 28 2023 12: +0,1685271600
0.073,5,May 28 2023 13: +0,1685275200
0.074,8,May 28 2023 14: +0,1685278800
0.073,15,May 28 2023 15: +0,1685282400
0.083,5,May 28 2023 16: +0,1685286000
0.084,9,May 28 2023 17: +0,1685289600
0.083,16,May 28 2023 18: +0,1685293200
0.07,5,May 28 2023 19: +0,1685296800
0.086,4,May 28 2023 20: +0,1685300400
0.082,8,May 28 2023 21: +0,1685304000
0.082,6,May 28 2023 22: +0,1685307600
0.089,2,May 28 2023 23: +0,1685311200
0.095,1,May 29 2023 00: +0,1685314800
0.089,3,May 29 2023 01: +0,1685318400
0.074,2,May 29 2023 02: +0,1685322000
0.089,2,May 29 2023 03: +0,1685325600
0.089,1,May 29 2023 05: +0,1685332800
0.089,1,May 29 2023 06: +0,1685336400
0.084,4,May 29 2023 07: +0,1685340000
0.075,2,May 29 2023 08: +0,1685343600
0.079,7,May 29 2023 09: +0,1685347200
0.08,7,May 29 2023 11: +0,1685354400
0.084,2,May 29 2023 12: +0,1685358000
0.083,8,May 29 2023 13: +0,1685361600
0.066,7,May 29 2023 14: +0,1685365200
0.07,4,May 29 2023 15: +0,1685368800
0.083,6,May 29 2023 16: +0,1685372400
0.082,8,May 29 2023 17: +0,1685376000
0.084,17,May 29 2023 18: +0,1685379600
0.086,8,May 29 2023 19: +0,1685383200
0.082,9,May 29 2023 20: +0,1685386800
0.084,12,May 29 2023 21: +0,1685390400
0.084,7,May 29 2023 22: +0,1685394000
0.083,2,May 29 2023 23: +0,1685397600
0.089,5,May 30 2023 00: +0,1685401200
0.089,1,May 30 2023 01: +0,1685404800
0.086,2,May 30 2023 02: +0,1685408400
0.084,1,May 30 2023 04: +0,1685415600
0.084,3,May 30 2023 05: +0,1685419200
0.089,7,May 30 2023 06: +0,1685422800
0.095,1,May 30 2023 08: +0,1685430000
0.089,5,May 30 2023 09: +0,1685433600
0.089,10,May 30 2023 10: +0,1685437200
0.095,3,May 30 2023 11: +0,1685440800
0.079,4,May 30 2023 12: +0,1685444400
0.082,6,May 30 2023 13: +0,1685448000
0.087,1,May 30 2023 14: +0,1685451600
0.083,6,May 30 2023 15: +0,1685455200
0.084,4,May 30 2023 16: +0,1685458800
0.084,7,May 30 2023 17: +0,1685462400
0.084,8,May 30 2023 18: +0,1685466000
0.072,33,May 30 2023 19: +0,1685469600
0.081,4,May 30 2023 20: +0,1685473200
0.089,4,May 30 2023 21: +0,1685476800
0.06,7,May 30 2023 22: +0,1685480400
0.089,2,May 31 2023 00: +0,1685487600
0.089,6,May 31 2023 02: +0,1685494800
0.072,1,May 31 2023 04: +0,1685502000
0.077,2,May 31 2023 05: +0,1685505600
0.084,3,May 31 2023 06: +0,1685509200
0.084,3,May 31 2023 07: +0,1685512800
0.082,6,May 31 2023 08: +0,1685516400
0.084,4,May 31 2023 09: +0,1685520000
0.078,6,May 31 2023 10: +0,1685523600
0.095,7,May 31 2023 11: +0,1685527200
0.073,5,May 31 2023 12: +0,1685530800
0.08,2,May 31 2023 13: +0,1685534400
0.08,7,May 31 2023 14: +0,1685538000
0.101,5,May 31 2023 15: +0,1685541600
0.083,3,May 31 2023 16: +0,1685545200
0.079,14,May 31 2023 17: +0,1685548800
0.083,4,May 31 2023 18: +0,1685552400
0.077,13,May 31 2023 19: +0,1685556000
0.073,8,May 31 2023 21: +0,1685563200
0.076,4,May 31 2023 22: +0,1685566800
0.078,9,May 31 2023 23: +0,1685570400
0.072,3,Jun 01 2023 00: +0,1685574000
0.063,1,Jun 01 2023 02: +0,1685581200
0.074,1,Jun 01 2023 03: +0,1685584800
0.078,2,Jun 01 2023 04: +0,1685588400
0.08,2,Jun 01 2023 05: +0,1685592000
0.081,1,Jun 01 2023 06: +0,1685595600
0.078,1,Jun 01 2023 07: +0,1685599200
0.085,4,Jun 01 2023 08: +0,1685602800
0.072,3,Jun 01 2023 09: +0,1685606400
0.072,2,Jun 01 2023 10: +0,1685610000
0.077,8,Jun 01 2023 11: +0,1685613600
0.077,9,Jun 01 2023 12: +0,1685617200
0.073,6,Jun 01 2023 13: +0,1685620800
0.065,64,Jun 01 2023 14: +0,1685624400
0.077,1,Jun 01 2023 15: +0,1685628000
0.071,5,Jun 01 2023 16: +0,1685631600
0.081,4,Jun 01 2023 17: +0,1685635200
0.07,14,Jun 01 2023 18: +0,1685638800
0.076,13,Jun 01 2023 19: +0,1685642400
0.085,13,Jun 01 2023 20: +0,1685646000
0.071,9,Jun 01 2023 21: +0,1685649600
0.086,8,Jun 01 2023 22: +0,1685653200
0.068,1,Jun 01 2023 23: +0,1685656800
0.088,1,Jun 02 2023 00: +0,1685660400
0.068,1,Jun 02 2023 02: +0,1685667600
0.08,5,Jun 02 2023 04: +0,1685674800
0.065,1,Jun 02 2023 05: +0,1685678400
0.077,5,Jun 02 2023 06: +0,1685682000
0.068,1,Jun 02 2023 07: +0,1685685600
0.07,1,Jun 02 2023 08: +0,1685689200
0.068,1,Jun 02 2023 09: +0,1685692800
0.08,6,Jun 02 2023 10: +0,1685696400
0.072,5,Jun 02 2023 11: +0,1685700000
0.068,5,Jun 02 2023 12: +0,1685703600
0.075,11,Jun 02 2023 13: +0,1685707200
0.077,7,Jun 02 2023 14: +0,1685710800
0.067,7,Jun 02 2023 15: +0,1685714400
0.077,5,Jun 02 2023 16: +0,1685718000
0.077,7,Jun 02 2023 17: +0,1685721600
0.076,7,Jun 02 2023 18: +0,1685725200
0.075,4,Jun 02 2023 19: +0,1685728800
0.077,4,Jun 02 2023 20: +0,1685732400
0.078,8,Jun 02 2023 21: +0,1685736000
0.076,12,Jun 02 2023 22: +0,1685739600
0.073,6,Jun 02 2023 23: +0,1685743200
0.072,1,Jun 03 2023 00: +0,1685746800
0.077,3,Jun 03 2023 01: +0,1685750400
0.09,5,Jun 03 2023 03: +0,1685757600
0.077,8,Jun 03 2023 04: +0,1685761200
0.088,1,Jun 03 2023 05: +0,1685764800
0.088,1,Jun 03 2023 06: +0,1685768400
0.077,2,Jun 03 2023 08: +0,1685775600
0.086,7,Jun 03 2023 09: +0,1685779200
0.075,1,Jun 03 2023 10: +0,1685782800
0.079,11,Jun 03 2023 11: +0,1685786400
0.079,3,Jun 03 2023 12: +0,1685790000
0.074,4,Jun 03 2023 13: +0,1685793600
0.088,9,Jun 03 2023 14: +0,1685797200
0.095,3,Jun 03 2023 15: +0,1685800800
0.069,6,Jun 03 2023 16: +0,1685804400
0.08,6,Jun 03 2023 17: +0,1685808000
0.081,4,Jun 03 2023 18: +0,1685811600
0.081,16,Jun 03 2023 19: +0,1685815200
0.08,15,Jun 03 2023 20: +0,1685818800
0.08,5,Jun 03 2023 21: +0,1685822400
0.079,5,Jun 03 2023 22: +0,1685826000
0.095,7,Jun 03 2023 23: +0,1685829600
0.084,8,Jun 04 2023 00: +0,1685833200
0.095,5,Jun 04 2023 01: +0,1685836800
0.084,1,Jun 04 2023 02: +0,1685840400
0.079,1,Jun 04 2023 03: +0,1685844000
0.096,1,Jun 04 2023 05: +0,1685851200
0.077,3,Jun 04 2023 07: +0,1685858400
0.077,3,Jun 04 2023 08: +0,1685862000
0.079,10,Jun 04 2023 09: +0,1685865600
0.074,8,Jun 04 2023 10: +0,1685869200
0.08,8,Jun 04 2023 11: +0,1685872800
0.095,9,Jun 04 2023 12: +0,1685876400
0.078,2,Jun 04 2023 13: +0,1685880000
0.082,6,Jun 04 2023 14: +0,1685883600
0.078,8,Jun 04 2023 15: +0,1685887200
0.088,7,Jun 04 2023 16: +0,1685890800
0.081,2,Jun 04 2023 17: +0,1685894400
0.068,3,Jun 04 2023 18: +0,1685898000
0.073,8,Jun 04 2023 19: +0,1685901600
0.077,10,Jun 04 2023 20: +0,1685905200
0.086,14,Jun 04 2023 21: +0,1685908800
0.087,5,Jun 04 2023 22: +0,1685912400
0.07,1,Jun 04 2023 23: +0,1685916000
0.082,5,Jun 05 2023 01: +0,1685923200
0.082,3,Jun 05 2023 02: +0,1685926800
0.089,2,Jun 05 2023 04: +0,1685934000
0.093,2,Jun 05 2023 07: +0,1685944800
0.07,3,Jun 05 2023 08: +0,1685948400
0.071,5,Jun 05 2023 09: +0,1685952000
0.075,4,Jun 05 2023 10: +0,1685955600
0.078,3,Jun 05 2023 11: +0,1685959200
0.075,2,Jun 05 2023 12: +0,1685962800
0.076,2,Jun 05 2023 13: +0,1685966400
0.079,7,Jun 05 2023 14: +0,1685970000
0.086,3,Jun 05 2023 15: +0,1685973600
0.071,15,Jun 05 2023 16: +0,1685977200
0.089,10,Jun 05 2023 17: +0,1685980800
0.088,9,Jun 05 2023 18: +0,1685984400
0.082,2,Jun 05 2023 19: +0,1685988000
0.082,9,Jun 05 2023 20: +0,1685991600
0.063,5,Jun 05 2023 21: +0,1685995200
0.09,12,Jun 05 2023 22: +0,1685998800
0.099,2,Jun 05 2023 23: +0,1686002400
0.082,8,Jun 06 2023 00: +0,1686006000
0.096,1,Jun 06 2023 02: +0,1686013200
0.088,1,Jun 06 2023 03: +0,1686016800
0.092,6,Jun 06 2023 04: +0,1686020400
0.075,1,Jun 06 2023 05: +0,1686024000
0.089,3,Jun 06 2023 07: +0,1686031200
0.09,1,Jun 06 2023 08: +0,1686034800
0.09,2,Jun 06 2023 09: +0,1686038400
0.079,2,Jun 06 2023 10: +0,1686042000
0.073,9,Jun 06 2023 11: +0,1686045600
0.083,9,Jun 06 2023 12: +0,1686049200
0.079,8,Jun 06 2023 13: +0,1686052800
0.079,4,Jun 06 2023 14: +0,1686056400
0.086,5,Jun 06 2023 15: +0,1686060000
0.072,7,Jun 06 2023 16: +0,1686063600
0.086,10,Jun 06 2023 17: +0,1686067200
0.089,3,Jun 06 2023 18: +0,1686070800
0.089,3,Jun 06 2023 19: +0,1686074400
0.064,2,Jun 06 2023 20: +0,1686078000
0.102,7,Jun 06 2023 21: +0,1686081600
0.078,5,Jun 06 2023 22: +0,1686085200
0.086,1,Jun 06 2023 23: +0,1686088800
0.089,5,Jun 07 2023 00: +0,1686092400
0.096,4,Jun 07 2023 01: +0,1686096000
0.089,2,Jun 07 2023 02: +0,1686099600
0.074,8,Jun 07 2023 03: +0,1686103200
0.087,5,Jun 07 2023 04: +0,1686106800
0.096,1,Jun 07 2023 05: +0,1686110400
0.064,1,Jun 07 2023 06: +0,1686114000
0.096,2,Jun 07 2023 07: +0,1686117600
0.089,5,Jun 07 2023 08: +0,1686121200
0.092,3,Jun 07 2023 09: +0,1686124800
0.081,4,Jun 07 2023 10: +0,1686128400
0.08,2,Jun 07 2023 11: +0,1686132000
0.089,3,Jun 07 2023 12: +0,1686135600
0.089,9,Jun 07 2023 13: +0,1686139200
0.091,6,Jun 07 2023 14: +0,1686142800
0.083,9,Jun 07 2023 15: +0,1686146400
0.083,9,Jun 07 2023 16: +0,1686150000
0.068,3,Jun 07 2023 17: +0,1686153600
0.073,4,Jun 07 2023 18: +0,1686157200
0.08,9,Jun 07 2023 19: +0,1686160800
0.097,8,Jun 07 2023 20: +0,1686164400
0.08,4,Jun 07 2023 21: +0,1686168000
0.088,8,Jun 07 2023 22: +0,1686171600
0.081,4,Jun 08 2023 00: +0,1686178800
0.078,2,Jun 08 2023 01: +0,1686182400
0.082,1,Jun 08 2023 02: +0,1686186000
0.082,1,Jun 08 2023 03: +0,1686189600
0.086,6,Jun 08 2023 04: +0,1686193200
0.071,4,Jun 08 2023 06: +0,1686200400
0.082,3,Jun 08 2023 07: +0,1686204000
0.077,1,Jun 08 2023 08: +0,1686207600
0.088,7,Jun 08 2023 09: +0,1686211200
0.08,3,Jun 08 2023 10: +0,1686214800
0.08,3,Jun 08 2023 11: +0,1686218400
0.08,10,Jun 08 2023 12: +0,1686222000
0.082,6,Jun 08 2023 13: +0,1686225600
0.082,7,Jun 08 2023 14: +0,1686229200
0.082,3,Jun 08 2023 15: +0,1686232800
0.069,5,Jun 08 2023 16: +0,1686236400
0.074,5,Jun 08 2023 17: +0,1686240000
0.094,9,Jun 08 2023 18: +0,1686243600
0.082,3,Jun 08 2023 19: +0,1686247200
0.083,13,Jun 08 2023 20: +0,1686250800
0.095,14,Jun 08 2023 21: +0,1686254400
0.082,7,Jun 08 2023 22: +0,1686258000
0.082,5,Jun 08 2023 23: +0,1686261600
0.095,1,Jun 09 2023 00: +0,1686265200
0.061,1,Jun 09 2023 01: +0,1686268800
0.095,1,Jun 09 2023 02: +0,1686272400
0.07,2,Jun 09 2023 03: +0,1686276000
0.082,1,Jun 09 2023 05: +0,1686283200
0.073,8,Jun 09 2023 06: +0,1686286800
0.071,3,Jun 09 2023 07: +0,1686290400
0.074,5,Jun 09 2023 08: +0,1686294000
0.072,4,Jun 09 2023 09: +0,1686297600
0.078,6,Jun 09 2023 10: +0,1686301200
0.073,17,Jun 09 2023 11: +0,1686304800
0.06,7,Jun 09 2023 12: +0,1686308400
0.074,3,Jun 09 2023 13: +0,1686312000
0.073,4,Jun 09 2023 14: +0,1686315600
0.073,10,Jun 09 2023 15: +0,1686319200
0.077,2,Jun 09 2023 16: +0,1686322800
0.073,5,Jun 09 2023 17: +0,1686326400
0.075,8,Jun 09 2023 18: +0,1686330000
0.075,14,Jun 09 2023 19: +0,1686333600
0.103,96,Jun 09 2023 20: +0,1686337200
0.075,5,Jun 09 2023 21: +0,1686340800
0.073,7,Jun 09 2023 22: +0,1686344400
0.088,9,Jun 09 2023 23: +0,1686348000
0.082,2,Jun 10 2023 00: +0,1686351600
0.087,3,Jun 10 2023 01: +0,1686355200
0.087,5,Jun 10 2023 02: +0,1686358800
0.088,3,Jun 10 2023 03: +0,1686362400
0.095,1,Jun 10 2023 04: +0,1686366000
0.072,4,Jun 10 2023 05: +0,1686369600
0.095,3,Jun 10 2023 07: +0,1686376800
0.09,2,Jun 10 2023 08: +0,1686380400
0.072,14,Jun 10 2023 10: +0,1686387600
0.086,5,Jun 10 2023 11: +0,1686391200
0.088,3,Jun 10 2023 12: +0,1686394800
0.087,4,Jun 10 2023 13: +0,1686398400
0.073,2,Jun 10 2023 14: +0,1686402000
0.072,11,Jun 10 2023 15: +0,1686405600
0.072,4,Jun 10 2023 16: +0,1686409200
0.086,12,Jun 10 2023 17: +0,1686412800
0.088,7,Jun 10 2023 18: +0,1686416400
0.088,3,Jun 10 2023 19: +0,1686420000
0.102,48,Jun 10 2023 20: +0,1686423600
0.102,29,Jun 10 2023 21: +0,1686427200
0.102,7,Jun 10 2023 22: +0,1686430800
0.102,4,Jun 10 2023 23: +0,1686434400
0.086,3,Jun 11 2023 00: +0,1686438000
0.085,3,Jun 11 2023 01: +0,1686441600
0.093,2,Jun 11 2023 02: +0,1686445200
0.085,5,Jun 11 2023 05: +0,1686456000
0.085,1,Jun 11 2023 06: +0,1686459600
0.079,2,Jun 11 2023 07: +0,1686463200
0.087,1,Jun 11 2023 08: +0,1686466800
0.082,2,Jun 11 2023 09: +0,1686470400
0.084,2,Jun 11 2023 10: +0,1686474000
0.085,7,Jun 11 2023 11: +0,1686477600
0.085,6,Jun 11 2023 12: +0,1686481200
0.088,8,Jun 11 2023 13: +0,1686484800
0.088,2,Jun 11 2023 14: +0,1686488400
0.089,6,Jun 11 2023 15: +0,1686492000
0.088,5,Jun 11 2023 16: +0,1686495600
0.102,5,Jun 11 2023 17: +0,1686499200
0.095,6,Jun 11 2023 18: +0,1686502800
0.095,7,Jun 11 2023 19: +0,1686506400
0.088,5,Jun 11 2023 20: +0,1686510000
0.088,11,Jun 11 2023 21: +0,1686513600
0.088,3,Jun 11 2023 22: +0,1686517200
0.087,3,Jun 11 2023 23: +0,1686520800
0.095,3,Jun 12 2023 00: +0,1686524400
0.087,4,Jun 12 2023 01: +0,1686528000
0.084,2,Jun 12 2023 02: +0,1686531600
0.086,4,Jun 12 2023 03: +0,1686535200
0.082,1,Jun 12 2023 04: +0,1686538800
0.092,3,Jun 12 2023 05: +0,1686542400
0.086,5,Jun 12 2023 06: +0,1686546000
0.092,4,Jun 12 2023 07: +0,1686549600
0.079,5,Jun 12 2023 10: +0,1686560400
0.082,6,Jun 12 2023 11: +0,1686564000
0.079,7,Jun 12 2023 12: +0,1686567600
0.082,3,Jun 12 2023 13: +0,1686571200
0.09,5,Jun 12 2023 14: +0,1686574800
0.089,1,Jun 12 2023 15: +0,1686578400
0.089,5,Jun 12 2023 16: +0,1686582000
0.093,11,Jun 12 2023 17: +0,1686585600
0.093,5,Jun 12 2023 18: +0,1686589200
0.093,7,Jun 12 2023 19: +0,1686592800
0.095,11,Jun 12 2023 20: +0,1686596400
0.093,13,Jun 12 2023 21: +0,1686600000
0.102,2,Jun 12 2023 22: +0,1686603600
0.095,1,Jun 12 2023 23: +0,1686607200
0.076,1,Jun 13 2023 00: +0,1686610800
0.09,1,Jun 13 2023 01: +0,1686614400
0.088,1,Jun 13 2023 02: +0,1686618000
0.094,1,Jun 13 2023 03: +0,1686621600
0.082,2,Jun 13 2023 05: +0,1686628800
0.093,2,Jun 13 2023 06: +0,1686632400
0.085,1,Jun 13 2023 07: +0,1686636000
0.09,2,Jun 13 2023 08: +0,1686639600
0.094,3,Jun 13 2023 09: +0,1686643200
0.075,1,Jun 13 2023 10: +0,1686646800
0.07,2,Jun 13 2023 11: +0,1686650400
0.094,5,Jun 13 2023 12: +0,1686654000
0.094,7,Jun 13 2023 13: +0,1686657600
0.094,6,Jun 13 2023 14: +0,1686661200
0.076,3,Jun 13 2023 15: +0,1686664800
0.094,2,Jun 13 2023 16: +0,1686668400
0.075,7,Jun 13 2023 17: +0,1686672000
0.076,3,Jun 13 2023 18: +0,1686675600
0.088,3,Jun 13 2023 19: +0,1686679200
0.067,2,Jun 13 2023 20: +0,1686682800
0.098,4,Jun 13 2023 21: +0,1686686400
0.098,4,Jun 13 2023 22: +0,1686690000
0.071,4,Jun 13 2023 23: +0,1686693600
0.085,5,Jun 14 2023 00: +0,1686697200
0.085,1,Jun 14 2023 01: +0,1686700800
0.102,6,Jun 14 2023 02: +0,1686704400
0.089,1,Jun 14 2023 03: +0,1686708000
0.103,1,Jun 14 2023 04: +0,1686711600
0.065,1,Jun 14 2023 05: +0,1686715200
0.089,5,Jun 14 2023 06: +0,1686718800
0.082,4,Jun 14 2023 08: +0,1686726000
0.089,3,Jun 14 2023 09: +0,1686729600
0.087,3,Jun 14 2023 10: +0,1686733200
0.095,10,Jun 14 2023 11: +0,1686736800
0.089,2,Jun 14 2023 12: +0,1686740400
0.103,11,Jun 14 2023 13: +0,1686744000
0.1,4,Jun 14 2023 14: +0,1686747600
0.101,2,Jun 14 2023 15: +0,1686751200
0.108,10,Jun 14 2023 16: +0,1686754800
0.103,4,Jun 14 2023 17: +0,1686758400
0.111,5,Jun 14 2023 18: +0,1686762000
0.108,7,Jun 14 2023 19: +0,1686765600
0.119,3,Jun 14 2023 20: +0,1686769200
0.108,2,Jun 14 2023 21: +0,1686772800
0.067,5,Jun 14 2023 22: +0,1686776400
0.105,4,Jun 14 2023 23: +0,1686780000
0.106,5,Jun 15 2023 01: +0,1686787200
0.108,3,Jun 15 2023 03: +0,1686794400
0.106,3,Jun 15 2023 04: +0,1686798000
0.106,2,Jun 15 2023 05: +0,1686801600
0.108,9,Jun 15 2023 08: +0,1686812400
0.107,1,Jun 15 2023 09: +0,1686816000
0.087,4,Jun 15 2023 10: +0,1686819600
0.107,6,Jun 15 2023 11: +0,1686823200
0.106,5,Jun 15 2023 12: +0,1686826800
0.106,3,Jun 15 2023 13: +0,1686830400
0.108,10,Jun 15 2023 14: +0,1686834000
0.086,3,Jun 15 2023 15: +0,1686837600
0.107,2,Jun 15 2023 16: +0,1686841200
0.099,1,Jun 15 2023 17: +0,1686844800
0.106,4,Jun 15 2023 18: +0,1686848400
0.106,3,Jun 15 2023 19: +0,1686852000
0.104,3,Jun 15 2023 20: +0,1686855600
0.107,8,Jun 15 2023 21: +0,1686859200
0.094,2,Jun 15 2023 22: +0,1686862800
0.105,3,Jun 15 2023 23: +0,1686866400
0.099,3,Jun 16 2023 00: +0,1686870000
0.11,4,Jun 16 2023 01: +0,1686873600
0.068,4,Jun 16 2023 02: +0,1686877200
0.063,2,Jun 16 2023 06: +0,1686891600
0.064,1,Jun 16 2023 08: +0,1686898800
0.086,3,Jun 16 2023 09: +0,1686902400
0.086,6,Jun 16 2023 10: +0,1686906000
0.093,3,Jun 16 2023 11: +0,1686909600
0.093,5,Jun 16 2023 12: +0,1686913200
0.089,3,Jun 16 2023 13: +0,1686916800
0.095,5,Jun 16 2023 14: +0,1686920400
0.094,4,Jun 16 2023 15: +0,1686924000
0.102,1,Jun 16 2023 16: +0,1686927600
0.095,6,Jun 16 2023 17: +0,1686931200
0.095,1,Jun 16 2023 18: +0,1686934800
0.102,3,Jun 16 2023 19: +0,1686938400
0.102,5,Jun 16 2023 20: +0,1686942000
0.093,1,Jun 16 2023 21: +0,1686945600
0.092,7,Jun 16 2023 22: +0,1686949200
0.088,2,Jun 16 2023 23: +0,1686952800
0.092,1,Jun 17 2023 00: +0,1686956400
0.09,2,Jun 17 2023 01: +0,1686960000
0.097,2,Jun 17 2023 02: +0,1686963600
0.089,1,Jun 17 2023 05: +0,1686974400
0.089,5,Jun 17 2023 07: +0,1686981600
0.092,4,Jun 17 2023 08: +0,1686985200
0.069,1,Jun 17 2023 09: +0,1686988800
0.111,107,Jun 17 2023 10: +0,1686992400
0.094,5,Jun 17 2023 11: +0,1686996000
0.12,1,Jun 17 2023 12: +0,1686999600
0.121,12,Jun 17 2023 13: +0,1687003200
0.13,2,Jun 17 2023 14: +0,1687006800
0.102,10,Jun 17 2023 15: +0,1687010400
0.111,1,Jun 17 2023 16: +0,1687014000
0.117,5,Jun 17 2023 17: +0,1687017600
0.111,5,Jun 17 2023 18: +0,1687021200
0.111,3,Jun 17 2023 19: +0,1687024800
0.125,7,Jun 17 2023 20: +0,1687028400
0.12,5,Jun 17 2023 21: +0,1687032000
0.118,1,Jun 17 2023 22: +0,1687035600
0.124,2,Jun 18 2023 00: +0,1687042800
0.105,1,Jun 18 2023 02: +0,1687050000
0.088,1,Jun 18 2023 03: +0,1687053600
0.078,3,Jun 18 2023 04: +0,1687057200
0.125,3,Jun 18 2023 05: +0,1687060800
0.121,2,Jun 18 2023 06: +0,1687064400
0.101,1,Jun 18 2023 07: +0,1687068000
0.101,3,Jun 18 2023 08: +0,1687071600
0.101,2,Jun 18 2023 09: +0,1687075200
0.101,2,Jun 18 2023 11: +0,1687082400
0.109,3,Jun 18 2023 12: +0,1687086000
0.117,5,Jun 18 2023 13: +0,1687089600
0.084,7,Jun 18 2023 14: +0,1687093200
0.111,5,Jun 18 2023 15: +0,1687096800
0.09,2,Jun 18 2023 16: +0,1687100400
0.101,5,Jun 18 2023 17: +0,1687104000
0.099,3,Jun 18 2023 18: +0,1687107600
0.11,2,Jun 18 2023 19: +0,1687111200
0.1,3,Jun 18 2023 20: +0,1687114800
0.097,3,Jun 18 2023 21: +0,1687118400
0.098,3,Jun 18 2023 22: +0,1687122000
0.102,5,Jun 18 2023 23: +0,1687125600
0.093,2,Jun 19 2023 00: +0,1687129200
0.088,1,Jun 19 2023 01: +0,1687132800
0.098,5,Jun 19 2023 04: +0,1687143600
0.097,4,Jun 19 2023 05: +0,1687147200
0.098,3,Jun 19 2023 06: +0,1687150800
0.092,4,Jun 19 2023 07: +0,1687154400
0.101,3,Jun 19 2023 08: +0,1687158000
0.102,2,Jun 19 2023 09: +0,1687161600
0.092,2,Jun 19 2023 10: +0,1687165200
0.102,3,Jun 19 2023 11: +0,1687168800
0.098,3,Jun 19 2023 12: +0,1687172400
0.096,2,Jun 19 2023 13: +0,1687176000
0.111,5,Jun 19 2023 14: +0,1687179600
0.105,9,Jun 19 2023 15: +0,1687183200
0.109,2,Jun 19 2023 16: +0,1687186800
0.105,4,Jun 19 2023 17: +0,1687190400
0.11,6,Jun 19 2023 18: +0,1687194000
0.111,1,Jun 19 2023 19: +0,1687197600
0.106,3,Jun 19 2023 20: +0,1687201200
0.112,4,Jun 19 2023 21: +0,1687204800
0.113,2,Jun 19 2023 22: +0,1687208400
0.086,3,Jun 20 2023 00: +0,1687215600
0.118,4,Jun 20 2023 01: +0,1687219200
0.112,1,Jun 20 2023 02: +0,1687222800
0.09,2,Jun 20 2023 04: +0,1687230000
0.098,2,Jun 20 2023 05: +0,1687233600
0.11,5,Jun 20 2023 07: +0,1687240800
0.087,2,Jun 20 2023 08: +0,1687244400
0.102,2,Jun 20 2023 11: +0,1687255200
0.115,8,Jun 20 2023 12: +0,1687258800
0.11,5,Jun 20 2023 13: +0,1687262400
0.11,1,Jun 20 2023 14: +0,1687266000
0.114,2,Jun 20 2023 15: +0,1687269600
0.086,2,Jun 20 2023 16: +0,1687273200
0.101,2,Jun 20 2023 17: +0,1687276800
0.101,6,Jun 20 2023 18: +0,1687280400
0.109,3,Jun 20 2023 19: +0,1687284000
0.109,1,Jun 20 2023 20: +0,1687287600
0.11,1,Jun 20 2023 21: +0,1687291200
0.086,1,Jun 20 2023 22: +0,1687294800
0.103,1,Jun 21 2023 01: +0,1687305600
0.105,1,Jun 21 2023 02: +0,1687309200
0.096,1,Jun 21 2023 04: +0,1687316400
0.1,2,Jun 21 2023 06: +0,1687323600
0.085,1,Jun 21 2023 08: +0,1687330800
0.096,3,Jun 21 2023 10: +0,1687338000
0.096,5,Jun 21 2023 11: +0,1687341600
0.099,3,Jun 21 2023 12: +0,1687345200
0.093,3,Jun 21 2023 13: +0,1687348800
0.094,2,Jun 21 2023 14: +0,1687352400
0.091,3,Jun 21 2023 15: +0,1687356000
0.098,7,Jun 21 2023 16: +0,1687359600
0.099,6,Jun 21 2023 17: +0,1687363200
0.098,7,Jun 21 2023 18: +0,1687366800
0.088,2,Jun 21 2023 19: +0,1687370400
0.099,16,Jun 21 2023 20: +0,1687374000
0.1,5,Jun 21 2023 21: +0,1687377600
0.096,4,Jun 21 2023 22: +0,1687381200
0.091,1,Jun 21 2023 23: +0,1687384800
0.102,1,Jun 22 2023 00: +0,1687388400
0.093,3,Jun 22 2023 01: +0,1687392000
0.098,5,Jun 22 2023 02: +0,1687395600
0.072,1,Jun 22 2023 03: +0,1687399200
0.112,1,Jun 22 2023 04: +0,1687402800
0.079,1,Jun 22 2023 05: +0,1687406400
0.09,2,Jun 22 2023 07: +0,1687413600
0.112,4,Jun 22 2023 08: +0,1687417200
0.094,1,Jun 22 2023 09: +0,1687420800
0.087,6,Jun 22 2023 10: +0,1687424400
0.102,4,Jun 22 2023 11: +0,1687428000
0.083,1,Jun 22 2023 12: +0,1687431600
0.103,1,Jun 22 2023 13: +0,1687435200
0.101,10,Jun 22 2023 14: +0,1687438800
0.104,3,Jun 22 2023 15: +0,1687442400
0.093,4,Jun 22 2023 16: +0,1687446000
0.099,3,Jun 22 2023 17: +0,1687449600
0.106,5,Jun 22 2023 18: +0,1687453200
0.103,2,Jun 22 2023 19: +0,1687456800
0.107,5,Jun 22 2023 20: +0,1687460400
0.11,10,Jun 22 2023 21: +0,1687464000
0.121,8,Jun 22 2023 22: +0,1687467600
0.121,1,Jun 22 2023 23: +0,1687471200
0.118,2,Jun 23 2023 00: +0,1687474800
0.115,2,Jun 23 2023 01: +0,1687478400
0.112,4,Jun 23 2023 02: +0,1687482000
0.111,1,Jun 23 2023 03: +0,1687485600
0.084,1,Jun 23 2023 04: +0,1687489200
0.11,1,Jun 23 2023 05: +0,1687492800
0.102,2,Jun 23 2023 06: +0,1687496400
0.084,3,Jun 23 2023 08: +0,1687503600
0.094,1,Jun 23 2023 09: +0,1687507200
0.102,3,Jun 23 2023 10: +0,1687510800
0.085,6,Jun 23 2023 11: +0,1687514400
0.104,7,Jun 23 2023 12: +0,1687518000
0.097,4,Jun 23 2023 13: +0,1687521600
0.089,1,Jun 23 2023 14: +0,1687525200
0.091,3,Jun 23 2023 15: +0,1687528800
0.082,33,Jun 23 2023 16: +0,1687532400
0.087,4,Jun 23 2023 17: +0,1687536000
0.091,2,Jun 23 2023 18: +0,1687539600
0.083,12,Jun 23 2023 19: +0,1687543200
0.094,5,Jun 23 2023 20: +0,1687546800
0.092,1,Jun 23 2023 21: +0,1687550400
0.096,7,Jun 23 2023 22: +0,1687554000
0.103,3,Jun 23 2023 23: +0,1687557600
0.097,3,Jun 24 2023 01: +0,1687564800
0.081,1,Jun 24 2023 03: +0,1687572000
0.089,1,Jun 24 2023 04: +0,1687575600
0.082,5,Jun 24 2023 06: +0,1687582800
0.099,3,Jun 24 2023 07: +0,1687586400
0.094,3,Jun 24 2023 09: +0,1687593600
0.094,6,Jun 24 2023 10: +0,1687597200
0.103,4,Jun 24 2023 11: +0,1687600800
0.089,2,Jun 24 2023 12: +0,1687604400
0.099,6,Jun 24 2023 13: +0,1687608000
0.093,2,Jun 24 2023 14: +0,1687611600
0.084,4,Jun 24 2023 15: +0,1687615200
0.095,2,Jun 24 2023 16: +0,1687618800
0.1,6,Jun 24 2023 17: +0,1687622400
0.111,7,Jun 24 2023 18: +0,1687626000
0.099,5,Jun 24 2023 19: +0,1687629600
0.084,2,Jun 24 2023 20: +0,1687633200
0.078,15,Jun 24 2023 21: +0,1687636800
0.04,6,Jun 24 2023 22: +0,1687640400
0.098,2,Jun 24 2023 23: +0,1687644000
0.098,4,Jun 25 2023 00: +0,1687647600
0.099,2,Jun 25 2023 01: +0,1687651200
0.099,1,Jun 25 2023 03: +0,1687658400
0.09,2,Jun 25 2023 04: +0,1687662000
0.094,2,Jun 25 2023 06: +0,1687669200
0.07,1,Jun 25 2023 07: +0,1687672800
0.077,4,Jun 25 2023 08: +0,1687676400
0.085,4,Jun 25 2023 09: +0,1687680000
0.097,3,Jun 25 2023 10: +0,1687683600
0.097,4,Jun 25 2023 11: +0,1687687200
0.096,2,Jun 25 2023 12: +0,1687690800
0.103,6,Jun 25 2023 13: +0,1687694400
0.097,10,Jun 25 2023 14: +0,1687698000
0.097,3,Jun 25 2023 15: +0,1687701600
0.079,5,Jun 25 2023 16: +0,1687705200
0.092,5,Jun 25 2023 17: +0,1687708800
0.089,1,Jun 25 2023 18: +0,1687712400
0.093,5,Jun 25 2023 19: +0,1687716000
0.098,8,Jun 25 2023 20: +0,1687719600
0.088,6,Jun 25 2023 21: +0,1687723200
0.097,5,Jun 25 2023 22: +0,1687726800
0.09,1,Jun 26 2023 02: +0,1687741200
0.074,3,Jun 26 2023 03: +0,1687744800
0.096,2,Jun 26 2023 06: +0,1687755600
0.074,1,Jun 26 2023 07: +0,1687759200
0.097,1,Jun 26 2023 08: +0,1687762800
0.103,5,Jun 26 2023 09: +0,1687766400
0.07,1,Jun 26 2023 10: +0,1687770000
0.098,11,Jun 26 2023 11: +0,1687773600
0.103,8,Jun 26 2023 12: +0,1687777200
0.074,1,Jun 26 2023 13: +0,1687780800
0.107,3,Jun 26 2023 15: +0,1687788000
0.075,2,Jun 26 2023 16: +0,1687791600
0.111,6,Jun 26 2023 17: +0,1687795200
0.104,5,Jun 26 2023 18: +0,1687798800
0.11,2,Jun 26 2023 19: +0,1687802400
0.111,1,Jun 26 2023 20: +0,1687806000
0.092,2,Jun 26 2023 21: +0,1687809600
0.108,6,Jun 26 2023 22: +0,1687813200
0.07,1,Jun 27 2023 00: +0,1687820400
0.086,2,Jun 27 2023 01: +0,1687824000
0.072,1,Jun 27 2023 03: +0,1687831200
0.091,2,Jun 27 2023 07: +0,1687845600
0.101,8,Jun 27 2023 09: +0,1687852800
0.093,2,Jun 27 2023 10: +0,1687856400
0.086,1,Jun 27 2023 11: +0,1687860000
0.095,1,Jun 27 2023 12: +0,1687863600
0.098,2,Jun 27 2023 13: +0,1687867200
0.089,2,Jun 27 2023 14: +0,1687870800
0.086,2,Jun 27 2023 15: +0,1687874400
0.084,2,Jun 27 2023 16: +0,1687878000
0.106,10,Jun 27 2023 17: +0,1687881600
0.108,2,Jun 27 2023 18: +0,1687885200
0.101,2,Jun 27 2023 19: +0,1687888800
0.121,1,Jun 27 2023 20: +0,1687892400
0.113,7,Jun 27 2023 21: +0,1687896000
0.111,1,Jun 27 2023 22: +0,1687899600
0.103,3,Jun 27 2023 23: +0,1687903200
0.122,1,Jun 28 2023 00: +0,1687906800
0.08,2,Jun 28 2023 01: +0,1687910400
0.108,1,Jun 28 2023 03: +0,1687917600
0.121,2,Jun 28 2023 05: +0,1687924800
0.086,1,Jun 28 2023 06: +0,1687928400
0.113,1,Jun 28 2023 09: +0,1687939200
0.086,1,Jun 28 2023 10: +0,1687942800
0.101,7,Jun 28 2023 11: +0,1687946400
0.085,2,Jun 28 2023 12: +0,1687950000
0.1,5,Jun 28 2023 13: +0,1687953600
0.08,7,Jun 28 2023 14: +0,1687957200
0.1,3,Jun 28 2023 15: +0,1687960800
0.083,2,Jun 28 2023 16: +0,1687964400
0.081,2,Jun 28 2023 17: +0,1687968000
0.089,4,Jun 28 2023 18: +0,1687971600
0.084,1,Jun 28 2023 19: +0,1687975200
0.086,3,Jun 28 2023 20: +0,1687978800
0.079,2,Jun 28 2023 21: +0,1687982400
0.083,2,Jun 28 2023 22: +0,1687986000
0.087,5,Jun 28 2023 23: +0,1687989600
0.083,1,Jun 29 2023 00: +0,1687993200
0.086,1,Jun 29 2023 01: +0,1687996800
0.087,4,Jun 29 2023 02: +0,1688000400
0.09,4,Jun 29 2023 03: +0,1688004000
0.086,1,Jun 29 2023 05: +0,1688011200
0.08,5,Jun 29 2023 06: +0,1688014800
0.087,1,Jun 29 2023 07: +0,1688018400
0.084,8,Jun 29 2023 08: +0,1688022000
0.079,7,Jun 29 2023 09: +0,1688025600
0.087,10,Jun 29 2023 10: +0,1688029200
0.091,6,Jun 29 2023 11: +0,1688032800
0.087,7,Jun 29 2023 12: +0,1688036400
0.087,2,Jun 29 2023 13: +0,1688040000
0.074,3,Jun 29 2023 14: +0,1688043600
0.087,7,Jun 29 2023 15: +0,1688047200
0.087,11,Jun 29 2023 16: +0,1688050800
0.098,1,Jun 29 2023 17: +0,1688054400
0.084,5,Jun 29 2023 18: +0,1688058000
0.104,2,Jun 29 2023 19: +0,1688061600
0.098,3,Jun 29 2023 20: +0,1688065200
0.083,3,Jun 29 2023 21: +0,1688068800
0.058,4,Jun 29 2023 22: +0,1688072400
0.087,2,Jun 29 2023 23: +0,1688076000
0.091,2,Jun 30 2023 00: +0,1688079600
0.096,1,Jun 30 2023 01: +0,1688083200
0.078,2,Jun 30 2023 02: +0,1688086800
0.09,2,Jun 30 2023 03: +0,1688090400
0.092,3,Jun 30 2023 04: +0,1688094000
0.079,1,Jun 30 2023 05: +0,1688097600
0.092,1,Jun 30 2023 06: +0,1688101200
0.104,5,Jun 30 2023 07: +0,1688104800
0.093,1,Jun 30 2023 08: +0,1688108400
0.081,4,Jun 30 2023 09: +0,1688112000
0.098,5,Jun 30 2023 10: +0,1688115600
0.084,6,Jun 30 2023 12: +0,1688122800
0.085,2,Jun 30 2023 13: +0,1688126400
0.097,6,Jun 30 2023 14: +0,1688130000
0.079,6,Jun 30 2023 15: +0,1688133600
0.097,6,Jun 30 2023 16: +0,1688137200
0.073,3,Jun 30 2023 17: +0,1688140800
0.09,2,Jun 30 2023 18: +0,1688144400
0.077,2,Jun 30 2023 19: +0,1688148000
0.094,2,Jun 30 2023 20: +0,1688151600
0.082,2,Jun 30 2023 21: +0,1688155200
0.085,2,Jun 30 2023 22: +0,1688158800
0.09,4,Jun 30 2023 23: +0,1688162400
0.077,3,Jul 01 2023 00: +0,1688166000
0.086,3,Jul 01 2023 02: +0,1688173200
0.087,1,Jul 01 2023 06: +0,1688187600
0.076,2,Jul 01 2023 07: +0,1688191200
0.094,1,Jul 01 2023 09: +0,1688198400
0.102,4,Jul 01 2023 10: +0,1688202000
0.089,2,Jul 01 2023 11: +0,1688205600
0.079,31,Jul 01 2023 12: +0,1688209200
0.095,8,Jul 01 2023 13: +0,1688212800
0.09,1,Jul 01 2023 14: +0,1688216400
0.091,4,Jul 01 2023 15: +0,1688220000
0.087,3,Jul 01 2023 16: +0,1688223600
0.096,4,Jul 01 2023 17: +0,1688227200
0.103,3,Jul 01 2023 18: +0,1688230800
0.099,3,Jul 01 2023 19: +0,1688234400
0.099,3,Jul 01 2023 20: +0,1688238000
0.077,4,Jul 01 2023 21: +0,1688241600
0.082,3,Jul 01 2023 22: +0,1688245200
0.09,4,Jul 01 2023 23: +0,1688248800
0.092,1,Jul 02 2023 00: +0,1688252400
0.074,1,Jul 02 2023 01: +0,1688256000
0.098,1,Jul 02 2023 02: +0,1688259600
0.105,2,Jul 02 2023 03: +0,1688263200
0.095,1,Jul 02 2023 04: +0,1688266800
0.079,1,Jul 02 2023 05: +0,1688270400
0.077,2,Jul 02 2023 07: +0,1688277600
0.077,5,Jul 02 2023 09: +0,1688284800
0.099,15,Jul 02 2023 10: +0,1688288400
0.085,2,Jul 02 2023 11: +0,1688292000
0.057,4,Jul 02 2023 12: +0,1688295600
0.079,3,Jul 02 2023 13: +0,1688299200
0.052,1,Jul 02 2023 15: +0,1688306400
0.077,3,Jul 02 2023 16: +0,1688310000
0.079,1,Jul 02 2023 17: +0,1688313600
0.091,2,Jul 02 2023 18: +0,1688317200
0.084,4,Jul 02 2023 19: +0,1688320800
0.091,4,Jul 02 2023 20: +0,1688324400
0.097,4,Jul 02 2023 21: +0,1688328000
0.102,1,Jul 02 2023 22: +0,1688331600
0.097,2,Jul 02 2023 23: +0,1688335200
0.099,3,Jul 03 2023 00: +0,1688338800
0.102,4,Jul 03 2023 02: +0,1688346000
0.102,1,Jul 03 2023 03: +0,1688349600
0.095,1,Jul 03 2023 04: +0,1688353200
0.077,1,Jul 03 2023 05: +0,1688356800
0.097,1,Jul 03 2023 06: +0,1688360400
0.091,1,Jul 03 2023 07: +0,1688364000
0.099,6,Jul 03 2023 09: +0,1688371200
0.103,3,Jul 03 2023 10: +0,1688374800
0.1,1,Jul 03 2023 11: +0,1688378400
0.079,1,Jul 03 2023 13: +0,1688385600
0.095,1,Jul 03 2023 15: +0,1688392800
0.069,1,Jul 03 2023 16: +0,1688396400
0.089,2,Jul 03 2023 18: +0,1688403600
0.095,4,Jul 03 2023 19: +0,1688407200
0.095,8,Jul 03 2023 20: +0,1688410800
0.064,1,Jul 03 2023 21: +0,1688414400
0.077,1,Jul 03 2023 22: +0,1688418000
0.052,1,Jul 03 2023 23: +0,1688421600
0.066,1,Jul 04 2023 00: +0,1688425200
0.074,6,Jul 04 2023 02: +0,1688432400
0.097,1,Jul 04 2023 03: +0,1688436000
0.093,3,Jul 04 2023 08: +0,1688454000
0.097,2,Jul 04 2023 09: +0,1688457600
0.079,1,Jul 04 2023 10: +0,1688461200
0.085,4,Jul 04 2023 11: +0,1688464800
0.086,5,Jul 04 2023 13: +0,1688472000
0.098,5,Jul 04 2023 14: +0,1688475600
0.075,1,Jul 04 2023 15: +0,1688479200
0.079,1,Jul 04 2023 16: +0,1688482800
0.089,2,Jul 04 2023 17: +0,1688486400
0.077,1,Jul 04 2023 18: +0,1688490000
0.097,3,Jul 04 2023 19: +0,1688493600
0.091,4,Jul 04 2023 20: +0,1688497200
0.062,3,Jul 04 2023 21: +0,1688500800
0.093,5,Jul 04 2023 22: +0,1688504400
0.094,1,Jul 05 2023 00: +0,1688511600
0.11,1,Jul 05 2023 01: +0,1688515200
0.079,3,Jul 05 2023 04: +0,1688526000
0.099,3,Jul 05 2023 05: +0,1688529600
0.095,3,Jul 05 2023 07: +0,1688536800
0.088,1,Jul 05 2023 09: +0,1688544000
0.099,2,Jul 05 2023 10: +0,1688547600
0.096,5,Jul 05 2023 11: +0,1688551200
0.094,7,Jul 05 2023 13: +0,1688558400
0.079,1,Jul 05 2023 14: +0,1688562000
0.085,2,Jul 05 2023 15: +0,1688565600
0.082,3,Jul 05 2023 17: +0,1688572800
0.079,6,Jul 05 2023 18: +0,1688576400
0.085,4,Jul 05 2023 19: +0,1688580000
0.103,2,Jul 05 2023 20: +0,1688583600
0.096,9,Jul 05 2023 21: +0,1688587200
0.11,1,Jul 05 2023 22: +0,1688590800
0.103,2,Jul 05 2023 23: +0,1688594400
0.1,1,Jul 06 2023 00: +0,1688598000
0.081,1,Jul 06 2023 02: +0,1688605200
0.088,2,Jul 06 2023 05: +0,1688616000
0.09,3,Jul 06 2023 07: +0,1688623200
0.084,6,Jul 06 2023 08: +0,1688626800
0.078,3,Jul 06 2023 09: +0,1688630400
0.096,2,Jul 06 2023 12: +0,1688641200
0.098,1,Jul 06 2023 13: +0,1688644800
0.088,1,Jul 06 2023 14: +0,1688648400
0.088,3,Jul 06 2023 15: +0,1688652000
0.088,2,Jul 06 2023 16: +0,1688655600
0.1,11,Jul 06 2023 17: +0,1688659200
0.106,8,Jul 06 2023 18: +0,1688662800
0.11,3,Jul 06 2023 19: +0,1688666400
0.102,4,Jul 06 2023 20: +0,1688670000
0.103,2,Jul 06 2023 21: +0,1688673600
0.083,1,Jul 06 2023 23: +0,1688680800
0.111,1,Jul 07 2023 00: +0,1688684400
0.106,7,Jul 07 2023 01: +0,1688688000
0.078,3,Jul 07 2023 05: +0,1688702400
0.053,1,Jul 07 2023 07: +0,1688709600
0.094,3,Jul 07 2023 08: +0,1688713200
0.083,1,Jul 07 2023 09: +0,1688716800
0.053,1,Jul 07 2023 10: +0,1688720400
0.074,6,Jul 07 2023 11: +0,1688724000
0.083,4,Jul 07 2023 12: +0,1688727600
0.081,2,Jul 07 2023 13: +0,1688731200
0.078,2,Jul 07 2023 15: +0,1688738400
0.08,2,Jul 07 2023 16: +0,1688742000
0.083,1,Jul 07 2023 17: +0,1688745600
0.088,12,Jul 07 2023 18: +0,1688749200
0.08,4,Jul 07 2023 19: +0,1688752800
0.078,1,Jul 07 2023 20: +0,1688756400
0.083,12,Jul 07 2023 21: +0,1688760000
0.094,2,Jul 07 2023 22: +0,1688763600
0.081,2,Jul 07 2023 23: +0,1688767200
0.094,1,Jul 08 2023 00: +0,1688770800
0.083,1,Jul 08 2023 03: +0,1688781600
0.083,5,Jul 08 2023 07: +0,1688796000
0.06,1,Jul 08 2023 08: +0,1688799600
0.088,2,Jul 08 2023 09: +0,1688803200
0.083,9,Jul 08 2023 10: +0,1688806800
0.083,3,Jul 08 2023 11: +0,1688810400
0.089,4,Jul 08 2023 12: +0,1688814000
0.081,2,Jul 08 2023 13: +0,1688817600
0.078,6,Jul 08 2023 14: +0,1688821200
0.079,2,Jul 08 2023 15: +0,1688824800
0.094,1,Jul 08 2023 16: +0,1688828400
0.083,8,Jul 08 2023 17: +0,1688832000
0.094,3,Jul 08 2023 18: +0,1688835600
0.079,4,Jul 08 2023 19: +0,1688839200
0.102,1,Jul 08 2023 20: +0,1688842800
0.09,5,Jul 08 2023 21: +0,1688846400
0.091,1,Jul 08 2023 22: +0,1688850000
0.078,2,Jul 09 2023 00: +0,1688857200
0.079,2,Jul 09 2023 01: +0,1688860800
0.09,2,Jul 09 2023 03: +0,1688868000
0.102,10,Jul 09 2023 07: +0,1688882400
0.088,1,Jul 09 2023 08: +0,1688886000
0.079,1,Jul 09 2023 09: +0,1688889600
0.102,4,Jul 09 2023 10: +0,1688893200
0.102,5,Jul 09 2023 11: +0,1688896800
0.078,3,Jul 09 2023 12: +0,1688900400
0.111,10,Jul 09 2023 13: +0,1688904000
0.093,1,Jul 09 2023 14: +0,1688907600
0.078,4,Jul 09 2023 15: +0,1688911200
0.088,1,Jul 09 2023 16: +0,1688914800
0.09,1,Jul 09 2023 17: +0,1688918400
0.106,2,Jul 09 2023 18: +0,1688922000
0.109,1,Jul 09 2023 19: +0,1688925600
0.06,1,Jul 09 2023 20: +0,1688929200
0.093,4,Jul 09 2023 21: +0,1688932800
0.113,4,Jul 09 2023 22: +0,1688936400
0.096,2,Jul 09 2023 23: +0,1688940000
0.08,3,Jul 10 2023 00: +0,1688943600
0.097,2,Jul 10 2023 03: +0,1688954400
0.107,1,Jul 10 2023 04: +0,1688958000
0.118,1,Jul 10 2023 06: +0,1688965200
0.112,2,Jul 10 2023 07: +0,1688968800
0.084,3,Jul 10 2023 08: +0,1688972400
0.094,4,Jul 10 2023 09: +0,1688976000
0.118,1,Jul 10 2023 10: +0,1688979600
0.084,7,Jul 10 2023 12: +0,1688986800
0.101,2,Jul 10 2023 13: +0,1688990400
0.094,2,Jul 10 2023 14: +0,1688994000
0.107,2,Jul 10 2023 16: +0,1689001200
0.107,4,Jul 10 2023 17: +0,1689004800
0.084,2,Jul 10 2023 18: +0,1689008400
0.109,3,Jul 10 2023 20: +0,1689015600
0.11,2,Jul 10 2023 21: +0,1689019200
0.095,2,Jul 10 2023 23: +0,1689026400
0.085,2,Jul 11 2023 00: +0,1689030000
0.085,1,Jul 11 2023 03: +0,1689040800
0.1,4,Jul 11 2023 05: +0,1689048000
0.106,6,Jul 11 2023 07: +0,1689055200
0.084,1,Jul 11 2023 08: +0,1689058800
0.106,1,Jul 11 2023 09: +0,1689062400
0.096,4,Jul 11 2023 10: +0,1689066000
0.097,1,Jul 11 2023 11: +0,1689069600
0.095,3,Jul 11 2023 15: +0,1689084000
0.085,2,Jul 11 2023 16: +0,1689087600
0.101,1,Jul 11 2023 17: +0,1689091200
0.097,4,Jul 11 2023 19: +0,1689098400
0.109,4,Jul 11 2023 20: +0,1689102000
0.118,4,Jul 11 2023 21: +0,1689105600
0.085,6,Jul 11 2023 22: +0,1689109200
0.08,1,Jul 11 2023 23: +0,1689112800
0.118,4,Jul 12 2023 00: +0,1689116400
0.11,1,Jul 12 2023 02: +0,1689123600
0.11,6,Jul 12 2023 03: +0,1689127200
0.09,2,Jul 12 2023 04: +0,1689130800
0.11,5,Jul 12 2023 07: +0,1689141600
0.117,10,Jul 12 2023 08: +0,1689145200
0.089,1,Jul 12 2023 10: +0,1689152400
0.107,2,Jul 12 2023 11: +0,1689156000
0.117,5,Jul 12 2023 12: +0,1689159600
0.115,3,Jul 12 2023 13: +0,1689163200
0.095,5,Jul 12 2023 14: +0,1689166800
0.113,2,Jul 12 2023 16: +0,1689174000
0.104,2,Jul 12 2023 17: +0,1689177600
0.118,1,Jul 12 2023 18: +0,1689181200
0.092,5,Jul 12 2023 19: +0,1689184800
0.111,8,Jul 12 2023 20: +0,1689188400
0.111,1,Jul 12 2023 21: +0,1689192000
0.109,4,Jul 12 2023 22: +0,1689195600
0.109,2,Jul 12 2023 23: +0,1689199200
0.1,4,Jul 13 2023 00: +0,1689202800
0.118,3,Jul 13 2023 02: +0,1689210000
0.102,2,Jul 13 2023 03: +0,1689213600
0.094,3,Jul 13 2023 05: +0,1689220800
0.11,1,Jul 13 2023 06: +0,1689224400
0.112,6,Jul 13 2023 08: +0,1689231600
0.093,1,Jul 13 2023 09: +0,1689235200
0.094,3,Jul 13 2023 10: +0,1689238800
0.108,1,Jul 13 2023 11: +0,1689242400
0.109,2,Jul 13 2023 12: +0,1689246000
0.101,4,Jul 13 2023 13: +0,1689249600
0.109,4,Jul 13 2023 14: +0,1689253200
0.109,5,Jul 13 2023 15: +0,1689256800
0.106,1,Jul 13 2023 17: +0,1689264000
0.107,2,Jul 13 2023 18: +0,1689267600
0.093,2,Jul 13 2023 19: +0,1689271200
0.065,2,Jul 13 2023 20: +0,1689274800
0.102,4,Jul 13 2023 21: +0,1689278400
0.102,4,Jul 13 2023 22: +0,1689282000
0.093,4,Jul 13 2023 23: +0,1689285600
0.099,3,Jul 14 2023 00: +0,1689289200
0.099,2,Jul 14 2023 01: +0,1689292800
0.092,3,Jul 14 2023 05: +0,1689307200
0.102,2,Jul 14 2023 06: +0,1689310800
0.091,1,Jul 14 2023 07: +0,1689314400
0.092,1,Jul 14 2023 09: +0,1689321600
0.079,1,Jul 14 2023 10: +0,1689325200
0.092,1,Jul 14 2023 11: +0,1689328800
0.102,3,Jul 14 2023 12: +0,1689332400
0.092,5,Jul 14 2023 13: +0,1689336000
0.091,3,Jul 14 2023 14: +0,1689339600
0.092,6,Jul 14 2023 15: +0,1689343200
0.092,8,Jul 14 2023 16: +0,1689346800
0.078,1,Jul 14 2023 17: +0,1689350400
0.106,1,Jul 14 2023 18: +0,1689354000
0.111,6,Jul 14 2023 19: +0,1689357600
0.113,2,Jul 14 2023 20: +0,1689361200
0.114,6,Jul 14 2023 21: +0,1689364800
0.091,1,Jul 14 2023 22: +0,1689368400
0.117,6,Jul 14 2023 23: +0,1689372000
0.109,2,Jul 15 2023 00: +0,1689375600
0.12,1,Jul 15 2023 01: +0,1689379200
0.12,1,Jul 15 2023 02: +0,1689382800
0.114,4,Jul 15 2023 03: +0,1689386400
0.093,2,Jul 15 2023 05: +0,1689393600
0.085,1,Jul 15 2023 07: +0,1689400800
0.093,5,Jul 15 2023 08: +0,1689404400
0.104,1,Jul 15 2023 09: +0,1689408000
0.093,1,Jul 15 2023 10: +0,1689411600
0.106,2,Jul 15 2023 11: +0,1689415200
0.076,1,Jul 15 2023 12: +0,1689418800
0.075,1,Jul 15 2023 13: +0,1689422400
0.097,3,Jul 15 2023 14: +0,1689426000
0.086,1,Jul 15 2023 15: +0,1689429600
0.096,2,Jul 15 2023 16: +0,1689433200
0.093,9,Jul 15 2023 17: +0,1689436800
0.111,1,Jul 15 2023 18: +0,1689440400
0.106,10,Jul 15 2023 19: +0,1689444000
0.093,3,Jul 15 2023 20: +0,1689447600
0.111,3,Jul 15 2023 21: +0,1689451200
0.115,2,Jul 15 2023 22: +0,1689454800
0.114,3,Jul 15 2023 23: +0,1689458400
0.111,2,Jul 16 2023 00: +0,1689462000
0.113,3,Jul 16 2023 01: +0,1689465600
0.078,1,Jul 16 2023 02: +0,1689469200
0.11,1,Jul 16 2023 06: +0,1689483600
0.093,1,Jul 16 2023 07: +0,1689487200
0.088,1,Jul 16 2023 08: +0,1689490800
0.112,1,Jul 16 2023 09: +0,1689494400
0.112,10,Jul 16 2023 10: +0,1689498000
0.105,1,Jul 16 2023 11: +0,1689501600
0.102,8,Jul 16 2023 12: +0,1689505200
0.09,2,Jul 16 2023 14: +0,1689512400
0.107,3,Jul 16 2023 15: +0,1689516000
0.101,1,Jul 16 2023 16: +0,1689519600
0.1,31,Jul 16 2023 18: +0,1689526800
0.075,2,Jul 16 2023 19: +0,1689530400
0.111,1,Jul 16 2023 20: +0,1689534000
0.109,9,Jul 16 2023 21: +0,1689537600
0.114,7,Jul 16 2023 22: +0,1689541200
0.12,3,Jul 16 2023 23: +0,1689544800
0.114,1,Jul 17 2023 01: +0,1689552000
0.112,1,Jul 17 2023 02: +0,1689555600
0.076,1,Jul 17 2023 03: +0,1689559200
0.111,2,Jul 17 2023 05: +0,1689566400
0.108,3,Jul 17 2023 08: +0,1689577200
0.112,5,Jul 17 2023 11: +0,1689588000
0.103,2,Jul 17 2023 12: +0,1689591600
0.113,4,Jul 17 2023 13: +0,1689595200
0.12,5,Jul 17 2023 14: +0,1689598800
0.112,2,Jul 17 2023 15: +0,1689602400
0.112,3,Jul 17 2023 16: +0,1689606000
0.112,2,Jul 17 2023 17: +0,1689609600
0.101,2,Jul 17 2023 18: +0,1689613200
0.112,1,Jul 17 2023 19: +0,1689616800
0.116,8,Jul 17 2023 20: +0,1689620400
0.115,7,Jul 17 2023 22: +0,1689627600
0.12,3,Jul 18 2023 00: +0,1689634800
0.107,1,Jul 18 2023 04: +0,1689649200
0.115,4,Jul 18 2023 05: +0,1689652800
0.112,2,Jul 18 2023 07: +0,1689660000
0.1,40,Jul 18 2023 09: +0,1689667200
0.092,2,Jul 18 2023 10: +0,1689670800
0.09,1,Jul 18 2023 11: +0,1689674400
0.096,13,Jul 18 2023 12: +0,1689678000
0.116,5,Jul 18 2023 13: +0,1689681600
0.116,2,Jul 18 2023 14: +0,1689685200
0.116,2,Jul 18 2023 15: +0,1689688800
0.094,2,Jul 18 2023 17: +0,1689696000
0.091,6,Jul 18 2023 18: +0,1689699600
0.104,1,Jul 18 2023 20: +0,1689706800
0.114,1,Jul 18 2023 22: +0,1689714000
0.114,1,Jul 18 2023 23: +0,1689717600
0.085,1,Jul 19 2023 02: +0,1689728400
0.11,1,Jul 19 2023 03: +0,1689732000
0.089,1,Jul 19 2023 04: +0,1689735600
0.114,1,Jul 19 2023 06: +0,1689742800
0.116,1,Jul 19 2023 07: +0,1689746400
0.102,1,Jul 19 2023 08: +0,1689750000
0.122,1,Jul 19 2023 12: +0,1689764400
0.115,10,Jul 19 2023 13: +0,1689768000
0.113,5,Jul 19 2023 14: +0,1689771600
0.118,6,Jul 19 2023 15: +0,1689775200
0.109,8,Jul 19 2023 16: +0,1689778800
0.116,3,Jul 19 2023 17: +0,1689782400
0.109,1,Jul 19 2023 18: +0,1689786000
0.09,3,Jul 19 2023 19: +0,1689789600
0.113,3,Jul 19 2023 20: +0,1689793200
0.109,1,Jul 19 2023 21: +0,1689796800
0.09,3,Jul 19 2023 22: +0,1689800400
0.102,2,Jul 19 2023 23: +0,1689804000
0.12,4,Jul 20 2023 00: +0,1689807600
0.098,2,Jul 20 2023 01: +0,1689811200
0.099,2,Jul 20 2023 02: +0,1689814800
0.117,4,Jul 20 2023 04: +0,1689822000
0.105,2,Jul 20 2023 05: +0,1689825600
0.09,9,Jul 20 2023 06: +0,1689829200
0.107,1,Jul 20 2023 12: +0,1689850800
0.097,1,Jul 20 2023 13: +0,1689854400
0.094,2,Jul 20 2023 14: +0,1689858000
0.098,5,Jul 20 2023 15: +0,1689861600
0.085,3,Jul 20 2023 16: +0,1689865200
0.098,2,Jul 20 2023 17: +0,1689868800
0.098,6,Jul 20 2023 18: +0,1689872400
0.098,6,Jul 20 2023 19: +0,1689876000
0.098,5,Jul 20 2023 20: +0,1689879600
0.099,6,Jul 20 2023 21: +0,1689883200
0.099,2,Jul 20 2023 23: +0,1689890400
0.088,2,Jul 21 2023 00: +0,1689894000
0.098,3,Jul 21 2023 01: +0,1689897600
0.097,6,Jul 21 2023 02: +0,1689901200
0.098,11,Jul 21 2023 10: +0,1689930000
0.098,1,Jul 21 2023 11: +0,1689933600
0.099,2,Jul 21 2023 12: +0,1689937200
0.104,1,Jul 21 2023 13: +0,1689940800
0.098,8,Jul 21 2023 14: +0,1689944400
0.104,6,Jul 21 2023 15: +0,1689948000
0.087,1,Jul 21 2023 16: +0,1689951600
0.093,2,Jul 21 2023 17: +0,1689955200
0.099,2,Jul 21 2023 18: +0,1689958800
0.097,6,Jul 21 2023 19: +0,1689962400
0.093,3,Jul 21 2023 20: +0,1689966000
0.103,4,Jul 21 2023 21: +0,1689969600
0.089,2,Jul 22 2023 00: +0,1689980400
0.104,1,Jul 22 2023 02: +0,1689987600
0.098,1,Jul 22 2023 04: +0,1689994800
0.1,1,Jul 22 2023 05: +0,1689998400
0.1,1,Jul 22 2023 06: +0,1690002000
0.098,1,Jul 22 2023 08: +0,1690009200
0.098,4,Jul 22 2023 09: +0,1690012800
0.098,3,Jul 22 2023 11: +0,1690020000
0.086,1,Jul 22 2023 12: +0,1690023600
0.099,4,Jul 22 2023 13: +0,1690027200
0.096,2,Jul 22 2023 14: +0,1690030800
0.106,5,Jul 22 2023 15: +0,1690034400
0.093,1,Jul 22 2023 16: +0,1690038000
0.093,3,Jul 22 2023 17: +0,1690041600
0.107,1,Jul 22 2023 19: +0,1690048800
0.107,1,Jul 22 2023 20: +0,1690052400
0.107,3,Jul 22 2023 21: +0,1690056000
0.109,1,Jul 22 2023 22: +0,1690059600
0.108,1,Jul 22 2023 23: +0,1690063200
0.114,1,Jul 23 2023 00: +0,1690066800
0.12,1,Jul 23 2023 02: +0,1690074000
0.096,2,Jul 23 2023 04: +0,1690081200
0.086,1,Jul 23 2023 07: +0,1690092000
0.122,5,Jul 23 2023 09: +0,1690099200
0.089,1,Jul 23 2023 12: +0,1690110000
0.087,1,Jul 23 2023 13: +0,1690113600
0.11,4,Jul 23 2023 14: +0,1690117200
0.1,2,Jul 23 2023 15: +0,1690120800
0.101,1,Jul 23 2023 16: +0,1690124400
0.084,2,Jul 23 2023 17: +0,1690128000
0.098,4,Jul 23 2023 18: +0,1690131600
0.091,1,Jul 23 2023 20: +0,1690138800
0.104,1,Jul 23 2023 21: +0,1690142400
0.091,5,Jul 23 2023 22: +0,1690146000
0.096,2,Jul 23 2023 23: +0,1690149600
0.091,7,Jul 24 2023 02: +0,1690160400
0.113,4,Jul 24 2023 03: +0,1690164000
0.105,3,Jul 24 2023 04: +0,1690167600
0.105,1,Jul 24 2023 05: +0,1690171200
0.113,2,Jul 24 2023 06: +0,1690174800
0.114,2,Jul 24 2023 07: +0,1690178400
0.084,2,Jul 24 2023 08: +0,1690182000
0.103,2,Jul 24 2023 10: +0,1690189200
0.069,3,Jul 24 2023 11: +0,1690192800
0.122,7,Jul 24 2023 12: +0,1690196400
0.113,3,Jul 24 2023 13: +0,1690200000
0.122,3,Jul 24 2023 14: +0,1690203600
0.088,1,Jul 24 2023 15: +0,1690207200
0.113,6,Jul 24 2023 16: +0,1690210800
0.113,1,Jul 24 2023 17: +0,1690214400
0.105,3,Jul 24 2023 18: +0,1690218000
0.103,3,Jul 24 2023 19: +0,1690221600
0.089,5,Jul 24 2023 20: +0,1690225200
0.091,6,Jul 24 2023 21: +0,1690228800
0.106,9,Jul 24 2023 22: +0,1690232400
0.112,3,Jul 24 2023 23: +0,1690236000
0.121,3,Jul 25 2023 00: +0,1690239600
0.112,1,Jul 25 2023 01: +0,1690243200
0.112,2,Jul 25 2023 02: +0,1690246800
0.117,2,Jul 25 2023 05: +0,1690257600
0.121,1,Jul 25 2023 07: +0,1690264800
0.104,1,Jul 25 2023 10: +0,1690275600
0.099,5,Jul 25 2023 12: +0,1690282800
0.094,1,Jul 25 2023 13: +0,1690286400
0.112,1,Jul 25 2023 16: +0,1690297200
0.099,3,Jul 25 2023 17: +0,1690300800
0.114,2,Jul 25 2023 18: +0,1690304400
0.12,6,Jul 25 2023 20: +0,1690311600
0.115,3,Jul 25 2023 21: +0,1690315200
0.103,1,Jul 25 2023 22: +0,1690318800
0.116,1,Jul 25 2023 23: +0,1690322400
0.106,1,Jul 26 2023 01: +0,1690329600
0.116,1,Jul 26 2023 02: +0,1690333200
0.116,3,Jul 26 2023 04: +0,1690340400
0.116,1,Jul 26 2023 06: +0,1690347600
0.107,2,Jul 26 2023 07: +0,1690351200
0.116,1,Jul 26 2023 08: +0,1690354800
0.114,2,Jul 26 2023 11: +0,1690365600
0.112,1,Jul 26 2023 12: +0,1690369200
0.104,3,Jul 26 2023 15: +0,1690380000
0.106,1,Jul 26 2023 16: +0,1690383600
0.112,2,Jul 26 2023 18: +0,1690390800
0.111,5,Jul 26 2023 19: +0,1690394400
0.106,3,Jul 26 2023 20: +0,1690398000
0.112,4,Jul 26 2023 21: +0,1690401600
0.112,1,Jul 26 2023 22: +0,1690405200
0.12,5,Jul 26 2023 23: +0,1690408800
0.116,4,Jul 27 2023 01: +0,1690416000
0.109,2,Jul 27 2023 02: +0,1690419600
0.101,1,Jul 27 2023 03: +0,1690423200
0.116,1,Jul 27 2023 04: +0,1690426800
0.116,1,Jul 27 2023 05: +0,1690430400
0.124,1,Jul 27 2023 07: +0,1690437600
0.089,1,Jul 27 2023 10: +0,1690448400
0.115,1,Jul 27 2023 13: +0,1690459200
0.103,1,Jul 27 2023 14: +0,1690462800
0.109,2,Jul 27 2023 15: +0,1690466400
0.107,1,Jul 27 2023 16: +0,1690470000
0.107,3,Jul 27 2023 17: +0,1690473600
0.112,4,Jul 27 2023 18: +0,1690477200
0.121,1,Jul 27 2023 19: +0,1690480800
0.112,3,Jul 27 2023 20: +0,1690484400
0.112,1,Jul 27 2023 22: +0,1690491600
0.112,3,Jul 27 2023 23: +0,1690495200
0.112,1,Jul 28 2023 01: +0,1690502400
0.112,3,Jul 28 2023 02: +0,1690506000
0.11,4,Jul 28 2023 03: +0,1690509600
0.117,1,Jul 28 2023 05: +0,1690516800
0.09,1,Jul 28 2023 07: +0,1690524000
0.109,4,Jul 28 2023 08: +0,1690527600
0.102,4,Jul 28 2023 11: +0,1690538400
0.112,3,Jul 28 2023 12: +0,1690542000
0.12,1,Jul 28 2023 13: +0,1690545600
0.112,4,Jul 28 2023 14: +0,1690549200
0.089,1,Jul 28 2023 15: +0,1690552800
0.094,2,Jul 28 2023 16: +0,1690556400
0.094,1,Jul 28 2023 17: +0,1690560000
0.121,3,Jul 28 2023 18: +0,1690563600
0.102,6,Jul 28 2023 21: +0,1690574400
0.107,2,Jul 28 2023 23: +0,1690581600
0.106,1,Jul 29 2023 01: +0,1690588800
0.088,1,Jul 29 2023 03: +0,1690596000
0.106,1,Jul 29 2023 05: +0,1690603200
0.112,1,Jul 29 2023 07: +0,1690610400
0.11,3,Jul 29 2023 08: +0,1690614000
0.1,3,Jul 29 2023 09: +0,1690617600
0.083,2,Jul 29 2023 10: +0,1690621200
0.094,3,Jul 29 2023 11: +0,1690624800
0.096,1,Jul 29 2023 12: +0,1690628400
0.098,1,Jul 29 2023 13: +0,1690632000
0.101,4,Jul 29 2023 17: +0,1690646400
0.094,5,Jul 29 2023 18: +0,1690650000
0.106,2,Jul 29 2023 19: +0,1690653600
0.093,4,Jul 29 2023 21: +0,1690660800
0.101,6,Jul 29 2023 22: +0,1690664400
0.087,1,Jul 30 2023 02: +0,1690678800
0.098,1,Jul 30 2023 03: +0,1690682400
0.112,1,Jul 30 2023 04: +0,1690686000
0.1,2,Jul 30 2023 06: +0,1690693200
0.101,2,Jul 30 2023 08: +0,1690700400
0.1,1,Jul 30 2023 09: +0,1690704000
0.106,2,Jul 30 2023 10: +0,1690707600
0.112,5,Jul 30 2023 11: +0,1690711200
0.109,2,Jul 30 2023 12: +0,1690714800
0.11,2,Jul 30 2023 13: +0,1690718400
0.114,4,Jul 30 2023 15: +0,1690725600
0.077,1,Jul 30 2023 17: +0,1690732800
0.086,1,Jul 30 2023 18: +0,1690736400
0.03,1,Jul 30 2023 19: +0,1690740000
0.11,3,Jul 30 2023 20: +0,1690743600
0.087,3,Jul 30 2023 22: +0,1690750800
0.121,1,Jul 30 2023 23: +0,1690754400
0.118,6,Jul 31 2023 00: +0,1690758000
0.087,1,Jul 31 2023 01: +0,1690761600
0.121,1,Jul 31 2023 02: +0,1690765200
0.094,1,Jul 31 2023 06: +0,1690779600
0.096,2,Jul 31 2023 07: +0,1690783200
0.1,1,Jul 31 2023 09: +0,1690790400
0.1,3,Jul 31 2023 10: +0,1690794000
0.111,1,Jul 31 2023 11: +0,1690797600
0.1,3,Jul 31 2023 12: +0,1690801200
0.108,1,Jul 31 2023 13: +0,1690804800
0.121,4,Jul 31 2023 14: +0,1690808400
0.093,2,Jul 31 2023 15: +0,1690812000
0.103,1,Jul 31 2023 16: +0,1690815600
0.121,3,Jul 31 2023 17: +0,1690819200
0.094,3,Jul 31 2023 18: +0,1690822800
0.106,2,Jul 31 2023 19: +0,1690826400
0.094,8,Jul 31 2023 20: +0,1690830000
0.098,5,Jul 31 2023 21: +0,1690833600
0.103,2,Jul 31 2023 22: +0,1690837200
0.096,5,Jul 31 2023 23: +0,1690840800
0.102,1,Aug 01 2023 00: +0,1690844400
0.098,5,Aug 01 2023 01: +0,1690848000
0.1,2,Aug 01 2023 02: +0,1690851600
0.102,1,Aug 01 2023 04: +0,1690858800
0.101,3,Aug 01 2023 05: +0,1690862400
0.11,1,Aug 01 2023 06: +0,1690866000
0.078,4,Aug 01 2023 07: +0,1690869600
0.1,1,Aug 01 2023 10: +0,1690880400
0.093,11,Aug 01 2023 12: +0,1690887600
0.101,1,Aug 01 2023 13: +0,1690891200
0.091,3,Aug 01 2023 14: +0,1690894800
0.113,3,Aug 01 2023 15: +0,1690898400
0.1,1,Aug 01 2023 16: +0,1690902000
0.094,1,Aug 01 2023 17: +0,1690905600
0.093,2,Aug 01 2023 18: +0,1690909200
0.099,4,Aug 01 2023 19: +0,1690912800
0.09,3,Aug 01 2023 20: +0,1690916400
0.102,4,Aug 01 2023 21: +0,1690920000
0.121,3,Aug 01 2023 22: +0,1690923600
0.112,3,Aug 01 2023 23: +0,1690927200
0.098,2,Aug 02 2023 00: +0,1690930800
0.107,1,Aug 02 2023 01: +0,1690934400
0.11,9,Aug 02 2023 02: +0,1690938000
0.107,3,Aug 02 2023 04: +0,1690945200
0.106,4,Aug 02 2023 05: +0,1690948800
0.11,1,Aug 02 2023 07: +0,1690956000
0.11,4,Aug 02 2023 09: +0,1690963200
0.109,1,Aug 02 2023 10: +0,1690966800
0.101,2,Aug 02 2023 11: +0,1690970400
0.093,3,Aug 02 2023 13: +0,1690977600
0.102,1,Aug 02 2023 15: +0,1690984800
0.087,25,Aug 02 2023 16: +0,1690988400
0.11,3,Aug 02 2023 17: +0,1690992000
0.109,6,Aug 02 2023 19: +0,1690999200
0.111,6,Aug 02 2023 20: +0,1691002800
0.112,5,Aug 02 2023 21: +0,1691006400
0.099,3,Aug 02 2023 22: +0,1691010000
0.112,3,Aug 02 2023 23: +0,1691013600
0.121,4,Aug 03 2023 00: +0,1691017200
0.092,5,Aug 03 2023 02: +0,1691024400
0.093,2,Aug 03 2023 05: +0,1691035200
0.121,1,Aug 03 2023 08: +0,1691046000
0.093,2,Aug 03 2023 11: +0,1691056800
0.112,1,Aug 03 2023 12: +0,1691060400
0.09,2,Aug 03 2023 13: +0,1691064000
0.108,1,Aug 03 2023 14: +0,1691067600
0.11,7,Aug 03 2023 15: +0,1691071200
0.109,5,Aug 03 2023 16: +0,1691074800
0.091,9,Aug 03 2023 18: +0,1691082000
0.091,5,Aug 03 2023 19: +0,1691085600
0.091,7,Aug 03 2023 20: +0,1691089200
0.09,10,Aug 03 2023 21: +0,1691092800
0.104,7,Aug 03 2023 22: +0,1691096400
0.078,1,Aug 03 2023 23: +0,1691100000
0.082,1,Aug 04 2023 00: +0,1691103600
0.112,3,Aug 04 2023 01: +0,1691107200
0.106,2,Aug 04 2023 02: +0,1691110800
0.112,1,Aug 04 2023 03: +0,1691114400
0.098,2,Aug 04 2023 04: +0,1691118000
0.092,3,Aug 04 2023 05: +0,1691121600
0.102,1,Aug 04 2023 07: +0,1691128800
0.107,4,Aug 04 2023 08: +0,1691132400
0.101,2,Aug 04 2023 10: +0,1691139600
0.103,2,Aug 04 2023 11: +0,1691143200
0.103,4,Aug 04 2023 12: +0,1691146800
0.11,1,Aug 04 2023 13: +0,1691150400
0.09,1,Aug 04 2023 14: +0,1691154000
0.112,1,Aug 04 2023 16: +0,1691161200
0.112,1,Aug 04 2023 17: +0,1691164800
0.089,2,Aug 04 2023 18: +0,1691168400
0.112,10,Aug 04 2023 20: +0,1691175600
0.113,7,Aug 04 2023 21: +0,1691179200
0.113,5,Aug 04 2023 22: +0,1691182800
0.11,25,Aug 04 2023 23: +0,1691186400
0.097,1,Aug 05 2023 01: +0,1691193600
0.094,2,Aug 05 2023 03: +0,1691200800
0.118,2,Aug 05 2023 05: +0,1691208000
0.089,1,Aug 05 2023 07: +0,1691215200
0.113,4,Aug 05 2023 09: +0,1691222400
0.109,1,Aug 05 2023 10: +0,1691226000
0.098,2,Aug 05 2023 11: +0,1691229600
0.097,2,Aug 05 2023 12: +0,1691233200
0.109,2,Aug 05 2023 13: +0,1691236800
0.094,2,Aug 05 2023 14: +0,1691240400
0.113,1,Aug 05 2023 15: +0,1691244000
0.088,2,Aug 05 2023 16: +0,1691247600
0.099,3,Aug 05 2023 18: +0,1691254800
0.107,7,Aug 05 2023 19: +0,1691258400
0.09,3,Aug 05 2023 20: +0,1691262000
0.086,2,Aug 05 2023 21: +0,1691265600
0.113,5,Aug 05 2023 22: +0,1691269200
0.118,5,Aug 05 2023 23: +0,1691272800
0.1,1,Aug 06 2023 00: +0,1691276400
0.098,2,Aug 06 2023 01: +0,1691280000
0.098,2,Aug 06 2023 02: +0,1691283600
0.118,3,Aug 06 2023 03: +0,1691287200
0.107,1,Aug 06 2023 04: +0,1691290800
0.11,2,Aug 06 2023 05: +0,1691294400
0.112,1,Aug 06 2023 06: +0,1691298000
0.112,1,Aug 06 2023 07: +0,1691301600
0.121,2,Aug 06 2023 09: +0,1691308800
0.121,1,Aug 06 2023 10: +0,1691312400
0.121,4,Aug 06 2023 11: +0,1691316000
0.09,4,Aug 06 2023 12: +0,1691319600
0.105,5,Aug 06 2023 13: +0,1691323200
0.11,2,Aug 06 2023 14: +0,1691326800
0.118,6,Aug 06 2023 15: +0,1691330400
0.112,5,Aug 06 2023 16: +0,1691334000
0.111,4,Aug 06 2023 17: +0,1691337600
0.112,4,Aug 06 2023 18: +0,1691341200
0.121,5,Aug 06 2023 19: +0,1691344800
0.11,3,Aug 06 2023 20: +0,1691348400
0.11,1,Aug 06 2023 21: +0,1691352000
0.108,1,Aug 06 2023 22: +0,1691355600
0.09,6,Aug 06 2023 23: +0,1691359200
0.118,1,Aug 07 2023 02: +0,1691370000
0.103,2,Aug 07 2023 04: +0,1691377200
0.111,1,Aug 07 2023 08: +0,1691391600
0.092,1,Aug 07 2023 09: +0,1691395200
0.116,2,Aug 07 2023 11: +0,1691402400
0.106,1,Aug 07 2023 13: +0,1691409600
0.105,1,Aug 07 2023 14: +0,1691413200
0.092,1,Aug 07 2023 15: +0,1691416800
0.086,2,Aug 07 2023 16: +0,1691420400
0.098,4,Aug 07 2023 17: +0,1691424000
0.098,2,Aug 07 2023 18: +0,1691427600
0.098,3,Aug 07 2023 19: +0,1691431200
0.102,3,Aug 07 2023 20: +0,1691434800
0.096,6,Aug 07 2023 21: +0,1691438400
0.089,4,Aug 07 2023 22: +0,1691442000
0.097,4,Aug 07 2023 23: +0,1691445600
0.101,2,Aug 08 2023 00: +0,1691449200
0.112,1,Aug 08 2023 02: +0,1691456400
0.087,2,Aug 08 2023 03: +0,1691460000
0.109,2,Aug 08 2023 06: +0,1691470800
0.1,1,Aug 08 2023 09: +0,1691481600
0.097,2,Aug 08 2023 10: +0,1691485200
0.112,3,Aug 08 2023 11: +0,1691488800
0.099,2,Aug 08 2023 12: +0,1691492400
0.09,5,Aug 08 2023 13: +0,1691496000
0.093,1,Aug 08 2023 14: +0,1691499600
0.099,2,Aug 08 2023 15: +0,1691503200
0.112,6,Aug 08 2023 16: +0,1691506800
0.109,3,Aug 08 2023 17: +0,1691510400
0.112,1,Aug 08 2023 20: +0,1691521200
0.101,3,Aug 08 2023 21: +0,1691524800
0.089,1,Aug 08 2023 23: +0,1691532000
0.105,4,Aug 09 2023 00: +0,1691535600
0.112,2,Aug 09 2023 01: +0,1691539200
0.109,4,Aug 09 2023 02: +0,1691542800
0.113,2,Aug 09 2023 04: +0,1691550000
0.111,2,Aug 09 2023 05: +0,1691553600
0.091,4,Aug 09 2023 07: +0,1691560800
0.091,1,Aug 09 2023 08: +0,1691564400
0.091,1,Aug 09 2023 09: +0,1691568000
0.112,1,Aug 09 2023 10: +0,1691571600
0.118,1,Aug 09 2023 11: +0,1691575200
0.112,1,Aug 09 2023 12: +0,1691578800
0.115,2,Aug 09 2023 13: +0,1691582400
0.095,3,Aug 09 2023 14: +0,1691586000
0.12,1,Aug 09 2023 15: +0,1691589600
0.11,1,Aug 09 2023 16: +0,1691593200
0.099,1,Aug 09 2023 17: +0,1691596800
0.111,6,Aug 09 2023 18: +0,1691600400
0.111,2,Aug 09 2023 19: +0,1691604000
0.114,4,Aug 09 2023 20: +0,1691607600
0.13,1,Aug 09 2023 21: +0,1691611200
0.116,3,Aug 09 2023 22: +0,1691614800
0.121,1,Aug 09 2023 23: +0,1691618400
0.092,2,Aug 10 2023 00: +0,1691622000
0.102,2,Aug 10 2023 03: +0,1691632800
0.118,1,Aug 10 2023 04: +0,1691636400
0.111,2,Aug 10 2023 07: +0,1691647200
0.102,2,Aug 10 2023 08: +0,1691650800
0.111,2,Aug 10 2023 09: +0,1691654400
0.078,1,Aug 10 2023 10: +0,1691658000
0.086,2,Aug 10 2023 13: +0,1691668800
0.121,6,Aug 10 2023 14: +0,1691672400
0.111,2,Aug 10 2023 15: +0,1691676000
0.087,3,Aug 10 2023 16: +0,1691679600
0.099,3,Aug 10 2023 18: +0,1691686800
0.099,4,Aug 10 2023 19: +0,1691690400
0.104,2,Aug 10 2023 20: +0,1691694000
0.097,3,Aug 10 2023 21: +0,1691697600
0.104,1,Aug 10 2023 22: +0,1691701200
0.096,3,Aug 11 2023 02: +0,1691715600
0.099,1,Aug 11 2023 03: +0,1691719200
0.104,13,Aug 11 2023 04: +0,1691722800
0.099,1,Aug 11 2023 05: +0,1691726400
0.094,8,Aug 11 2023 08: +0,1691737200
0.099,1,Aug 11 2023 09: +0,1691740800
0.087,1,Aug 11 2023 10: +0,1691744400
0.104,2,Aug 11 2023 11: +0,1691748000
0.104,1,Aug 11 2023 12: +0,1691751600
0.099,7,Aug 11 2023 13: +0,1691755200
0.092,2,Aug 11 2023 15: +0,1691762400
0.104,1,Aug 11 2023 16: +0,1691766000
0.099,21,Aug 11 2023 17: +0,1691769600
0.085,2,Aug 11 2023 18: +0,1691773200
0.096,2,Aug 11 2023 19: +0,1691776800
0.099,3,Aug 11 2023 20: +0,1691780400
0.107,1,Aug 11 2023 21: +0,1691784000
0.107,3,Aug 11 2023 22: +0,1691787600
0.111,2,Aug 11 2023 23: +0,1691791200
0.118,1,Aug 12 2023 01: +0,1691798400
0.098,3,Aug 12 2023 02: +0,1691802000
0.112,4,Aug 12 2023 03: +0,1691805600
0.102,1,Aug 12 2023 04: +0,1691809200
0.106,2,Aug 12 2023 05: +0,1691812800
0.1,2,Aug 12 2023 06: +0,1691816400
0.099,1,Aug 12 2023 07: +0,1691820000
0.094,1,Aug 12 2023 08: +0,1691823600
0.095,5,Aug 12 2023 10: +0,1691830800
0.099,1,Aug 12 2023 11: +0,1691834400
0.1,3,Aug 12 2023 12: +0,1691838000
0.112,1,Aug 12 2023 13: +0,1691841600
0.11,3,Aug 12 2023 14: +0,1691845200
0.112,3,Aug 12 2023 15: +0,1691848800
0.07,1,Aug 12 2023 16: +0,1691852400
0.1,2,Aug 12 2023 18: +0,1691859600
0.1,5,Aug 12 2023 19: +0,1691863200
0.1,5,Aug 12 2023 20: +0,1691866800
0.099,3,Aug 12 2023 21: +0,1691870400
0.088,2,Aug 12 2023 22: +0,1691874000
0.112,1,Aug 12 2023 23: +0,1691877600
0.11,1,Aug 13 2023 00: +0,1691881200
0.1,1,Aug 13 2023 01: +0,1691884800
0.112,1,Aug 13 2023 02: +0,1691888400
0.09,2,Aug 13 2023 03: +0,1691892000
0.1,1,Aug 13 2023 05: +0,1691899200
0.094,1,Aug 13 2023 06: +0,1691902800
0.112,5,Aug 13 2023 07: +0,1691906400
0.121,98,Aug 13 2023 08: +0,1691910000
0.129,1,Aug 13 2023 09: +0,1691913600
0.094,2,Aug 13 2023 11: +0,1691920800
0.095,1,Aug 13 2023 12: +0,1691924400
0.121,6,Aug 13 2023 13: +0,1691928000
0.125,8,Aug 13 2023 14: +0,1691931600
0.125,2,Aug 13 2023 15: +0,1691935200
0.102,4,Aug 13 2023 16: +0,1691938800
0.121,1,Aug 13 2023 17: +0,1691942400
0.129,1,Aug 13 2023 19: +0,1691949600
0.124,2,Aug 13 2023 20: +0,1691953200
0.111,2,Aug 13 2023 23: +0,1691964000
0.12,3,Aug 14 2023 01: +0,1691971200
0.124,2,Aug 14 2023 02: +0,1691974800
0.126,5,Aug 14 2023 03: +0,1691978400
0.121,1,Aug 14 2023 07: +0,1691992800
0.091,2,Aug 14 2023 09: +0,1692000000
0.115,2,Aug 14 2023 11: +0,1692007200
0.11,2,Aug 14 2023 12: +0,1692010800
0.093,2,Aug 14 2023 14: +0,1692018000
0.11,2,Aug 14 2023 15: +0,1692021600
0.104,1,Aug 14 2023 16: +0,1692025200
0.107,6,Aug 14 2023 17: +0,1692028800
0.11,2,Aug 14 2023 18: +0,1692032400
0.101,4,Aug 14 2023 19: +0,1692036000
0.111,3,Aug 14 2023 20: +0,1692039600
0.111,5,Aug 14 2023 21: +0,1692043200
0.11,5,Aug 14 2023 22: +0,1692046800
0.121,1,Aug 14 2023 23: +0,1692050400
0.111,3,Aug 15 2023 00: +0,1692054000
0.11,2,Aug 15 2023 01: +0,1692057600
0.099,3,Aug 15 2023 02: +0,1692061200
0.11,1,Aug 15 2023 03: +0,1692064800
0.11,1,Aug 15 2023 05: +0,1692072000
0.098,12,Aug 15 2023 07: +0,1692079200
0.095,1,Aug 15 2023 08: +0,1692082800
0.119,1,Aug 15 2023 09: +0,1692086400
0.11,2,Aug 15 2023 10: +0,1692090000
0.12,1,Aug 15 2023 12: +0,1692097200
0.094,2,Aug 15 2023 13: +0,1692100800
0.108,3,Aug 15 2023 15: +0,1692108000
0.108,3,Aug 15 2023 16: +0,1692111600
0.12,1,Aug 15 2023 17: +0,1692115200
0.113,2,Aug 15 2023 18: +0,1692118800
0.101,2,Aug 15 2023 19: +0,1692122400
0.102,4,Aug 15 2023 20: +0,1692126000
0.094,3,Aug 15 2023 21: +0,1692129600
0.111,1,Aug 15 2023 22: +0,1692133200
0.108,1,Aug 15 2023 23: +0,1692136800
0.12,4,Aug 16 2023 01: +0,1692144000
0.106,5,Aug 16 2023 02: +0,1692147600
0.113,1,Aug 16 2023 05: +0,1692158400
0.12,1,Aug 16 2023 06: +0,1692162000
0.109,1,Aug 16 2023 10: +0,1692176400
0.117,3,Aug 16 2023 11: +0,1692180000
0.114,6,Aug 16 2023 12: +0,1692183600
0.117,5,Aug 16 2023 13: +0,1692187200
0.117,2,Aug 16 2023 14: +0,1692190800
0.118,2,Aug 16 2023 15: +0,1692194400
0.121,1,Aug 16 2023 16: +0,1692198000
0.121,1,Aug 16 2023 17: +0,1692201600
0.121,4,Aug 16 2023 18: +0,1692205200
0.111,1,Aug 16 2023 19: +0,1692208800
0.109,3,Aug 16 2023 20: +0,1692212400
0.113,1,Aug 16 2023 21: +0,1692216000
0.104,2,Aug 16 2023 22: +0,1692219600
0.119,6,Aug 16 2023 23: +0,1692223200
0.094,2,Aug 17 2023 00: +0,1692226800
0.111,1,Aug 17 2023 02: +0,1692234000
0.111,1,Aug 17 2023 06: +0,1692248400
0.111,5,Aug 17 2023 08: +0,1692255600
0.111,4,Aug 17 2023 10: +0,1692262800
0.12,3,Aug 17 2023 11: +0,1692266400
0.113,1,Aug 17 2023 12: +0,1692270000
0.113,2,Aug 17 2023 14: +0,1692277200
0.099,4,Aug 17 2023 15: +0,1692280800
0.12,4,Aug 17 2023 16: +0,1692284400
0.111,1,Aug 17 2023 18: +0,1692291600
0.109,2,Aug 17 2023 19: +0,1692295200
0.109,4,Aug 17 2023 20: +0,1692298800
0.111,1,Aug 17 2023 21: +0,1692302400
0.121,1,Aug 17 2023 22: +0,1692306000
0.103,3,Aug 17 2023 23: +0,1692309600
0.108,1,Aug 18 2023 00: +0,1692313200
0.121,2,Aug 18 2023 01: +0,1692316800
0.118,1,Aug 18 2023 04: +0,1692327600
0.098,2,Aug 18 2023 06: +0,1692334800
0.126,2,Aug 18 2023 08: +0,1692342000
0.106,2,Aug 18 2023 09: +0,1692345600
0.128,1,Aug 18 2023 10: +0,1692349200
0.12,5,Aug 18 2023 11: +0,1692352800
0.121,1,Aug 18 2023 12: +0,1692356400
0.102,3,Aug 18 2023 13: +0,1692360000
0.128,1,Aug 18 2023 15: +0,1692367200
0.128,1,Aug 18 2023 16: +0,1692370800
0.12,5,Aug 18 2023 17: +0,1692374400
0.12,1,Aug 18 2023 18: +0,1692378000
0.125,2,Aug 18 2023 19: +0,1692381600
0.111,2,Aug 18 2023 20: +0,1692385200
0.122,1,Aug 18 2023 21: +0,1692388800
0.13,1,Aug 18 2023 22: +0,1692392400
0.12,1,Aug 18 2023 23: +0,1692396000
0.105,1,Aug 19 2023 00: +0,1692399600
0.121,1,Aug 19 2023 01: +0,1692403200
0.126,1,Aug 19 2023 03: +0,1692410400
0.09,2,Aug 19 2023 05: +0,1692417600
0.126,3,Aug 19 2023 09: +0,1692432000
0.128,1,Aug 19 2023 11: +0,1692439200
0.091,3,Aug 19 2023 12: +0,1692442800
0.12,5,Aug 19 2023 13: +0,1692446400
0.092,5,Aug 19 2023 14: +0,1692450000
0.124,1,Aug 19 2023 15: +0,1692453600
0.114,1,Aug 19 2023 16: +0,1692457200
0.126,2,Aug 19 2023 17: +0,1692460800
0.095,1,Aug 19 2023 18: +0,1692464400
0.11,2,Aug 19 2023 19: +0,1692468000
0.11,1,Aug 19 2023 21: +0,1692475200
0.109,13,Aug 19 2023 22: +0,1692478800
0.119,4,Aug 19 2023 23: +0,1692482400
0.093,1,Aug 20 2023 01: +0,1692489600
0.118,4,Aug 20 2023 03: +0,1692496800
0.118,1,Aug 20 2023 06: +0,1692507600
0.109,6,Aug 20 2023 09: +0,1692518400
0.087,2,Aug 20 2023 10: +0,1692522000
0.11,2,Aug 20 2023 11: +0,1692525600
0.109,1,Aug 20 2023 12: +0,1692529200
0.086,24,Aug 20 2023 13: +0,1692532800
0.109,4,Aug 20 2023 14: +0,1692536400
0.109,1,Aug 20 2023 15: +0,1692540000
0.111,1,Aug 20 2023 17: +0,1692547200
0.108,3,Aug 20 2023 18: +0,1692550800
0.119,6,Aug 20 2023 19: +0,1692554400
0.109,5,Aug 20 2023 20: +0,1692558000
0.108,7,Aug 20 2023 21: +0,1692561600
0.11,1,Aug 20 2023 22: +0,1692565200
0.102,1,Aug 20 2023 23: +0,1692568800
0.103,1,Aug 21 2023 00: +0,1692572400
0.101,2,Aug 21 2023 03: +0,1692583200
0.096,16,Aug 21 2023 04: +0,1692586800
0.11,1,Aug 21 2023 05: +0,1692590400
0.118,3,Aug 21 2023 06: +0,1692594000
0.12,1,Aug 21 2023 07: +0,1692597600
0.118,2,Aug 21 2023 08: +0,1692601200
0.121,1,Aug 21 2023 10: +0,1692608400
0.102,4,Aug 21 2023 14: +0,1692622800
0.119,5,Aug 21 2023 15: +0,1692626400
0.121,6,Aug 21 2023 16: +0,1692630000
0.113,2,Aug 21 2023 17: +0,1692633600
0.086,1,Aug 21 2023 18: +0,1692637200
0.113,3,Aug 21 2023 19: +0,1692640800
0.116,2,Aug 21 2023 20: +0,1692644400
0.103,2,Aug 21 2023 21: +0,1692648000
0.115,2,Aug 21 2023 23: +0,1692655200
0.117,2,Aug 22 2023 01: +0,1692662400
0.115,1,Aug 22 2023 02: +0,1692666000
0.086,1,Aug 22 2023 05: +0,1692676800
0.108,1,Aug 22 2023 06: +0,1692680400
0.111,1,Aug 22 2023 09: +0,1692691200
0.1,3,Aug 22 2023 10: +0,1692694800
0.121,9,Aug 22 2023 13: +0,1692705600
0.112,2,Aug 22 2023 15: +0,1692712800
0.129,1,Aug 22 2023 16: +0,1692716400
0.129,1,Aug 22 2023 18: +0,1692723600
0.121,5,Aug 22 2023 19: +0,1692727200
0.117,3,Aug 22 2023 20: +0,1692730800
0.121,6,Aug 22 2023 21: +0,1692734400
0.104,3,Aug 22 2023 22: +0,1692738000
0.115,1,Aug 23 2023 00: +0,1692745200
0.104,1,Aug 23 2023 01: +0,1692748800
0.117,1,Aug 23 2023 02: +0,1692752400
0.122,3,Aug 23 2023 05: +0,1692763200
0.129,5,Aug 23 2023 07: +0,1692770400
0.122,2,Aug 23 2023 10: +0,1692781200
0.117,3,Aug 23 2023 11: +0,1692784800
0.121,1,Aug 23 2023 12: +0,1692788400
0.104,3,Aug 23 2023 13: +0,1692792000
0.112,1,Aug 23 2023 14: +0,1692795600
0.113,7,Aug 23 2023 15: +0,1692799200
0.111,2,Aug 23 2023 16: +0,1692802800
0.121,5,Aug 23 2023 17: +0,1692806400
0.129,2,Aug 23 2023 18: +0,1692810000
0.121,1,Aug 23 2023 19: +0,1692813600
0.104,5,Aug 23 2023 20: +0,1692817200
0.127,1,Aug 23 2023 21: +0,1692820800
0.091,3,Aug 23 2023 22: +0,1692824400
0.103,2,Aug 24 2023 01: +0,1692835200
0.117,4,Aug 24 2023 03: +0,1692842400
0.127,4,Aug 24 2023 04: +0,1692846000
0.103,1,Aug 24 2023 06: +0,1692853200
0.119,1,Aug 24 2023 07: +0,1692856800
0.116,3,Aug 24 2023 10: +0,1692867600
0.122,2,Aug 24 2023 12: +0,1692874800
0.123,1,Aug 24 2023 13: +0,1692878400
0.123,2,Aug 24 2023 14: +0,1692882000
0.121,3,Aug 24 2023 15: +0,1692885600
0.125,5,Aug 24 2023 17: +0,1692892800
0.127,2,Aug 24 2023 18: +0,1692896400
0.125,5,Aug 24 2023 19: +0,1692900000
0.125,3,Aug 24 2023 20: +0,1692903600
0.131,1,Aug 24 2023 21: +0,1692907200
0.123,3,Aug 24 2023 22: +0,1692910800
0.125,3,Aug 24 2023 23: +0,1692914400
0.11,2,Aug 25 2023 04: +0,1692932400
0.117,1,Aug 25 2023 08: +0,1692946800
0.117,1,Aug 25 2023 09: +0,1692950400
0.117,1,Aug 25 2023 10: +0,1692954000
0.118,1,Aug 25 2023 11: +0,1692957600
0.118,2,Aug 25 2023 12: +0,1692961200
0.12,1,Aug 25 2023 13: +0,1692964800
0.12,1,Aug 25 2023 15: +0,1692972000
0.123,5,Aug 25 2023 16: +0,1692975600
0.129,4,Aug 25 2023 18: +0,1692982800
0.129,6,Aug 25 2023 19: +0,1692986400
0.125,4,Aug 25 2023 20: +0,1692990000
0.125,5,Aug 25 2023 21: +0,1692993600
0.125,3,Aug 25 2023 22: +0,1692997200
0.108,2,Aug 25 2023 23: +0,1693000800
0.125,3,Aug 26 2023 01: +0,1693008000
0.127,1,Aug 26 2023 02: +0,1693011600
0.127,2,Aug 26 2023 04: +0,1693018800
0.127,9,Aug 26 2023 05: +0,1693022400
0.128,1,Aug 26 2023 06: +0,1693026000
0.128,1,Aug 26 2023 09: +0,1693036800
0.128,4,Aug 26 2023 12: +0,1693047600
0.118,4,Aug 26 2023 13: +0,1693051200
0.117,3,Aug 26 2023 15: +0,1693058400
0.112,2,Aug 26 2023 16: +0,1693062000
0.118,2,Aug 26 2023 17: +0,1693065600
0.118,2,Aug 26 2023 19: +0,1693072800
0.124,2,Aug 26 2023 20: +0,1693076400
0.127,5,Aug 26 2023 21: +0,1693080000
0.13,6,Aug 26 2023 22: +0,1693083600
0.104,2,Aug 27 2023 00: +0,1693090800
0.137,4,Aug 27 2023 01: +0,1693094400
0.137,2,Aug 27 2023 02: +0,1693098000
0.137,1,Aug 27 2023 03: +0,1693101600
0.138,2,Aug 27 2023 07: +0,1693116000
0.107,1,Aug 27 2023 09: +0,1693123200
0.137,2,Aug 27 2023 10: +0,1693126800
0.137,8,Aug 27 2023 11: +0,1693130400
0.108,3,Aug 27 2023 12: +0,1693134000
0.127,1,Aug 27 2023 13: +0,1693137600
0.12,1,Aug 27 2023 14: +0,1693141200
0.119,2,Aug 27 2023 15: +0,1693144800
0.103,1,Aug 27 2023 16: +0,1693148400
0.125,1,Aug 27 2023 17: +0,1693152000
0.129,2,Aug 27 2023 18: +0,1693155600
0.118,2,Aug 27 2023 19: +0,1693159200
0.127,1,Aug 27 2023 20: +0,1693162800
0.127,1,Aug 27 2023 21: +0,1693166400
0.127,2,Aug 27 2023 23: +0,1693173600
0.111,2,Aug 28 2023 00: +0,1693177200
0.128,1,Aug 28 2023 02: +0,1693184400
0.127,1,Aug 28 2023 03: +0,1693188000
0.107,1,Aug 28 2023 06: +0,1693198800
0.125,3,Aug 28 2023 07: +0,1693202400
0.129,1,Aug 28 2023 09: +0,1693209600
0.127,1,Aug 28 2023 10: +0,1693213200
0.134,2,Aug 28 2023 11: +0,1693216800
0.112,2,Aug 28 2023 12: +0,1693220400
0.136,10,Aug 28 2023 13: +0,1693224000
0.105,6,Aug 28 2023 14: +0,1693227600
0.133,1,Aug 28 2023 15: +0,1693231200
0.131,6,Aug 28 2023 16: +0,1693234800
0.086,2,Aug 28 2023 18: +0,1693242000
0.127,4,Aug 28 2023 19: +0,1693245600
0.057,1,Aug 28 2023 20: +0,1693249200
0.114,2,Aug 28 2023 21: +0,1693252800
0.123,4,Aug 28 2023 22: +0,1693256400
0.124,5,Aug 28 2023 23: +0,1693260000
0.106,2,Aug 29 2023 00: +0,1693263600
0.124,1,Aug 29 2023 02: +0,1693270800
0.118,1,Aug 29 2023 03: +0,1693274400
0.118,1,Aug 29 2023 06: +0,1693285200
0.111,2,Aug 29 2023 07: +0,1693288800
0.118,1,Aug 29 2023 08: +0,1693292400
0.128,4,Aug 29 2023 10: +0,1693299600
0.127,2,Aug 29 2023 11: +0,1693303200
0.105,1,Aug 29 2023 12: +0,1693306800
0.116,4,Aug 29 2023 14: +0,1693314000
0.115,1,Aug 29 2023 15: +0,1693317600
0.113,2,Aug 29 2023 17: +0,1693324800
0.117,2,Aug 29 2023 18: +0,1693328400
0.094,1,Aug 29 2023 19: +0,1693332000
0.126,2,Aug 29 2023 20: +0,1693335600
0.128,1,Aug 29 2023 21: +0,1693339200
0.123,4,Aug 29 2023 22: +0,1693342800
0.124,1,Aug 29 2023 23: +0,1693346400
0.128,3,Aug 30 2023 00: +0,1693350000
0.128,1,Aug 30 2023 01: +0,1693353600
0.103,2,Aug 30 2023 03: +0,1693360800
0.109,2,Aug 30 2023 05: +0,1693368000
0.108,2,Aug 30 2023 06: +0,1693371600
0.106,1,Aug 30 2023 07: +0,1693375200
0.112,2,Aug 30 2023 08: +0,1693378800
0.093,1,Aug 30 2023 09: +0,1693382400
0.106,1,Aug 30 2023 11: +0,1693389600
0.112,1,Aug 30 2023 12: +0,1693393200
0.112,5,Aug 30 2023 13: +0,1693396800
0.107,2,Aug 30 2023 15: +0,1693404000
0.11,3,Aug 30 2023 16: +0,1693407600
0.108,4,Aug 30 2023 17: +0,1693411200
0.11,3,Aug 30 2023 18: +0,1693414800
0.11,3,Aug 30 2023 19: +0,1693418400
0.108,4,Aug 30 2023 20: +0,1693422000
0.121,6,Aug 30 2023 21: +0,1693425600
0.108,10,Aug 30 2023 22: +0,1693429200
0.111,1,Aug 31 2023 00: +0,1693436400
0.112,1,Aug 31 2023 01: +0,1693440000
0.111,1,Aug 31 2023 02: +0,1693443600
0.118,1,Aug 31 2023 03: +0,1693447200
0.118,5,Aug 31 2023 04: +0,1693450800
0.109,2,Aug 31 2023 06: +0,1693458000
0.11,1,Aug 31 2023 07: +0,1693461600
0.106,1,Aug 31 2023 08: +0,1693465200
0.114,4,Aug 31 2023 09: +0,1693468800
0.11,1,Aug 31 2023 10: +0,1693472400
0.11,1,Aug 31 2023 12: +0,1693479600
0.103,1,Aug 31 2023 15: +0,1693490400
0.126,5,Aug 31 2023 16: +0,1693494000
0.11,1,Aug 31 2023 17: +0,1693497600
0.121,1,Aug 31 2023 19: +0,1693504800
0.109,1,Aug 31 2023 20: +0,1693508400
0.104,4,Aug 31 2023 21: +0,1693512000
0.103,1,Aug 31 2023 22: +0,1693515600
0.114,1,Sep 01 2023 01: +0,1693526400
0.118,3,Sep 01 2023 02: +0,1693530000
0.106,1,Sep 01 2023 06: +0,1693544400
0.106,1,Sep 01 2023 07: +0,1693548000
0.09,2,Sep 01 2023 08: +0,1693551600
0.109,3,Sep 01 2023 10: +0,1693558800
0.11,1,Sep 01 2023 11: +0,1693562400
0.091,8,Sep 01 2023 12: +0,1693566000
0.12,1,Sep 01 2023 16: +0,1693580400
0.113,1,Sep 01 2023 17: +0,1693584000
0.113,6,Sep 01 2023 18: +0,1693587600
0.113,1,Sep 01 2023 19: +0,1693591200
0.12,3,Sep 01 2023 20: +0,1693594800
0.119,5,Sep 01 2023 21: +0,1693598400
0.103,2,Sep 01 2023 22: +0,1693602000
0.124,5,Sep 01 2023 23: +0,1693605600
0.128,4,Sep 02 2023 00: +0,1693609200
0.105,1,Sep 02 2023 03: +0,1693620000
0.127,1,Sep 02 2023 06: +0,1693630800
0.126,1,Sep 02 2023 08: +0,1693638000
0.111,6,Sep 02 2023 09: +0,1693641600
0.113,1,Sep 02 2023 10: +0,1693645200
0.103,2,Sep 02 2023 11: +0,1693648800
0.097,1,Sep 02 2023 16: +0,1693666800
0.107,6,Sep 02 2023 17: +0,1693670400
0.119,8,Sep 02 2023 18: +0,1693674000
0.11,2,Sep 02 2023 19: +0,1693677600
0.124,5,Sep 02 2023 20: +0,1693681200
0.128,3,Sep 02 2023 21: +0,1693684800
0.128,5,Sep 02 2023 22: +0,1693688400
0.126,1,Sep 02 2023 23: +0,1693692000
0.104,1,Sep 03 2023 00: +0,1693695600
0.126,1,Sep 03 2023 03: +0,1693706400
0.12,1,Sep 03 2023 08: +0,1693724400
0.126,1,Sep 03 2023 09: +0,1693728000
0.121,6,Sep 03 2023 10: +0,1693731600
0.103,2,Sep 03 2023 11: +0,1693735200
0.119,1,Sep 03 2023 14: +0,1693746000
0.128,2,Sep 03 2023 15: +0,1693749600
0.128,1,Sep 03 2023 16: +0,1693753200
0.128,1,Sep 03 2023 17: +0,1693756800
0.121,3,Sep 03 2023 18: +0,1693760400
0.111,2,Sep 03 2023 19: +0,1693764000
0.103,2,Sep 03 2023 20: +0,1693767600
0.121,3,Sep 03 2023 21: +0,1693771200
0.128,1,Sep 03 2023 22: +0,1693774800
0.12,2,Sep 03 2023 23: +0,1693778400
0.121,2,Sep 04 2023 00: +0,1693782000
0.091,1,Sep 04 2023 02: +0,1693789200
0.102,2,Sep 04 2023 09: +0,1693814400
0.116,6,Sep 04 2023 10: +0,1693818000
0.118,2,Sep 04 2023 12: +0,1693825200
0.111,1,Sep 04 2023 13: +0,1693828800
0.091,1,Sep 04 2023 15: +0,1693836000
0.131,1,Sep 04 2023 16: +0,1693839600
0.129,4,Sep 04 2023 18: +0,1693846800
0.131,3,Sep 04 2023 19: +0,1693850400
0.131,1,Sep 04 2023 20: +0,1693854000
0.101,6,Sep 04 2023 21: +0,1693857600
0.131,1,Sep 04 2023 22: +0,1693861200
0.099,1,Sep 04 2023 23: +0,1693864800
0.131,5,Sep 05 2023 00: +0,1693868400
0.13,5,Sep 05 2023 03: +0,1693879200
0.131,1,Sep 05 2023 05: +0,1693886400
0.13,4,Sep 05 2023 08: +0,1693897200
0.106,3,Sep 05 2023 09: +0,1693900800
0.135,4,Sep 05 2023 10: +0,1693904400
0.131,1,Sep 05 2023 11: +0,1693908000
0.107,4,Sep 05 2023 12: +0,1693911600
0.129,1,Sep 05 2023 14: +0,1693918800
0.09,3,Sep 05 2023 15: +0,1693922400
0.106,3,Sep 05 2023 16: +0,1693926000
0.108,2,Sep 05 2023 17: +0,1693929600
0.121,2,Sep 05 2023 18: +0,1693933200
0.122,1,Sep 05 2023 19: +0,1693936800
0.121,1,Sep 05 2023 20: +0,1693940400
0.13,3,Sep 05 2023 21: +0,1693944000
0.12,1,Sep 05 2023 22: +0,1693947600
0.121,1,Sep 06 2023 00: +0,1693954800
0.121,10,Sep 06 2023 05: +0,1693972800
0.12,1,Sep 06 2023 06: +0,1693976400
0.109,2,Sep 06 2023 09: +0,1693987200
0.1,6,Sep 06 2023 12: +0,1693998000
0.111,2,Sep 06 2023 13: +0,1694001600
0.111,4,Sep 06 2023 14: +0,1694005200
0.111,3,Sep 06 2023 15: +0,1694008800
0.111,3,Sep 06 2023 16: +0,1694012400
0.116,6,Sep 06 2023 18: +0,1694019600
0.111,8,Sep 06 2023 19: +0,1694023200
0.111,2,Sep 06 2023 20: +0,1694026800
0.111,2,Sep 06 2023 21: +0,1694030400
0.109,1,Sep 06 2023 23: +0,1694037600
0.109,1,Sep 07 2023 00: +0,1694041200
0.121,1,Sep 07 2023 01: +0,1694044800
0.104,4,Sep 07 2023 05: +0,1694059200
0.099,4,Sep 07 2023 08: +0,1694070000
0.104,2,Sep 07 2023 09: +0,1694073600
0.098,2,Sep 07 2023 10: +0,1694077200
0.101,3,Sep 07 2023 11: +0,1694080800
0.107,2,Sep 07 2023 12: +0,1694084400
0.11,7,Sep 07 2023 13: +0,1694088000
0.102,4,Sep 07 2023 14: +0,1694091600
0.11,3,Sep 07 2023 15: +0,1694095200
0.11,2,Sep 07 2023 16: +0,1694098800
0.107,2,Sep 07 2023 17: +0,1694102400
0.11,2,Sep 07 2023 18: +0,1694106000
0.109,2,Sep 07 2023 19: +0,1694109600
0.1,6,Sep 07 2023 20: +0,1694113200
0.118,1,Sep 07 2023 21: +0,1694116800
0.119,3,Sep 07 2023 22: +0,1694120400
0.122,6,Sep 07 2023 23: +0,1694124000
0.121,1,Sep 08 2023 00: +0,1694127600
0.129,1,Sep 08 2023 01: +0,1694131200
0.129,1,Sep 08 2023 02: +0,1694134800
0.121,1,Sep 08 2023 05: +0,1694145600
0.103,1,Sep 08 2023 06: +0,1694149200
0.113,2,Sep 08 2023 08: +0,1694156400
0.112,1,Sep 08 2023 10: +0,1694163600
0.086,2,Sep 08 2023 11: +0,1694167200
0.089,3,Sep 08 2023 13: +0,1694174400
0.105,7,Sep 08 2023 14: +0,1694178000
0.121,4,Sep 08 2023 15: +0,1694181600
0.105,2,Sep 08 2023 16: +0,1694185200
0.129,14,Sep 08 2023 17: +0,1694188800
0.103,3,Sep 08 2023 19: +0,1694196000
0.117,4,Sep 08 2023 20: +0,1694199600
0.113,6,Sep 08 2023 22: +0,1694206800
0.102,2,Sep 08 2023 23: +0,1694210400
0.121,1,Sep 09 2023 00: +0,1694214000
0.121,6,Sep 09 2023 02: +0,1694221200
0.13,5,Sep 09 2023 03: +0,1694224800
0.106,1,Sep 09 2023 04: +0,1694228400
0.104,1,Sep 09 2023 05: +0,1694232000
0.136,1,Sep 09 2023 06: +0,1694235600
0.129,1,Sep 09 2023 07: +0,1694239200
0.111,4,Sep 09 2023 09: +0,1694246400
0.106,1,Sep 09 2023 10: +0,1694250000
0.123,1,Sep 09 2023 12: +0,1694257200
0.13,6,Sep 09 2023 13: +0,1694260800
0.138,4,Sep 09 2023 16: +0,1694271600
0.129,11,Sep 09 2023 17: +0,1694275200
0.129,3,Sep 09 2023 18: +0,1694278800
0.13,1,Sep 09 2023 19: +0,1694282400
0.13,4,Sep 09 2023 20: +0,1694286000
0.097,8,Sep 09 2023 21: +0,1694289600
0.112,4,Sep 09 2023 22: +0,1694293200
0.112,3,Sep 09 2023 23: +0,1694296800
0.107,8,Sep 10 2023 00: +0,1694300400
0.089,1,Sep 10 2023 01: +0,1694304000
0.104,1,Sep 10 2023 04: +0,1694314800
0.107,2,Sep 10 2023 05: +0,1694318400
0.107,5,Sep 10 2023 07: +0,1694325600
0.113,3,Sep 10 2023 08: +0,1694329200
0.107,5,Sep 10 2023 09: +0,1694332800
0.107,1,Sep 10 2023 10: +0,1694336400
0.107,4,Sep 10 2023 11: +0,1694340000
0.106,3,Sep 10 2023 12: +0,1694343600
0.107,6,Sep 10 2023 13: +0,1694347200
0.107,3,Sep 10 2023 14: +0,1694350800
0.108,3,Sep 10 2023 15: +0,1694354400
0.112,3,Sep 10 2023 16: +0,1694358000
0.108,1,Sep 10 2023 17: +0,1694361600
0.116,2,Sep 10 2023 18: +0,1694365200
0.096,2,Sep 10 2023 19: +0,1694368800
0.111,7,Sep 10 2023 20: +0,1694372400
0.102,2,Sep 10 2023 21: +0,1694376000
0.121,8,Sep 10 2023 22: +0,1694379600
0.117,1,Sep 11 2023 00: +0,1694386800
0.118,3,Sep 11 2023 01: +0,1694390400
0.117,4,Sep 11 2023 02: +0,1694394000
0.1,1,Sep 11 2023 03: +0,1694397600
0.103,2,Sep 11 2023 05: +0,1694404800
0.106,2,Sep 11 2023 06: +0,1694408400
0.117,7,Sep 11 2023 08: +0,1694415600
0.12,4,Sep 11 2023 09: +0,1694419200
0.105,3,Sep 11 2023 10: +0,1694422800
0.129,2,Sep 11 2023 11: +0,1694426400
0.121,5,Sep 11 2023 12: +0,1694430000
0.105,2,Sep 11 2023 13: +0,1694433600
0.125,6,Sep 11 2023 14: +0,1694437200
0.093,2,Sep 11 2023 15: +0,1694440800
0.089,13,Sep 11 2023 16: +0,1694444400
0.121,5,Sep 11 2023 17: +0,1694448000
0.12,3,Sep 11 2023 19: +0,1694455200
0.126,6,Sep 11 2023 20: +0,1694458800
0.141,3,Sep 11 2023 22: +0,1694466000
0.138,4,Sep 11 2023 23: +0,1694469600
0.13,4,Sep 12 2023 00: +0,1694473200
0.129,2,Sep 12 2023 03: +0,1694484000
0.103,1,Sep 12 2023 06: +0,1694494800
0.138,1,Sep 12 2023 09: +0,1694505600
0.129,1,Sep 12 2023 11: +0,1694512800
0.138,5,Sep 12 2023 12: +0,1694516400
0.115,2,Sep 12 2023 13: +0,1694520000
0.129,2,Sep 12 2023 14: +0,1694523600
0.104,1,Sep 12 2023 15: +0,1694527200
0.127,1,Sep 12 2023 16: +0,1694530800
0.114,2,Sep 12 2023 18: +0,1694538000
0.138,4,Sep 12 2023 19: +0,1694541600
0.13,4,Sep 12 2023 20: +0,1694545200
0.138,1,Sep 13 2023 01: +0,1694563200
0.129,2,Sep 13 2023 05: +0,1694577600
0.129,1,Sep 13 2023 06: +0,1694581200
0.111,1,Sep 13 2023 07: +0,1694584800
0.103,2,Sep 13 2023 08: +0,1694588400
0.112,10,Sep 13 2023 09: +0,1694592000
0.093,1,Sep 13 2023 10: +0,1694595600
0.111,1,Sep 13 2023 11: +0,1694599200
0.112,6,Sep 13 2023 12: +0,1694602800
0.088,4,Sep 13 2023 13: +0,1694606400
0.121,1,Sep 13 2023 14: +0,1694610000
0.111,3,Sep 13 2023 15: +0,1694613600
0.105,9,Sep 13 2023 16: +0,1694617200
0.129,1,Sep 13 2023 17: +0,1694620800
0.12,4,Sep 13 2023 18: +0,1694624400
0.104,4,Sep 13 2023 19: +0,1694628000
0.13,6,Sep 13 2023 20: +0,1694631600
0.138,3,Sep 13 2023 21: +0,1694635200
0.127,4,Sep 13 2023 22: +0,1694638800
0.107,2,Sep 14 2023 00: +0,1694646000
0.127,1,Sep 14 2023 02: +0,1694653200
0.129,5,Sep 14 2023 03: +0,1694656800
0.083,3,Sep 14 2023 04: +0,1694660400
0.119,2,Sep 14 2023 06: +0,1694667600
0.107,2,Sep 14 2023 08: +0,1694674800
0.121,1,Sep 14 2023 09: +0,1694678400
0.129,1,Sep 14 2023 11: +0,1694685600
0.129,8,Sep 14 2023 12: +0,1694689200
0.109,5,Sep 14 2023 13: +0,1694692800
0.129,5,Sep 14 2023 14: +0,1694696400
0.13,5,Sep 14 2023 15: +0,1694700000
0.13,2,Sep 14 2023 16: +0,1694703600
0.112,1,Sep 14 2023 17: +0,1694707200
0.103,4,Sep 14 2023 18: +0,1694710800
0.112,3,Sep 14 2023 19: +0,1694714400
0.108,9,Sep 14 2023 20: +0,1694718000
0.108,5,Sep 14 2023 21: +0,1694721600
0.102,1,Sep 14 2023 22: +0,1694725200
0.12,2,Sep 14 2023 23: +0,1694728800
0.099,2,Sep 15 2023 00: +0,1694732400
0.1,5,Sep 15 2023 02: +0,1694739600
0.099,3,Sep 15 2023 04: +0,1694746800
0.107,1,Sep 15 2023 06: +0,1694754000
0.099,1,Sep 15 2023 07: +0,1694757600
0.099,1,Sep 15 2023 10: +0,1694768400
0.106,5,Sep 15 2023 11: +0,1694772000
0.107,10,Sep 15 2023 13: +0,1694779200
0.107,11,Sep 15 2023 14: +0,1694782800
0.107,4,Sep 15 2023 15: +0,1694786400
0.107,7,Sep 15 2023 16: +0,1694790000
0.107,5,Sep 15 2023 17: +0,1694793600
0.107,7,Sep 15 2023 18: +0,1694797200
0.107,5,Sep 15 2023 19: +0,1694800800
0.107,6,Sep 15 2023 20: +0,1694804400
0.107,15,Sep 15 2023 21: +0,1694808000
0.106,2,Sep 15 2023 22: +0,1694811600
0.106,1,Sep 16 2023 01: +0,1694822400
0.101,1,Sep 16 2023 04: +0,1694833200
0.102,1,Sep 16 2023 05: +0,1694836800
0.106,3,Sep 16 2023 06: +0,1694840400
0.112,2,Sep 16 2023 09: +0,1694851200
0.107,3,Sep 16 2023 10: +0,1694854800
0.102,2,Sep 16 2023 11: +0,1694858400
0.11,3,Sep 16 2023 12: +0,1694862000
0.109,3,Sep 16 2023 13: +0,1694865600
0.102,2,Sep 16 2023 14: +0,1694869200
0.107,5,Sep 16 2023 15: +0,1694872800
0.106,2,Sep 16 2023 16: +0,1694876400
0.109,1,Sep 16 2023 17: +0,1694880000
0.113,5,Sep 16 2023 18: +0,1694883600
0.121,6,Sep 16 2023 19: +0,1694887200
0.121,9,Sep 16 2023 20: +0,1694890800
0.117,6,Sep 16 2023 21: +0,1694894400
0.106,9,Sep 17 2023 00: +0,1694905200
0.105,2,Sep 17 2023 01: +0,1694908800
0.117,2,Sep 17 2023 03: +0,1694916000
0.112,7,Sep 17 2023 07: +0,1694930400
0.115,2,Sep 17 2023 08: +0,1694934000
0.112,2,Sep 17 2023 09: +0,1694937600
0.121,4,Sep 17 2023 11: +0,1694944800
0.116,4,Sep 17 2023 12: +0,1694948400
0.112,10,Sep 17 2023 13: +0,1694952000
0.111,3,Sep 17 2023 14: +0,1694955600
0.088,1,Sep 17 2023 15: +0,1694959200
0.108,5,Sep 17 2023 16: +0,1694962800
0.112,1,Sep 17 2023 17: +0,1694966400
0.107,1,Sep 17 2023 18: +0,1694970000
0.121,1,Sep 17 2023 19: +0,1694973600
0.129,3,Sep 17 2023 20: +0,1694977200
0.095,2,Sep 17 2023 21: +0,1694980800
0.116,7,Sep 17 2023 22: +0,1694984400
0.089,3,Sep 17 2023 23: +0,1694988000
0.084,8,Sep 18 2023 03: +0,1695002400
0.048,8,Sep 18 2023 04: +0,1695006000
0.105,1,Sep 18 2023 06: +0,1695013200
0.1,3,Sep 18 2023 07: +0,1695016800
0.107,2,Sep 18 2023 08: +0,1695020400
0.116,2,Sep 18 2023 09: +0,1695024000
0.1,1,Sep 18 2023 10: +0,1695027600
0.097,2,Sep 18 2023 14: +0,1695042000
0.119,3,Sep 18 2023 15: +0,1695045600
0.119,6,Sep 18 2023 16: +0,1695049200
0.117,3,Sep 18 2023 17: +0,1695052800
0.105,3,Sep 18 2023 18: +0,1695056400
0.115,5,Sep 18 2023 19: +0,1695060000
0.119,2,Sep 18 2023 20: +0,1695063600
0.121,1,Sep 18 2023 21: +0,1695067200
0.119,3,Sep 18 2023 22: +0,1695070800
0.121,5,Sep 18 2023 23: +0,1695074400
0.123,1,Sep 19 2023 02: +0,1695085200
0.119,3,Sep 19 2023 05: +0,1695096000
0.12,2,Sep 19 2023 07: +0,1695103200
0.122,2,Sep 19 2023 12: +0,1695121200
0.107,1,Sep 19 2023 13: +0,1695124800
0.131,1,Sep 19 2023 15: +0,1695132000
0.123,4,Sep 19 2023 16: +0,1695135600
0.131,7,Sep 19 2023 17: +0,1695139200
0.116,2,Sep 19 2023 18: +0,1695142800
0.101,1,Sep 19 2023 19: +0,1695146400
0.11,1,Sep 19 2023 20: +0,1695150000
0.114,9,Sep 19 2023 21: +0,1695153600
0.111,3,Sep 19 2023 22: +0,1695157200
0.115,1,Sep 20 2023 04: +0,1695178800
0.107,1,Sep 20 2023 05: +0,1695182400
0.102,2,Sep 20 2023 08: +0,1695193200
0.094,1,Sep 20 2023 10: +0,1695200400
0.111,1,Sep 20 2023 11: +0,1695204000
0.102,2,Sep 20 2023 12: +0,1695207600
0.09,2,Sep 20 2023 13: +0,1695211200
0.101,6,Sep 20 2023 14: +0,1695214800
0.107,5,Sep 20 2023 15: +0,1695218400
0.101,6,Sep 20 2023 16: +0,1695222000
0.106,4,Sep 20 2023 17: +0,1695225600
0.099,2,Sep 20 2023 18: +0,1695229200
0.1,5,Sep 20 2023 19: +0,1695232800
0.105,5,Sep 20 2023 20: +0,1695236400
0.095,1,Sep 20 2023 21: +0,1695240000
0.101,3,Sep 20 2023 22: +0,1695243600
0.101,3,Sep 21 2023 01: +0,1695254400
0.101,1,Sep 21 2023 02: +0,1695258000
0.101,3,Sep 21 2023 03: +0,1695261600
0.106,2,Sep 21 2023 04: +0,1695265200
0.112,3,Sep 21 2023 05: +0,1695268800
0.101,1,Sep 21 2023 06: +0,1695272400
0.101,3,Sep 21 2023 07: +0,1695276000
0.097,7,Sep 21 2023 10: +0,1695286800
0.097,3,Sep 21 2023 12: +0,1695294000
0.097,3,Sep 21 2023 13: +0,1695297600
0.106,8,Sep 21 2023 16: +0,1695308400
0.105,5,Sep 21 2023 17: +0,1695312000
0.096,5,Sep 21 2023 18: +0,1695315600
0.091,3,Sep 21 2023 19: +0,1695319200
0.097,4,Sep 21 2023 20: +0,1695322800
0.098,3,Sep 21 2023 21: +0,1695326400
0.085,2,Sep 21 2023 22: +0,1695330000
0.105,3,Sep 21 2023 23: +0,1695333600
0.107,5,Sep 22 2023 00: +0,1695337200
0.107,1,Sep 22 2023 03: +0,1695348000
0.096,2,Sep 22 2023 04: +0,1695351600
0.097,1,Sep 22 2023 05: +0,1695355200
0.097,1,Sep 22 2023 10: +0,1695373200
0.111,4,Sep 22 2023 12: +0,1695380400
0.097,6,Sep 22 2023 13: +0,1695384000
0.097,10,Sep 22 2023 14: +0,1695387600
0.105,5,Sep 22 2023 15: +0,1695391200
0.096,1,Sep 22 2023 16: +0,1695394800
0.09,1,Sep 22 2023 17: +0,1695398400
0.102,1,Sep 22 2023 18: +0,1695402000
0.115,1,Sep 22 2023 19: +0,1695405600
0.107,2,Sep 22 2023 20: +0,1695409200
0.111,3,Sep 22 2023 21: +0,1695412800
0.108,4,Sep 22 2023 22: +0,1695416400
0.11,1,Sep 22 2023 23: +0,1695420000
0.11,2,Sep 23 2023 00: +0,1695423600
0.122,1,Sep 23 2023 01: +0,1695427200
0.122,1,Sep 23 2023 02: +0,1695430800
0.104,2,Sep 23 2023 03: +0,1695434400
0.115,4,Sep 23 2023 07: +0,1695448800
0.094,1,Sep 23 2023 08: +0,1695452400
0.11,1,Sep 23 2023 09: +0,1695456000
0.096,1,Sep 23 2023 11: +0,1695463200
0.112,2,Sep 23 2023 12: +0,1695466800
0.113,3,Sep 23 2023 13: +0,1695470400
0.122,2,Sep 23 2023 14: +0,1695474000
0.115,4,Sep 23 2023 15: +0,1695477600
0.123,4,Sep 23 2023 16: +0,1695481200
0.116,5,Sep 23 2023 17: +0,1695484800
0.105,2,Sep 23 2023 18: +0,1695488400
0.127,4,Sep 23 2023 19: +0,1695492000
0.101,1,Sep 23 2023 20: +0,1695495600
0.121,1,Sep 23 2023 21: +0,1695499200
0.104,2,Sep 23 2023 23: +0,1695506400
0.095,1,Sep 24 2023 00: +0,1695510000
0.123,6,Sep 24 2023 01: +0,1695513600
0.123,2,Sep 24 2023 03: +0,1695520800
0.123,1,Sep 24 2023 04: +0,1695524400
0.11,2,Sep 24 2023 05: +0,1695528000
0.122,1,Sep 24 2023 08: +0,1695538800
0.131,1,Sep 24 2023 10: +0,1695546000
0.09,1,Sep 24 2023 11: +0,1695549600
0.122,6,Sep 24 2023 12: +0,1695553200
0.122,1,Sep 24 2023 13: +0,1695556800
0.122,1,Sep 24 2023 16: +0,1695567600
0.121,4,Sep 24 2023 17: +0,1695571200
0.131,3,Sep 24 2023 18: +0,1695574800
0.122,2,Sep 24 2023 19: +0,1695578400
0.123,1,Sep 24 2023 20: +0,1695582000
0.099,2,Sep 24 2023 21: +0,1695585600
0.123,9,Sep 24 2023 23: +0,1695592800
0.123,4,Sep 25 2023 01: +0,1695600000
0.097,1,Sep 25 2023 02: +0,1695603600
0.089,2,Sep 25 2023 07: +0,1695621600
0.112,2,Sep 25 2023 08: +0,1695625200
0.095,2,Sep 25 2023 10: +0,1695632400
0.09,5,Sep 25 2023 11: +0,1695636000
0.098,1,Sep 25 2023 12: +0,1695639600
0.092,2,Sep 25 2023 13: +0,1695643200
0.101,1,Sep 25 2023 14: +0,1695646800
0.095,2,Sep 25 2023 15: +0,1695650400
0.113,6,Sep 25 2023 16: +0,1695654000
0.102,4,Sep 25 2023 17: +0,1695657600
0.101,2,Sep 25 2023 19: +0,1695664800
0.102,1,Sep 25 2023 20: +0,1695668400
0.102,5,Sep 25 2023 22: +0,1695675600
0.102,1,Sep 25 2023 23: +0,1695679200
0.104,6,Sep 26 2023 00: +0,1695682800
0.102,2,Sep 26 2023 01: +0,1695686400
0.107,8,Sep 26 2023 04: +0,1695697200
0.107,1,Sep 26 2023 06: +0,1695704400
0.1,5,Sep 26 2023 09: +0,1695715200
0.101,1,Sep 26 2023 10: +0,1695718800
0.102,1,Sep 26 2023 11: +0,1695722400
0.102,2,Sep 26 2023 12: +0,1695726000
0.113,1,Sep 26 2023 13: +0,1695729600
0.096,2,Sep 26 2023 14: +0,1695733200
0.1,5,Sep 26 2023 17: +0,1695744000
0.113,5,Sep 26 2023 18: +0,1695747600
0.102,1,Sep 26 2023 19: +0,1695751200
0.085,1,Sep 26 2023 20: +0,1695754800
0.101,5,Sep 26 2023 21: +0,1695758400
0.109,1,Sep 26 2023 22: +0,1695762000
0.095,1,Sep 26 2023 23: +0,1695765600
0.102,1,Sep 27 2023 00: +0,1695769200
0.115,5,Sep 27 2023 01: +0,1695772800
0.094,1,Sep 27 2023 04: +0,1695783600
0.113,2,Sep 27 2023 07: +0,1695794400
0.099,3,Sep 27 2023 08: +0,1695798000
0.101,2,Sep 27 2023 09: +0,1695801600
0.111,1,Sep 27 2023 11: +0,1695808800
0.113,6,Sep 27 2023 12: +0,1695812400
0.102,3,Sep 27 2023 15: +0,1695823200
0.113,1,Sep 27 2023 16: +0,1695826800
0.11,5,Sep 27 2023 17: +0,1695830400
0.111,2,Sep 27 2023 18: +0,1695834000
0.109,1,Sep 27 2023 19: +0,1695837600
0.099,1,Sep 27 2023 21: +0,1695844800
0.099,1,Sep 27 2023 22: +0,1695848400
0.075,1,Sep 27 2023 23: +0,1695852000
0.102,6,Sep 28 2023 00: +0,1695855600
0.099,1,Sep 28 2023 01: +0,1695859200
0.104,1,Sep 28 2023 02: +0,1695862800
0.107,1,Sep 28 2023 03: +0,1695866400
0.112,3,Sep 28 2023 04: +0,1695870000
0.109,1,Sep 28 2023 05: +0,1695873600
0.108,3,Sep 28 2023 06: +0,1695877200
0.115,1,Sep 28 2023 07: +0,1695880800
0.111,3,Sep 28 2023 08: +0,1695884400
0.113,3,Sep 28 2023 10: +0,1695891600
0.113,4,Sep 28 2023 11: +0,1695895200
0.121,6,Sep 28 2023 12: +0,1695898800
0.106,2,Sep 28 2023 14: +0,1695906000
0.116,2,Sep 28 2023 15: +0,1695909600
0.117,1,Sep 28 2023 16: +0,1695913200
0.118,3,Sep 28 2023 17: +0,1695916800
0.123,3,Sep 28 2023 18: +0,1695920400
0.118,3,Sep 28 2023 19: +0,1695924000
0.12,5,Sep 28 2023 20: +0,1695927600
0.119,2,Sep 28 2023 21: +0,1695931200
0.111,1,Sep 28 2023 22: +0,1695934800
0.104,2,Sep 28 2023 23: +0,1695938400
0.1,2,Sep 29 2023 00: +0,1695942000
0.115,1,Sep 29 2023 01: +0,1695945600
0.114,1,Sep 29 2023 02: +0,1695949200
0.11,2,Sep 29 2023 03: +0,1695952800
0.123,6,Sep 29 2023 04: +0,1695956400
0.088,1,Sep 29 2023 06: +0,1695963600
0.115,6,Sep 29 2023 07: +0,1695967200
0.123,3,Sep 29 2023 08: +0,1695970800
0.1,2,Sep 29 2023 09: +0,1695974400
0.112,4,Sep 29 2023 11: +0,1695981600
0.112,3,Sep 29 2023 12: +0,1695985200
0.12,2,Sep 29 2023 13: +0,1695988800
0.122,3,Sep 29 2023 14: +0,1695992400
0.119,5,Sep 29 2023 15: +0,1695996000
0.122,5,Sep 29 2023 16: +0,1695999600
0.117,2,Sep 29 2023 17: +0,1696003200
0.121,6,Sep 29 2023 18: +0,1696006800
0.118,5,Sep 29 2023 19: +0,1696010400
0.123,8,Sep 29 2023 20: +0,1696014000
0.115,4,Sep 29 2023 21: +0,1696017600
0.119,5,Sep 29 2023 22: +0,1696021200
0.125,2,Sep 29 2023 23: +0,1696024800
0.121,1,Sep 30 2023 00: +0,1696028400
0.113,1,Sep 30 2023 01: +0,1696032000
0.122,4,Sep 30 2023 02: +0,1696035600
0.13,2,Sep 30 2023 03: +0,1696039200
0.118,2,Sep 30 2023 04: +0,1696042800
0.121,2,Sep 30 2023 05: +0,1696046400
0.123,2,Sep 30 2023 07: +0,1696053600
0.123,2,Sep 30 2023 08: +0,1696057200
0.123,7,Sep 30 2023 09: +0,1696060800
0.122,2,Sep 30 2023 10: +0,1696064400
0.122,3,Sep 30 2023 11: +0,1696068000
0.123,3,Sep 30 2023 12: +0,1696071600
0.121,6,Sep 30 2023 13: +0,1696075200
0.123,8,Sep 30 2023 14: +0,1696078800
0.13,3,Sep 30 2023 15: +0,1696082400
0.104,2,Sep 30 2023 16: +0,1696086000
0.13,7,Sep 30 2023 17: +0,1696089600
0.122,10,Sep 30 2023 18: +0,1696093200
0.119,7,Sep 30 2023 19: +0,1696096800
0.124,10,Sep 30 2023 20: +0,1696100400
0.099,3,Sep 30 2023 21: +0,1696104000
0.123,5,Sep 30 2023 22: +0,1696107600
0.094,2,Sep 30 2023 23: +0,1696111200
0.123,1,Oct 01 2023 00: +0,1696114800
0.122,9,Oct 01 2023 01: +0,1696118400
0.128,2,Oct 01 2023 02: +0,1696122000
0.131,3,Oct 01 2023 03: +0,1696125600
0.121,1,Oct 01 2023 04: +0,1696129200
0.131,2,Oct 01 2023 05: +0,1696132800
0.126,2,Oct 01 2023 06: +0,1696136400
0.13,1,Oct 01 2023 07: +0,1696140000
0.131,3,Oct 01 2023 08: +0,1696143600
0.129,1,Oct 01 2023 09: +0,1696147200
0.13,2,Oct 01 2023 10: +0,1696150800
0.128,4,Oct 01 2023 11: +0,1696154400
0.132,2,Oct 01 2023 12: +0,1696158000
0.129,3,Oct 01 2023 13: +0,1696161600
0.129,7,Oct 01 2023 14: +0,1696165200
0.13,5,Oct 01 2023 15: +0,1696168800
0.131,10,Oct 01 2023 16: +0,1696172400
0.136,9,Oct 01 2023 17: +0,1696176000
0.138,2,Oct 01 2023 18: +0,1696179600
0.13,4,Oct 01 2023 19: +0,1696183200
0.137,6,Oct 01 2023 22: +0,1696194000
0.117,1,Oct 01 2023 23: +0,1696197600
0.134,3,Oct 02 2023 00: +0,1696201200
0.104,1,Oct 02 2023 01: +0,1696204800
0.134,1,Oct 02 2023 03: +0,1696212000
0.139,2,Oct 02 2023 04: +0,1696215600
0.139,4,Oct 02 2023 05: +0,1696219200
0.133,1,Oct 02 2023 07: +0,1696226400
0.127,2,Oct 02 2023 08: +0,1696230000
0.121,5,Oct 02 2023 10: +0,1696237200
0.11,2,Oct 02 2023 11: +0,1696240800
0.11,2,Oct 02 2023 12: +0,1696244400
0.116,8,Oct 02 2023 13: +0,1696248000
0.121,4,Oct 02 2023 14: +0,1696251600
0.113,3,Oct 02 2023 15: +0,1696255200
0.113,3,Oct 02 2023 16: +0,1696258800
0.113,4,Oct 02 2023 17: +0,1696262400
0.121,3,Oct 02 2023 18: +0,1696266000
0.123,2,Oct 02 2023 19: +0,1696269600
0.131,4,Oct 02 2023 20: +0,1696273200
0.131,3,Oct 02 2023 21: +0,1696276800
0.124,1,Oct 02 2023 22: +0,1696280400
0.116,2,Oct 02 2023 23: +0,1696284000
0.125,1,Oct 03 2023 00: +0,1696287600
0.125,1,Oct 03 2023 01: +0,1696291200
0.127,1,Oct 03 2023 02: +0,1696294800
0.132,3,Oct 03 2023 03: +0,1696298400
0.148,3,Oct 03 2023 04: +0,1696302000
0.148,1,Oct 03 2023 05: +0,1696305600
0.14,2,Oct 03 2023 07: +0,1696312800
0.148,3,Oct 03 2023 08: +0,1696316400
0.115,2,Oct 03 2023 09: +0,1696320000
0.132,5,Oct 03 2023 11: +0,1696327200
0.095,1,Oct 03 2023 13: +0,1696334400
0.132,4,Oct 03 2023 14: +0,1696338000
0.132,3,Oct 03 2023 15: +0,1696341600
0.129,1,Oct 03 2023 16: +0,1696345200
0.13,1,Oct 03 2023 17: +0,1696348800
0.102,1,Oct 03 2023 18: +0,1696352400
0.107,2,Oct 03 2023 19: +0,1696356000
0.123,1,Oct 03 2023 20: +0,1696359600
0.127,2,Oct 03 2023 22: +0,1696366800
0.13,1,Oct 03 2023 23: +0,1696370400
0.132,2,Oct 04 2023 00: +0,1696374000
0.127,2,Oct 04 2023 01: +0,1696377600
0.117,2,Oct 04 2023 02: +0,1696381200
0.12,1,Oct 04 2023 07: +0,1696399200
0.115,3,Oct 04 2023 10: +0,1696410000
0.123,3,Oct 04 2023 11: +0,1696413600
0.12,1,Oct 04 2023 12: +0,1696417200
0.119,6,Oct 04 2023 13: +0,1696420800
0.123,6,Oct 04 2023 14: +0,1696424400
0.119,3,Oct 04 2023 15: +0,1696428000
0.121,4,Oct 04 2023 16: +0,1696431600
0.112,2,Oct 04 2023 17: +0,1696435200
0.115,5,Oct 04 2023 18: +0,1696438800
0.121,3,Oct 04 2023 19: +0,1696442400
0.129,5,Oct 04 2023 20: +0,1696446000
0.123,3,Oct 04 2023 21: +0,1696449600
0.123,7,Oct 04 2023 22: +0,1696453200
0.13,1,Oct 05 2023 00: +0,1696460400
0.123,1,Oct 05 2023 01: +0,1696464000
0.124,2,Oct 05 2023 02: +0,1696467600
0.123,1,Oct 05 2023 03: +0,1696471200
0.123,2,Oct 05 2023 05: +0,1696478400
0.123,4,Oct 05 2023 06: +0,1696482000
0.123,5,Oct 05 2023 07: +0,1696485600
0.123,8,Oct 05 2023 08: +0,1696489200
0.106,1,Oct 05 2023 09: +0,1696492800
0.123,1,Oct 05 2023 10: +0,1696496400
0.123,3,Oct 05 2023 11: +0,1696500000
0.114,1,Oct 05 2023 15: +0,1696514400
0.076,1,Oct 05 2023 17: +0,1696521600
0.112,8,Oct 05 2023 18: +0,1696525200
0.107,5,Oct 05 2023 19: +0,1696528800
0.108,1,Oct 05 2023 20: +0,1696532400
0.111,2,Oct 05 2023 21: +0,1696536000
0.106,1,Oct 05 2023 22: +0,1696539600
0.115,6,Oct 05 2023 23: +0,1696543200
0.105,3,Oct 06 2023 02: +0,1696554000
0.107,2,Oct 06 2023 05: +0,1696564800
0.115,1,Oct 06 2023 06: +0,1696568400
0.115,5,Oct 06 2023 07: +0,1696572000
0.108,3,Oct 06 2023 09: +0,1696579200
0.106,3,Oct 06 2023 10: +0,1696582800
0.11,4,Oct 06 2023 11: +0,1696586400
0.107,3,Oct 06 2023 13: +0,1696593600
0.107,3,Oct 06 2023 14: +0,1696597200
0.107,3,Oct 06 2023 15: +0,1696600800
0.098,1,Oct 06 2023 16: +0,1696604400
0.103,4,Oct 06 2023 17: +0,1696608000
0.104,4,Oct 06 2023 18: +0,1696611600
0.107,13,Oct 06 2023 19: +0,1696615200
0.107,7,Oct 06 2023 20: +0,1696618800
0.112,6,Oct 06 2023 21: +0,1696622400
0.108,2,Oct 06 2023 22: +0,1696626000
0.123,5,Oct 06 2023 23: +0,1696629600
0.123,1,Oct 07 2023 00: +0,1696633200
0.075,2,Oct 07 2023 01: +0,1696636800
0.118,1,Oct 07 2023 03: +0,1696644000
0.12,1,Oct 07 2023 04: +0,1696647600
0.121,1,Oct 07 2023 05: +0,1696651200
0.119,1,Oct 07 2023 06: +0,1696654800
0.123,1,Oct 07 2023 07: +0,1696658400
0.114,1,Oct 07 2023 08: +0,1696662000
0.118,2,Oct 07 2023 09: +0,1696665600
0.114,8,Oct 07 2023 10: +0,1696669200
0.122,3,Oct 07 2023 11: +0,1696672800
0.124,1,Oct 07 2023 12: +0,1696676400
0.12,3,Oct 07 2023 13: +0,1696680000
0.12,3,Oct 07 2023 14: +0,1696683600
0.121,4,Oct 07 2023 15: +0,1696687200
0.129,1,Oct 07 2023 16: +0,1696690800
0.116,2,Oct 07 2023 17: +0,1696694400
0.125,6,Oct 07 2023 18: +0,1696698000
0.127,4,Oct 07 2023 19: +0,1696701600
0.131,5,Oct 07 2023 20: +0,1696705200
0.128,1,Oct 07 2023 21: +0,1696708800
0.129,4,Oct 07 2023 22: +0,1696712400
0.131,5,Oct 07 2023 23: +0,1696716000
0.13,3,Oct 08 2023 00: +0,1696719600
0.129,4,Oct 08 2023 01: +0,1696723200
0.131,4,Oct 08 2023 03: +0,1696730400
0.133,4,Oct 08 2023 04: +0,1696734000
0.13,3,Oct 08 2023 07: +0,1696744800
0.139,6,Oct 08 2023 09: +0,1696752000
0.139,7,Oct 08 2023 10: +0,1696755600
0.105,1,Oct 08 2023 11: +0,1696759200
0.111,2,Oct 08 2023 12: +0,1696762800
0.125,4,Oct 08 2023 13: +0,1696766400
0.128,3,Oct 08 2023 14: +0,1696770000
0.105,4,Oct 08 2023 15: +0,1696773600
0.13,10,Oct 08 2023 16: +0,1696777200
0.139,7,Oct 08 2023 18: +0,1696784400
0.145,14,Oct 08 2023 19: +0,1696788000
0.15,7,Oct 08 2023 20: +0,1696791600
0.154,4,Oct 08 2023 22: +0,1696798800
0.149,2,Oct 09 2023 00: +0,1696806000
0.151,2,Oct 09 2023 01: +0,1696809600
0.149,8,Oct 09 2023 02: +0,1696813200
0.147,1,Oct 09 2023 05: +0,1696824000
0.113,3,Oct 09 2023 06: +0,1696827600
0.154,3,Oct 09 2023 07: +0,1696831200
0.15,1,Oct 09 2023 09: +0,1696838400
0.145,1,Oct 09 2023 10: +0,1696842000
0.124,4,Oct 09 2023 11: +0,1696845600
0.144,1,Oct 09 2023 12: +0,1696849200
0.109,1,Oct 09 2023 13: +0,1696852800
0.129,1,Oct 09 2023 14: +0,1696856400
0.127,4,Oct 09 2023 15: +0,1696860000
0.145,3,Oct 09 2023 16: +0,1696863600
0.146,3,Oct 09 2023 17: +0,1696867200
0.145,5,Oct 09 2023 18: +0,1696870800
0.147,6,Oct 09 2023 19: +0,1696874400
0.15,7,Oct 09 2023 20: +0,1696878000
0.146,1,Oct 09 2023 21: +0,1696881600
0.137,3,Oct 09 2023 22: +0,1696885200
0.154,6,Oct 10 2023 00: +0,1696892400
0.155,2,Oct 10 2023 01: +0,1696896000
0.15,4,Oct 10 2023 03: +0,1696903200
0.146,5,Oct 10 2023 08: +0,1696921200
0.155,2,Oct 10 2023 09: +0,1696924800
0.137,3,Oct 10 2023 11: +0,1696932000
0.149,2,Oct 10 2023 12: +0,1696935600
0.149,1,Oct 10 2023 13: +0,1696939200
0.148,1,Oct 10 2023 14: +0,1696942800
0.129,1,Oct 10 2023 15: +0,1696946400
0.152,6,Oct 10 2023 16: +0,1696950000
0.147,7,Oct 10 2023 17: +0,1696953600
0.154,2,Oct 10 2023 18: +0,1696957200
0.129,9,Oct 10 2023 19: +0,1696960800
0.148,1,Oct 10 2023 20: +0,1696964400
0.156,3,Oct 10 2023 21: +0,1696968000
0.147,3,Oct 11 2023 00: +0,1696978800
0.141,3,Oct 11 2023 01: +0,1696982400
0.148,2,Oct 11 2023 02: +0,1696986000
0.148,4,Oct 11 2023 05: +0,1696996800
0.146,4,Oct 11 2023 06: +0,1697000400
0.148,3,Oct 11 2023 07: +0,1697004000
0.133,1,Oct 11 2023 08: +0,1697007600
0.144,3,Oct 11 2023 09: +0,1697011200
0.149,2,Oct 11 2023 10: +0,1697014800
0.153,2,Oct 11 2023 11: +0,1697018400
0.15,1,Oct 11 2023 12: +0,1697022000
0.149,2,Oct 11 2023 15: +0,1697032800
0.124,6,Oct 11 2023 16: +0,1697036400
0.146,2,Oct 11 2023 17: +0,1697040000
0.142,4,Oct 11 2023 18: +0,1697043600
0.151,5,Oct 11 2023 19: +0,1697047200
0.149,7,Oct 11 2023 20: +0,1697050800
0.151,2,Oct 11 2023 21: +0,1697054400
0.125,3,Oct 11 2023 22: +0,1697058000
0.148,1,Oct 11 2023 23: +0,1697061600
0.152,1,Oct 12 2023 00: +0,1697065200
0.148,3,Oct 12 2023 02: +0,1697072400
0.136,4,Oct 12 2023 03: +0,1697076000
0.157,1,Oct 12 2023 05: +0,1697083200
0.103,1,Oct 12 2023 07: +0,1697090400
0.148,2,Oct 12 2023 08: +0,1697094000
0.148,1,Oct 12 2023 09: +0,1697097600
0.111,1,Oct 12 2023 11: +0,1697104800
0.138,7,Oct 12 2023 12: +0,1697108400
0.139,2,Oct 12 2023 13: +0,1697112000
0.138,3,Oct 12 2023 14: +0,1697115600
0.128,2,Oct 12 2023 15: +0,1697119200
0.139,5,Oct 12 2023 16: +0,1697122800
0.123,3,Oct 12 2023 17: +0,1697126400
0.138,5,Oct 12 2023 18: +0,1697130000
0.138,1,Oct 12 2023 19: +0,1697133600
0.138,13,Oct 12 2023 20: +0,1697137200
0.146,6,Oct 12 2023 21: +0,1697140800
0.127,6,Oct 12 2023 22: +0,1697144400
0.148,2,Oct 12 2023 23: +0,1697148000
0.148,6,Oct 13 2023 00: +0,1697151600
0.15,1,Oct 13 2023 01: +0,1697155200
0.151,2,Oct 13 2023 02: +0,1697158800
0.123,2,Oct 13 2023 04: +0,1697166000
0.127,2,Oct 13 2023 05: +0,1697169600
0.151,1,Oct 13 2023 06: +0,1697173200
0.146,1,Oct 13 2023 08: +0,1697180400
0.141,2,Oct 13 2023 11: +0,1697191200
0.151,5,Oct 13 2023 12: +0,1697194800
0.124,6,Oct 13 2023 13: +0,1697198400
0.139,4,Oct 13 2023 14: +0,1697202000
0.151,2,Oct 13 2023 15: +0,1697205600
0.127,3,Oct 13 2023 16: +0,1697209200
0.15,7,Oct 13 2023 17: +0,1697212800
0.156,1,Oct 13 2023 18: +0,1697216400
0.148,6,Oct 13 2023 19: +0,1697220000
0.159,4,Oct 13 2023 20: +0,1697223600
0.149,2,Oct 13 2023 21: +0,1697227200
0.144,2,Oct 13 2023 22: +0,1697230800
0.153,8,Oct 13 2023 23: +0,1697234400
0.128,2,Oct 14 2023 01: +0,1697241600
0.122,2,Oct 14 2023 02: +0,1697245200
0.151,1,Oct 14 2023 03: +0,1697248800
0.149,2,Oct 14 2023 04: +0,1697252400
0.131,2,Oct 14 2023 05: +0,1697256000
0.156,7,Oct 14 2023 06: +0,1697259600
0.148,1,Oct 14 2023 07: +0,1697263200
0.125,2,Oct 14 2023 09: +0,1697270400
0.146,3,Oct 14 2023 10: +0,1697274000
0.148,2,Oct 14 2023 11: +0,1697277600
0.152,6,Oct 14 2023 12: +0,1697281200
0.116,1,Oct 14 2023 13: +0,1697284800
0.147,5,Oct 14 2023 14: +0,1697288400
0.152,2,Oct 14 2023 15: +0,1697292000
0.147,3,Oct 14 2023 16: +0,1697295600
0.156,4,Oct 14 2023 17: +0,1697299200
0.15,4,Oct 14 2023 18: +0,1697302800
0.152,2,Oct 14 2023 19: +0,1697306400
0.153,4,Oct 14 2023 20: +0,1697310000
0.156,3,Oct 14 2023 21: +0,1697313600
0.147,2,Oct 14 2023 22: +0,1697317200
0.155,4,Oct 14 2023 23: +0,1697320800
0.156,10,Oct 15 2023 00: +0,1697324400
0.156,3,Oct 15 2023 01: +0,1697328000
0.156,1,Oct 15 2023 02: +0,1697331600
0.156,5,Oct 15 2023 03: +0,1697335200
0.156,1,Oct 15 2023 04: +0,1697338800
0.156,1,Oct 15 2023 06: +0,1697346000
0.156,2,Oct 15 2023 07: +0,1697349600
0.153,7,Oct 15 2023 08: +0,1697353200
0.113,1,Oct 15 2023 09: +0,1697356800
0.102,2,Oct 15 2023 10: +0,1697360400
0.153,5,Oct 15 2023 11: +0,1697364000
0.125,2,Oct 15 2023 12: +0,1697367600
0.126,3,Oct 15 2023 13: +0,1697371200
0.151,5,Oct 15 2023 14: +0,1697374800
0.15,14,Oct 15 2023 15: +0,1697378400
0.151,3,Oct 15 2023 16: +0,1697382000
0.151,6,Oct 15 2023 17: +0,1697385600
0.106,6,Oct 15 2023 18: +0,1697389200
0.142,4,Oct 15 2023 19: +0,1697392800
0.144,5,Oct 15 2023 20: +0,1697396400
0.144,8,Oct 15 2023 21: +0,1697400000
0.147,9,Oct 15 2023 22: +0,1697403600
0.147,7,Oct 15 2023 23: +0,1697407200
0.144,3,Oct 16 2023 00: +0,1697410800
0.147,8,Oct 16 2023 02: +0,1697418000
0.148,3,Oct 16 2023 03: +0,1697421600
0.15,1,Oct 16 2023 04: +0,1697425200
0.138,1,Oct 16 2023 06: +0,1697432400
0.11,2,Oct 16 2023 07: +0,1697436000
0.138,5,Oct 16 2023 08: +0,1697439600
0.147,1,Oct 16 2023 10: +0,1697446800
0.148,6,Oct 16 2023 11: +0,1697450400
0.125,3,Oct 16 2023 14: +0,1697461200
0.129,2,Oct 16 2023 15: +0,1697464800
0.136,4,Oct 16 2023 16: +0,1697468400
0.133,2,Oct 16 2023 17: +0,1697472000
0.147,7,Oct 16 2023 18: +0,1697475600
0.144,7,Oct 16 2023 19: +0,1697479200
0.146,12,Oct 16 2023 20: +0,1697482800
0.148,3,Oct 16 2023 21: +0,1697486400
0.148,6,Oct 16 2023 22: +0,1697490000
0.113,1,Oct 16 2023 23: +0,1697493600
0.148,4,Oct 17 2023 00: +0,1697497200
0.148,1,Oct 17 2023 01: +0,1697500800
0.156,1,Oct 17 2023 02: +0,1697504400
0.149,2,Oct 17 2023 03: +0,1697508000
0.15,3,Oct 17 2023 05: +0,1697515200
0.156,3,Oct 17 2023 06: +0,1697518800
0.156,1,Oct 17 2023 07: +0,1697522400
0.13,2,Oct 17 2023 09: +0,1697529600
0.14,2,Oct 17 2023 11: +0,1697536800
0.15,3,Oct 17 2023 12: +0,1697540400
0.148,1,Oct 17 2023 13: +0,1697544000
0.149,5,Oct 17 2023 14: +0,1697547600
0.156,1,Oct 17 2023 15: +0,1697551200
0.123,7,Oct 17 2023 16: +0,1697554800
0.14,5,Oct 17 2023 17: +0,1697558400
0.147,1,Oct 17 2023 18: +0,1697562000
0.135,2,Oct 17 2023 19: +0,1697565600
0.147,4,Oct 17 2023 20: +0,1697569200
0.148,1,Oct 17 2023 21: +0,1697572800
0.139,4,Oct 17 2023 22: +0,1697576400
0.14,1,Oct 17 2023 23: +0,1697580000
0.135,1,Oct 18 2023 00: +0,1697583600
0.148,1,Oct 18 2023 01: +0,1697587200
0.148,4,Oct 18 2023 02: +0,1697590800
0.146,7,Oct 18 2023 04: +0,1697598000
0.147,1,Oct 18 2023 05: +0,1697601600
0.13,1,Oct 18 2023 06: +0,1697605200
0.122,2,Oct 18 2023 07: +0,1697608800
0.139,1,Oct 18 2023 08: +0,1697612400
0.135,2,Oct 18 2023 09: +0,1697616000
0.13,1,Oct 18 2023 10: +0,1697619600
0.131,11,Oct 18 2023 11: +0,1697623200
0.131,2,Oct 18 2023 12: +0,1697626800
0.131,1,Oct 18 2023 13: +0,1697630400
0.139,18,Oct 18 2023 14: +0,1697634000
0.144,1,Oct 18 2023 15: +0,1697637600
0.148,2,Oct 18 2023 16: +0,1697641200
0.138,2,Oct 18 2023 17: +0,1697644800
0.122,4,Oct 18 2023 18: +0,1697648400
0.14,5,Oct 18 2023 19: +0,1697652000
0.148,7,Oct 18 2023 20: +0,1697655600
0.129,2,Oct 18 2023 21: +0,1697659200
0.146,2,Oct 18 2023 22: +0,1697662800
0.148,1,Oct 19 2023 02: +0,1697677200
0.123,1,Oct 19 2023 03: +0,1697680800
0.151,3,Oct 19 2023 06: +0,1697691600
0.151,1,Oct 19 2023 07: +0,1697695200
0.125,1,Oct 19 2023 08: +0,1697698800
0.145,3,Oct 19 2023 09: +0,1697702400
0.139,3,Oct 19 2023 13: +0,1697716800
0.157,4,Oct 19 2023 14: +0,1697720400
0.148,4,Oct 19 2023 15: +0,1697724000
0.148,1,Oct 19 2023 16: +0,1697727600
0.14,7,Oct 19 2023 17: +0,1697731200
0.151,3,Oct 19 2023 18: +0,1697734800
0.132,2,Oct 19 2023 19: +0,1697738400
0.156,3,Oct 19 2023 20: +0,1697742000
0.148,5,Oct 19 2023 21: +0,1697745600
0.139,2,Oct 19 2023 22: +0,1697749200
0.152,1,Oct 19 2023 23: +0,1697752800
0.153,1,Oct 20 2023 01: +0,1697760000
0.115,1,Oct 20 2023 03: +0,1697767200
0.139,2,Oct 20 2023 04: +0,1697770800
0.156,3,Oct 20 2023 05: +0,1697774400
0.15,1,Oct 20 2023 08: +0,1697785200
0.156,2,Oct 20 2023 09: +0,1697788800
0.139,4,Oct 20 2023 10: +0,1697792400
0.154,1,Oct 20 2023 11: +0,1697796000
0.141,2,Oct 20 2023 12: +0,1697799600
0.14,2,Oct 20 2023 13: +0,1697803200
0.156,3,Oct 20 2023 14: +0,1697806800
0.14,2,Oct 20 2023 15: +0,1697810400
0.156,8,Oct 20 2023 16: +0,1697814000
0.132,5,Oct 20 2023 17: +0,1697817600
0.131,8,Oct 20 2023 18: +0,1697821200
0.131,14,Oct 20 2023 19: +0,1697824800
0.145,6,Oct 20 2023 20: +0,1697828400
0.156,5,Oct 20 2023 22: +0,1697835600
0.157,1,Oct 20 2023 23: +0,1697839200
0.157,6,Oct 21 2023 00: +0,1697842800
0.115,1,Oct 21 2023 04: +0,1697857200
0.141,2,Oct 21 2023 06: +0,1697864400
0.131,1,Oct 21 2023 08: +0,1697871600
0.148,1,Oct 21 2023 09: +0,1697875200
0.153,2,Oct 21 2023 10: +0,1697878800
0.143,2,Oct 21 2023 11: +0,1697882400
0.143,2,Oct 21 2023 12: +0,1697886000
0.138,2,Oct 21 2023 13: +0,1697889600
0.123,1,Oct 21 2023 14: +0,1697893200
0.157,6,Oct 21 2023 15: +0,1697896800
0.148,9,Oct 21 2023 17: +0,1697904000
0.137,4,Oct 21 2023 18: +0,1697907600
0.151,4,Oct 21 2023 19: +0,1697911200
0.157,5,Oct 21 2023 20: +0,1697914800
0.129,1,Oct 21 2023 21: +0,1697918400
0.148,2,Oct 21 2023 22: +0,1697922000
0.14,1,Oct 21 2023 23: +0,1697925600
0.139,2,Oct 22 2023 00: +0,1697929200
0.148,1,Oct 22 2023 01: +0,1697932800
0.148,4,Oct 22 2023 02: +0,1697936400
0.149,5,Oct 22 2023 04: +0,1697943600
0.148,1,Oct 22 2023 07: +0,1697954400
0.149,4,Oct 22 2023 08: +0,1697958000
0.149,6,Oct 22 2023 09: +0,1697961600
0.132,5,Oct 22 2023 11: +0,1697968800
0.12,2,Oct 22 2023 12: +0,1697972400
0.147,1,Oct 22 2023 13: +0,1697976000
0.094,2,Oct 22 2023 14: +0,1697979600
0.115,8,Oct 22 2023 15: +0,1697983200
0.145,11,Oct 22 2023 16: +0,1697986800
0.146,2,Oct 22 2023 17: +0,1697990400
0.146,1,Oct 22 2023 18: +0,1697994000
0.148,8,Oct 22 2023 19: +0,1697997600
0.139,2,Oct 22 2023 20: +0,1698001200
0.145,3,Oct 22 2023 21: +0,1698004800
0.122,2,Oct 22 2023 22: +0,1698008400
0.144,2,Oct 23 2023 00: +0,1698015600
0.143,6,Oct 23 2023 02: +0,1698022800
0.14,2,Oct 23 2023 03: +0,1698026400
0.128,11,Oct 23 2023 04: +0,1698030000
0.135,1,Oct 23 2023 05: +0,1698033600
0.151,2,Oct 23 2023 06: +0,1698037200
0.151,2,Oct 23 2023 07: +0,1698040800
0.14,7,Oct 23 2023 08: +0,1698044400
0.14,1,Oct 23 2023 09: +0,1698048000
0.126,2,Oct 23 2023 10: +0,1698051600
0.148,1,Oct 23 2023 11: +0,1698055200
0.115,3,Oct 23 2023 14: +0,1698066000
0.132,8,Oct 23 2023 16: +0,1698073200
0.148,5,Oct 23 2023 17: +0,1698076800
0.141,1,Oct 23 2023 18: +0,1698080400
0.129,3,Oct 23 2023 19: +0,1698084000
0.14,11,Oct 23 2023 20: +0,1698087600
0.128,1,Oct 23 2023 21: +0,1698091200
0.101,1,Oct 23 2023 23: +0,1698098400
0.124,1,Oct 24 2023 00: +0,1698102000
0.138,1,Oct 24 2023 02: +0,1698109200
0.14,2,Oct 24 2023 03: +0,1698112800
0.14,2,Oct 24 2023 05: +0,1698120000
0.137,3,Oct 24 2023 09: +0,1698134400
0.139,1,Oct 24 2023 10: +0,1698138000
0.114,4,Oct 24 2023 11: +0,1698141600
0.128,2,Oct 24 2023 12: +0,1698145200
0.131,4,Oct 24 2023 14: +0,1698152400
0.139,6,Oct 24 2023 15: +0,1698156000
0.127,4,Oct 24 2023 16: +0,1698159600
0.114,3,Oct 24 2023 17: +0,1698163200
0.131,4,Oct 24 2023 18: +0,1698166800
0.13,3,Oct 24 2023 20: +0,1698174000
0.137,1,Oct 24 2023 21: +0,1698177600
0.14,2,Oct 24 2023 23: +0,1698184800
0.137,1,Oct 25 2023 00: +0,1698188400
0.14,2,Oct 25 2023 03: +0,1698199200
0.136,3,Oct 25 2023 04: +0,1698202800
0.139,4,Oct 25 2023 05: +0,1698206400
0.126,3,Oct 25 2023 06: +0,1698210000
0.139,2,Oct 25 2023 08: +0,1698217200
0.14,3,Oct 25 2023 09: +0,1698220800
0.137,5,Oct 25 2023 10: +0,1698224400
0.142,1,Oct 25 2023 11: +0,1698228000
0.14,1,Oct 25 2023 12: +0,1698231600
0.149,18,Oct 25 2023 13: +0,1698235200
0.161,3,Oct 25 2023 14: +0,1698238800
0.126,4,Oct 25 2023 15: +0,1698242400
0.132,1,Oct 25 2023 16: +0,1698246000
0.126,1,Oct 25 2023 17: +0,1698249600
0.142,5,Oct 25 2023 18: +0,1698253200
0.148,4,Oct 25 2023 19: +0,1698256800
0.158,9,Oct 25 2023 20: +0,1698260400
0.138,2,Oct 25 2023 21: +0,1698264000
0.147,2,Oct 25 2023 22: +0,1698267600
0.151,2,Oct 25 2023 23: +0,1698271200
0.148,6,Oct 26 2023 00: +0,1698274800
0.151,1,Oct 26 2023 01: +0,1698278400
0.148,1,Oct 26 2023 03: +0,1698285600
0.152,1,Oct 26 2023 05: +0,1698292800
0.151,1,Oct 26 2023 06: +0,1698296400
0.148,2,Oct 26 2023 07: +0,1698300000
0.139,1,Oct 26 2023 10: +0,1698310800
0.142,1,Oct 26 2023 11: +0,1698314400
0.129,3,Oct 26 2023 12: +0,1698318000
0.154,6,Oct 26 2023 14: +0,1698325200
0.151,6,Oct 26 2023 15: +0,1698328800
0.128,1,Oct 26 2023 16: +0,1698332400
0.154,3,Oct 26 2023 17: +0,1698336000
0.154,3,Oct 26 2023 18: +0,1698339600
0.154,3,Oct 26 2023 19: +0,1698343200
0.143,1,Oct 26 2023 20: +0,1698346800
0.148,1,Oct 26 2023 21: +0,1698350400
0.138,1,Oct 26 2023 22: +0,1698354000
0.149,1,Oct 26 2023 23: +0,1698357600
0.154,1,Oct 27 2023 00: +0,1698361200
0.148,1,Oct 27 2023 01: +0,1698364800
0.15,2,Oct 27 2023 02: +0,1698368400
0.146,1,Oct 27 2023 03: +0,1698372000
0.136,2,Oct 27 2023 04: +0,1698375600
0.136,1,Oct 27 2023 05: +0,1698379200
0.134,2,Oct 27 2023 07: +0,1698386400
0.12,2,Oct 27 2023 08: +0,1698390000
0.123,4,Oct 27 2023 10: +0,1698397200
0.129,2,Oct 27 2023 11: +0,1698400800
0.098,1,Oct 27 2023 12: +0,1698404400
0.138,4,Oct 27 2023 13: +0,1698408000
0.129,3,Oct 27 2023 14: +0,1698411600
0.128,1,Oct 27 2023 15: +0,1698415200
0.141,2,Oct 27 2023 16: +0,1698418800
0.154,6,Oct 27 2023 17: +0,1698422400
0.138,1,Oct 27 2023 18: +0,1698426000
0.146,6,Oct 27 2023 19: +0,1698429600
0.154,4,Oct 27 2023 20: +0,1698433200
0.158,13,Oct 27 2023 21: +0,1698436800
0.141,4,Oct 27 2023 22: +0,1698440400
0.155,3,Oct 27 2023 23: +0,1698444000
0.13,5,Oct 28 2023 00: +0,1698447600
0.129,1,Oct 28 2023 02: +0,1698454800
0.146,1,Oct 28 2023 03: +0,1698458400
0.148,3,Oct 28 2023 08: +0,1698476400
0.148,1,Oct 28 2023 09: +0,1698480000
0.127,1,Oct 28 2023 11: +0,1698487200
0.147,1,Oct 28 2023 14: +0,1698498000
0.137,3,Oct 28 2023 15: +0,1698501600
0.132,1,Oct 28 2023 16: +0,1698505200
0.132,3,Oct 28 2023 17: +0,1698508800
0.089,1,Oct 28 2023 20: +0,1698519600
0.129,3,Oct 28 2023 21: +0,1698523200
0.124,4,Oct 28 2023 22: +0,1698526800
0.13,5,Oct 28 2023 23: +0,1698530400
0.127,1,Oct 29 2023 00: +0,1698534000
0.13,2,Oct 29 2023 01: +0,1698537600
0.121,2,Oct 29 2023 05: +0,1698555600
0.129,2,Oct 29 2023 06: +0,1698559200
0.126,3,Oct 29 2023 09: +0,1698570000
0.116,2,Oct 29 2023 10: +0,1698573600
0.12,1,Oct 29 2023 11: +0,1698577200
0.127,3,Oct 29 2023 12: +0,1698580800
0.129,2,Oct 29 2023 13: +0,1698584400
0.126,2,Oct 29 2023 14: +0,1698588000
0.114,3,Oct 29 2023 15: +0,1698591600
0.126,7,Oct 29 2023 18: +0,1698602400
0.126,3,Oct 29 2023 19: +0,1698606000
0.129,12,Oct 29 2023 20: +0,1698609600
0.13,4,Oct 29 2023 21: +0,1698613200
0.124,6,Oct 29 2023 23: +0,1698620400
0.118,1,Oct 30 2023 00: +0,1698624000
0.129,2,Oct 30 2023 03: +0,1698634800
0.13,1,Oct 30 2023 05: +0,1698642000
0.12,1,Oct 30 2023 06: +0,1698645600
0.11,2,Oct 30 2023 09: +0,1698656400
0.129,5,Oct 30 2023 10: +0,1698660000
0.117,2,Oct 30 2023 11: +0,1698663600
0.12,9,Oct 30 2023 12: +0,1698667200
0.123,1,Oct 30 2023 13: +0,1698670800
0.122,2,Oct 30 2023 14: +0,1698674400
0.129,5,Oct 30 2023 15: +0,1698678000
0.124,1,Oct 30 2023 16: +0,1698681600
0.126,2,Oct 30 2023 17: +0,1698685200
0.137,4,Oct 30 2023 18: +0,1698688800
0.121,5,Oct 30 2023 20: +0,1698696000
0.129,1,Oct 30 2023 21: +0,1698699600
0.13,2,Oct 30 2023 22: +0,1698703200
0.138,5,Oct 30 2023 23: +0,1698706800
0.12,1,Oct 31 2023 00: +0,1698710400
0.138,3,Oct 31 2023 02: +0,1698717600
0.122,1,Oct 31 2023 04: +0,1698724800
0.138,1,Oct 31 2023 05: +0,1698728400
0.12,1,Oct 31 2023 07: +0,1698735600
0.131,3,Oct 31 2023 08: +0,1698739200
0.133,2,Oct 31 2023 09: +0,1698742800
0.101,1,Oct 31 2023 10: +0,1698746400
0.139,1,Oct 31 2023 11: +0,1698750000
0.129,1,Oct 31 2023 12: +0,1698753600
0.12,2,Oct 31 2023 14: +0,1698760800
0.143,4,Oct 31 2023 15: +0,1698764400
0.139,1,Oct 31 2023 17: +0,1698771600
0.133,3,Oct 31 2023 19: +0,1698778800
0.139,5,Oct 31 2023 20: +0,1698782400
0.143,7,Oct 31 2023 21: +0,1698786000
0.121,1,Oct 31 2023 22: +0,1698789600
0.112,1,Oct 31 2023 23: +0,1698793200
0.131,1,Nov 01 2023 00: +0,1698796800
0.121,3,Nov 01 2023 01: +0,1698800400
0.112,1,Nov 01 2023 02: +0,1698804000
0.121,3,Nov 01 2023 03: +0,1698807600
0.131,2,Nov 01 2023 04: +0,1698811200
0.146,3,Nov 01 2023 05: +0,1698814800
0.129,2,Nov 01 2023 06: +0,1698818400
0.146,4,Nov 01 2023 07: +0,1698822000
0.146,8,Nov 01 2023 09: +0,1698829200
0.145,1,Nov 01 2023 10: +0,1698832800
0.098,2,Nov 01 2023 11: +0,1698836400
0.116,4,Nov 01 2023 14: +0,1698847200
0.115,2,Nov 01 2023 15: +0,1698850800
0.133,2,Nov 01 2023 16: +0,1698854400
0.13,4,Nov 01 2023 17: +0,1698858000
0.13,5,Nov 01 2023 18: +0,1698861600
0.13,1,Nov 01 2023 19: +0,1698865200
0.129,4,Nov 01 2023 20: +0,1698868800
0.137,2,Nov 01 2023 21: +0,1698872400
0.124,2,Nov 01 2023 22: +0,1698876000
0.128,2,Nov 01 2023 23: +0,1698879600
0.114,1,Nov 02 2023 00: +0,1698883200
0.129,5,Nov 02 2023 01: +0,1698886800
0.128,1,Nov 02 2023 02: +0,1698890400
0.129,2,Nov 02 2023 03: +0,1698894000
0.114,3,Nov 02 2023 04: +0,1698897600
0.09,1,Nov 02 2023 05: +0,1698901200
0.122,1,Nov 02 2023 06: +0,1698904800
0.122,1,Nov 02 2023 07: +0,1698908400
0.122,3,Nov 02 2023 09: +0,1698915600
0.12,2,Nov 02 2023 11: +0,1698922800
0.122,6,Nov 02 2023 12: +0,1698926400
0.122,3,Nov 02 2023 13: +0,1698930000
0.115,1,Nov 02 2023 14: +0,1698933600
0.12,6,Nov 02 2023 15: +0,1698937200
0.128,4,Nov 02 2023 16: +0,1698940800
0.128,9,Nov 02 2023 17: +0,1698944400
0.113,5,Nov 02 2023 18: +0,1698948000
0.133,4,Nov 02 2023 19: +0,1698951600
0.137,3,Nov 02 2023 20: +0,1698955200
0.112,1,Nov 02 2023 21: +0,1698958800
0.122,4,Nov 02 2023 22: +0,1698962400
0.116,1,Nov 02 2023 23: +0,1698966000
0.118,1,Nov 03 2023 00: +0,1698969600
0.129,2,Nov 03 2023 01: +0,1698973200
0.112,1,Nov 03 2023 03: +0,1698980400
0.105,6,Nov 03 2023 04: +0,1698984000
0.115,3,Nov 03 2023 07: +0,1698994800
0.138,2,Nov 03 2023 08: +0,1698998400
0.139,1,Nov 03 2023 10: +0,1699005600
0.142,2,Nov 03 2023 11: +0,1699009200
0.126,4,Nov 03 2023 12: +0,1699012800
0.14,2,Nov 03 2023 13: +0,1699016400
0.13,1,Nov 03 2023 14: +0,1699020000
0.139,1,Nov 03 2023 15: +0,1699023600
0.147,1,Nov 03 2023 16: +0,1699027200
0.13,3,Nov 03 2023 17: +0,1699030800
0.118,2,Nov 03 2023 18: +0,1699034400
0.112,1,Nov 03 2023 19: +0,1699038000
0.102,3,Nov 03 2023 21: +0,1699045200
0.134,2,Nov 03 2023 22: +0,1699048800
0.139,2,Nov 03 2023 23: +0,1699052400
0.113,1,Nov 04 2023 00: +0,1699056000
0.129,1,Nov 04 2023 02: +0,1699063200
0.138,8,Nov 04 2023 03: +0,1699066800
0.112,1,Nov 04 2023 05: +0,1699074000
0.134,2,Nov 04 2023 07: +0,1699081200
0.143,1,Nov 04 2023 10: +0,1699092000
0.142,3,Nov 04 2023 11: +0,1699095600
0.148,1,Nov 04 2023 12: +0,1699099200
0.133,2,Nov 04 2023 13: +0,1699102800
0.119,1,Nov 04 2023 14: +0,1699106400
0.13,3,Nov 04 2023 15: +0,1699110000
0.117,1,Nov 04 2023 16: +0,1699113600
0.117,5,Nov 04 2023 17: +0,1699117200
0.123,2,Nov 04 2023 19: +0,1699124400
0.13,1,Nov 04 2023 20: +0,1699128000
0.127,3,Nov 04 2023 21: +0,1699131600
0.126,3,Nov 04 2023 22: +0,1699135200
0.127,5,Nov 04 2023 23: +0,1699138800
0.121,2,Nov 05 2023 00: +0,1699142400
0.131,5,Nov 05 2023 01: +0,1699146000
0.112,1,Nov 05 2023 02: +0,1699149600
0.127,1,Nov 05 2023 03: +0,1699153200
0.13,2,Nov 05 2023 04: +0,1699156800
0.112,1,Nov 05 2023 05: +0,1699160400
0.118,3,Nov 05 2023 06: +0,1699164000
0.13,2,Nov 05 2023 07: +0,1699167600
0.103,1,Nov 05 2023 08: +0,1699171200
0.132,2,Nov 05 2023 09: +0,1699174800
0.136,1,Nov 05 2023 10: +0,1699178400
0.138,5,Nov 05 2023 11: +0,1699182000
0.14,1,Nov 05 2023 12: +0,1699185600
0.15,5,Nov 05 2023 13: +0,1699189200
0.14,3,Nov 05 2023 14: +0,1699192800
0.14,1,Nov 05 2023 15: +0,1699196400
0.146,1,Nov 05 2023 17: +0,1699203600
0.139,3,Nov 05 2023 18: +0,1699207200
0.139,5,Nov 05 2023 19: +0,1699210800
0.13,2,Nov 05 2023 20: +0,1699214400
0.104,3,Nov 06 2023 00: +0,1699228800
0.12,4,Nov 06 2023 02: +0,1699236000
0.112,3,Nov 06 2023 03: +0,1699239600
0.138,1,Nov 06 2023 05: +0,1699246800
0.142,1,Nov 06 2023 08: +0,1699257600
0.113,3,Nov 06 2023 12: +0,1699272000
0.119,1,Nov 06 2023 13: +0,1699275600
0.129,2,Nov 06 2023 14: +0,1699279200
0.137,3,Nov 06 2023 16: +0,1699286400
0.139,8,Nov 06 2023 17: +0,1699290000
0.122,1,Nov 06 2023 18: +0,1699293600
0.119,4,Nov 06 2023 19: +0,1699297200
0.129,3,Nov 06 2023 20: +0,1699300800
0.129,3,Nov 06 2023 22: +0,1699308000
0.12,2,Nov 06 2023 23: +0,1699311600
0.124,4,Nov 07 2023 00: +0,1699315200
0.126,2,Nov 07 2023 01: +0,1699318800
0.123,1,Nov 07 2023 02: +0,1699322400
0.128,1,Nov 07 2023 04: +0,1699329600
0.12,2,Nov 07 2023 05: +0,1699333200
0.126,2,Nov 07 2023 06: +0,1699336800
0.127,2,Nov 07 2023 07: +0,1699340400
0.119,1,Nov 07 2023 08: +0,1699344000
0.112,1,Nov 07 2023 09: +0,1699347600
0.112,1,Nov 07 2023 10: +0,1699351200
0.112,1,Nov 07 2023 11: +0,1699354800
0.134,6,Nov 07 2023 12: +0,1699358400
0.114,1,Nov 07 2023 13: +0,1699362000
0.112,1,Nov 07 2023 14: +0,1699365600
0.112,1,Nov 07 2023 15: +0,1699369200
0.116,2,Nov 07 2023 16: +0,1699372800
0.113,1,Nov 07 2023 17: +0,1699376400
0.125,9,Nov 07 2023 18: +0,1699380000
0.112,3,Nov 07 2023 19: +0,1699383600
0.102,1,Nov 07 2023 20: +0,1699387200
0.112,4,Nov 07 2023 21: +0,1699390800
0.118,3,Nov 07 2023 22: +0,1699394400
0.121,1,Nov 07 2023 23: +0,1699398000
0.102,3,Nov 08 2023 01: +0,1699405200
0.09,1,Nov 08 2023 02: +0,1699408800
0.121,2,Nov 08 2023 03: +0,1699412400
0.121,1,Nov 08 2023 04: +0,1699416000
0.121,7,Nov 08 2023 05: +0,1699419600
0.118,1,Nov 08 2023 08: +0,1699430400
0.113,1,Nov 08 2023 09: +0,1699434000
0.121,6,Nov 08 2023 10: +0,1699437600
0.111,4,Nov 08 2023 11: +0,1699441200
0.121,4,Nov 08 2023 12: +0,1699444800
0.126,6,Nov 08 2023 13: +0,1699448400
0.113,7,Nov 08 2023 14: +0,1699452000
0.125,4,Nov 08 2023 15: +0,1699455600
0.121,9,Nov 08 2023 16: +0,1699459200
0.12,3,Nov 08 2023 17: +0,1699462800
0.128,6,Nov 08 2023 18: +0,1699466400
0.121,9,Nov 08 2023 19: +0,1699470000
0.116,2,Nov 08 2023 20: +0,1699473600
0.128,3,Nov 08 2023 21: +0,1699477200
0.128,1,Nov 08 2023 22: +0,1699480800
0.111,3,Nov 08 2023 23: +0,1699484400
0.12,1,Nov 09 2023 00: +0,1699488000
0.12,4,Nov 09 2023 01: +0,1699491600
0.11,3,Nov 09 2023 02: +0,1699495200
0.116,2,Nov 09 2023 05: +0,1699506000
0.121,1,Nov 09 2023 06: +0,1699509600
0.122,4,Nov 09 2023 07: +0,1699513200
0.111,4,Nov 09 2023 08: +0,1699516800
0.121,1,Nov 09 2023 09: +0,1699520400
0.128,5,Nov 09 2023 10: +0,1699524000
0.128,1,Nov 09 2023 11: +0,1699527600
0.112,4,Nov 09 2023 12: +0,1699531200
0.115,2,Nov 09 2023 13: +0,1699534800
0.12,1,Nov 09 2023 14: +0,1699538400
0.124,1,Nov 09 2023 15: +0,1699542000
0.126,4,Nov 09 2023 16: +0,1699545600
0.117,2,Nov 09 2023 17: +0,1699549200
0.12,2,Nov 09 2023 18: +0,1699552800
0.128,3,Nov 09 2023 19: +0,1699556400
0.12,2,Nov 09 2023 20: +0,1699560000
0.116,2,Nov 09 2023 21: +0,1699563600
0.128,2,Nov 09 2023 22: +0,1699567200
0.127,2,Nov 09 2023 23: +0,1699570800
0.128,3,Nov 10 2023 00: +0,1699574400
0.116,2,Nov 10 2023 02: +0,1699581600
0.12,1,Nov 10 2023 03: +0,1699585200
0.128,1,Nov 10 2023 04: +0,1699588800
0.098,2,Nov 10 2023 05: +0,1699592400
0.125,2,Nov 10 2023 08: +0,1699603200
0.12,1,Nov 10 2023 10: +0,1699610400
0.12,5,Nov 10 2023 11: +0,1699614000
0.128,1,Nov 10 2023 12: +0,1699617600
0.112,2,Nov 10 2023 13: +0,1699621200
0.12,3,Nov 10 2023 14: +0,1699624800
0.12,6,Nov 10 2023 15: +0,1699628400
0.129,6,Nov 10 2023 16: +0,1699632000
0.119,2,Nov 10 2023 17: +0,1699635600
0.128,7,Nov 10 2023 18: +0,1699639200
0.126,3,Nov 10 2023 19: +0,1699642800
0.128,5,Nov 10 2023 20: +0,1699646400
0.137,5,Nov 10 2023 22: +0,1699653600
0.128,5,Nov 11 2023 00: +0,1699660800
0.122,1,Nov 11 2023 01: +0,1699664400
0.128,1,Nov 11 2023 02: +0,1699668000
0.133,3,Nov 11 2023 03: +0,1699671600
0.123,2,Nov 11 2023 05: +0,1699678800
0.138,2,Nov 11 2023 06: +0,1699682400
0.095,1,Nov 11 2023 08: +0,1699689600
0.135,4,Nov 11 2023 09: +0,1699693200
0.137,4,Nov 11 2023 10: +0,1699696800
0.133,2,Nov 11 2023 11: +0,1699700400
0.138,3,Nov 11 2023 13: +0,1699707600
0.116,2,Nov 11 2023 14: +0,1699711200
0.083,5,Nov 11 2023 15: +0,1699714800
0.129,1,Nov 11 2023 16: +0,1699718400
0.129,1,Nov 11 2023 17: +0,1699722000
0.13,1,Nov 11 2023 18: +0,1699725600
0.121,4,Nov 11 2023 19: +0,1699729200
0.104,1,Nov 11 2023 20: +0,1699732800
0.127,3,Nov 11 2023 21: +0,1699736400
0.137,4,Nov 11 2023 22: +0,1699740000
0.108,1,Nov 11 2023 23: +0,1699743600
0.137,2,Nov 12 2023 00: +0,1699747200
0.133,3,Nov 12 2023 01: +0,1699750800
0.136,4,Nov 12 2023 02: +0,1699754400
0.12,2,Nov 12 2023 03: +0,1699758000
0.128,1,Nov 12 2023 04: +0,1699761600
0.088,2,Nov 12 2023 05: +0,1699765200
0.128,4,Nov 12 2023 06: +0,1699768800
0.112,2,Nov 12 2023 08: +0,1699776000
0.125,2,Nov 12 2023 09: +0,1699779600
0.119,2,Nov 12 2023 10: +0,1699783200
0.135,2,Nov 12 2023 11: +0,1699786800
0.12,1,Nov 12 2023 12: +0,1699790400
0.13,2,Nov 12 2023 13: +0,1699794000
0.104,1,Nov 12 2023 14: +0,1699797600
0.111,2,Nov 12 2023 15: +0,1699801200
0.119,1,Nov 12 2023 16: +0,1699804800
0.128,2,Nov 12 2023 17: +0,1699808400
0.108,2,Nov 12 2023 18: +0,1699812000
0.12,3,Nov 12 2023 19: +0,1699815600
0.111,2,Nov 12 2023 20: +0,1699819200
0.111,2,Nov 12 2023 21: +0,1699822800
0.114,3,Nov 12 2023 22: +0,1699826400
0.114,1,Nov 12 2023 23: +0,1699830000
0.12,1,Nov 13 2023 00: +0,1699833600
0.128,1,Nov 13 2023 01: +0,1699837200
0.127,6,Nov 13 2023 02: +0,1699840800
0.133,6,Nov 13 2023 04: +0,1699848000
0.135,1,Nov 13 2023 06: +0,1699855200
0.113,1,Nov 13 2023 08: +0,1699862400
0.128,1,Nov 13 2023 09: +0,1699866000
0.137,3,Nov 13 2023 12: +0,1699876800
0.114,3,Nov 13 2023 13: +0,1699880400
0.128,1,Nov 13 2023 15: +0,1699887600
0.134,4,Nov 13 2023 16: +0,1699891200
0.137,5,Nov 13 2023 18: +0,1699898400
0.132,4,Nov 13 2023 19: +0,1699902000
0.137,1,Nov 13 2023 20: +0,1699905600
0.132,5,Nov 13 2023 21: +0,1699909200
0.137,3,Nov 13 2023 22: +0,1699912800
0.131,4,Nov 13 2023 23: +0,1699916400
0.096,1,Nov 14 2023 00: +0,1699920000
0.137,2,Nov 14 2023 01: +0,1699923600
0.139,5,Nov 14 2023 02: +0,1699927200
0.138,1,Nov 14 2023 03: +0,1699930800
0.144,1,Nov 14 2023 05: +0,1699938000
0.138,1,Nov 14 2023 06: +0,1699941600
0.145,1,Nov 14 2023 07: +0,1699945200
0.145,1,Nov 14 2023 08: +0,1699948800
0.145,1,Nov 14 2023 10: +0,1699956000
0.131,2,Nov 14 2023 12: +0,1699963200
0.116,1,Nov 14 2023 13: +0,1699966800
0.116,5,Nov 14 2023 16: +0,1699977600
0.112,2,Nov 14 2023 17: +0,1699981200
0.131,5,Nov 14 2023 18: +0,1699984800
0.136,3,Nov 14 2023 19: +0,1699988400
0.136,5,Nov 14 2023 20: +0,1699992000
0.136,5,Nov 14 2023 21: +0,1699995600
0.109,3,Nov 14 2023 22: +0,1699999200
0.135,3,Nov 15 2023 09: +0,1700038800
0.136,1,Nov 15 2023 10: +0,1700042400
0.136,1,Nov 15 2023 11: +0,1700046000
0.136,1,Nov 15 2023 12: +0,1700049600
0.119,2,Nov 15 2023 14: +0,1700056800
0.117,1,Nov 15 2023 15: +0,1700060400
0.134,3,Nov 15 2023 16: +0,1700064000
0.136,5,Nov 15 2023 17: +0,1700067600
0.139,3,Nov 15 2023 18: +0,1700071200
0.118,2,Nov 15 2023 19: +0,1700074800
0.136,5,Nov 15 2023 21: +0,1700082000
0.136,1,Nov 15 2023 23: +0,1700089200
0.129,1,Nov 16 2023 00: +0,1700092800
0.131,1,Nov 16 2023 05: +0,1700110800
0.136,8,Nov 16 2023 07: +0,1700118000
0.131,4,Nov 16 2023 09: +0,1700125200
0.132,2,Nov 16 2023 10: +0,1700128800
0.135,4,Nov 16 2023 12: +0,1700136000
0.112,2,Nov 16 2023 14: +0,1700143200
0.117,8,Nov 16 2023 15: +0,1700146800
0.127,1,Nov 16 2023 16: +0,1700150400
0.125,3,Nov 16 2023 17: +0,1700154000
0.131,5,Nov 16 2023 18: +0,1700157600
0.131,5,Nov 16 2023 19: +0,1700161200
0.136,5,Nov 16 2023 20: +0,1700164800
0.137,5,Nov 16 2023 21: +0,1700168400
0.128,4,Nov 16 2023 23: +0,1700175600
0.108,1,Nov 17 2023 03: +0,1700190000
0.137,5,Nov 17 2023 04: +0,1700193600
0.14,1,Nov 17 2023 05: +0,1700197200
0.117,1,Nov 17 2023 06: +0,1700200800
0.139,1,Nov 17 2023 07: +0,1700204400
0.115,1,Nov 17 2023 08: +0,1700208000
0.144,5,Nov 17 2023 10: +0,1700215200
0.103,9,Nov 17 2023 11: +0,1700218800
0.103,4,Nov 17 2023 12: +0,1700222400
0.139,3,Nov 17 2023 14: +0,1700229600
0.139,1,Nov 17 2023 15: +0,1700233200
0.126,2,Nov 17 2023 17: +0,1700240400
0.134,2,Nov 17 2023 18: +0,1700244000
0.136,1,Nov 17 2023 19: +0,1700247600
0.11,2,Nov 17 2023 20: +0,1700251200
0.118,3,Nov 17 2023 21: +0,1700254800
0.139,4,Nov 17 2023 22: +0,1700258400
0.131,1,Nov 18 2023 00: +0,1700265600
0.11,1,Nov 18 2023 01: +0,1700269200
0.126,1,Nov 18 2023 02: +0,1700272800
0.118,1,Nov 18 2023 03: +0,1700276400
0.128,2,Nov 18 2023 04: +0,1700280000
0.128,3,Nov 18 2023 05: +0,1700283600
0.128,3,Nov 18 2023 06: +0,1700287200
0.126,2,Nov 18 2023 08: +0,1700294400
0.121,1,Nov 18 2023 09: +0,1700298000
0.121,4,Nov 18 2023 11: +0,1700305200
0.12,1,Nov 18 2023 12: +0,1700308800
0.123,1,Nov 18 2023 13: +0,1700312400
0.122,1,Nov 18 2023 14: +0,1700316000
0.116,1,Nov 18 2023 15: +0,1700319600
0.123,2,Nov 18 2023 16: +0,1700323200
0.116,1,Nov 18 2023 18: +0,1700330400
0.125,7,Nov 18 2023 19: +0,1700334000
0.122,2,Nov 18 2023 20: +0,1700337600
0.121,5,Nov 18 2023 23: +0,1700348400
0.123,1,Nov 19 2023 03: +0,1700362800
0.111,1,Nov 19 2023 08: +0,1700380800
0.128,5,Nov 19 2023 10: +0,1700388000
0.13,1,Nov 19 2023 12: +0,1700395200
0.131,2,Nov 19 2023 13: +0,1700398800
0.125,2,Nov 19 2023 14: +0,1700402400
0.136,2,Nov 19 2023 15: +0,1700406000
0.135,2,Nov 19 2023 16: +0,1700409600
0.097,2,Nov 19 2023 17: +0,1700413200
0.127,6,Nov 19 2023 18: +0,1700416800
0.138,2,Nov 19 2023 19: +0,1700420400
0.139,9,Nov 19 2023 20: +0,1700424000
0.117,1,Nov 19 2023 21: +0,1700427600
0.111,1,Nov 19 2023 22: +0,1700431200
0.135,1,Nov 19 2023 23: +0,1700434800
0.136,3,Nov 20 2023 00: +0,1700438400
0.114,5,Nov 20 2023 01: +0,1700442000
0.113,4,Nov 20 2023 02: +0,1700445600
0.116,2,Nov 20 2023 04: +0,1700452800
0.114,10,Nov 20 2023 05: +0,1700456400
0.114,4,Nov 20 2023 06: +0,1700460000
0.12,1,Nov 20 2023 07: +0,1700463600
0.114,3,Nov 20 2023 08: +0,1700467200
0.12,4,Nov 20 2023 10: +0,1700474400
0.11,3,Nov 20 2023 11: +0,1700478000
0.11,3,Nov 20 2023 12: +0,1700481600
0.107,4,Nov 20 2023 13: +0,1700485200
0.111,2,Nov 20 2023 14: +0,1700488800
0.111,1,Nov 20 2023 16: +0,1700496000
0.122,5,Nov 20 2023 17: +0,1700499600
0.117,5,Nov 20 2023 18: +0,1700503200
0.122,4,Nov 20 2023 20: +0,1700510400
0.131,1,Nov 20 2023 23: +0,1700521200
0.125,1,Nov 21 2023 00: +0,1700524800
0.128,1,Nov 21 2023 01: +0,1700528400
0.122,2,Nov 21 2023 02: +0,1700532000
0.134,4,Nov 21 2023 04: +0,1700539200
0.131,3,Nov 21 2023 05: +0,1700542800
0.107,1,Nov 21 2023 07: +0,1700550000
0.12,2,Nov 21 2023 11: +0,1700564400
0.109,8,Nov 21 2023 13: +0,1700571600
0.107,3,Nov 21 2023 14: +0,1700575200
0.108,1,Nov 21 2023 16: +0,1700582400
0.106,2,Nov 21 2023 17: +0,1700586000
0.103,2,Nov 21 2023 18: +0,1700589600
0.101,5,Nov 21 2023 19: +0,1700593200
0.105,6,Nov 21 2023 20: +0,1700596800
0.127,4,Nov 21 2023 21: +0,1700600400
0.128,1,Nov 21 2023 23: +0,1700607600
0.12,1,Nov 22 2023 01: +0,1700614800
0.12,1,Nov 22 2023 02: +0,1700618400
0.081,16,Nov 22 2023 04: +0,1700625600
0.111,1,Nov 22 2023 06: +0,1700632800
0.11,2,Nov 22 2023 11: +0,1700650800
0.111,2,Nov 22 2023 13: +0,1700658000
0.108,1,Nov 22 2023 14: +0,1700661600
0.127,2,Nov 22 2023 15: +0,1700665200
0.128,1,Nov 22 2023 16: +0,1700668800
0.124,2,Nov 22 2023 17: +0,1700672400
0.128,3,Nov 22 2023 18: +0,1700676000
0.129,2,Nov 22 2023 19: +0,1700679600
0.118,1,Nov 22 2023 20: +0,1700683200
0.129,1,Nov 22 2023 21: +0,1700686800
0.119,1,Nov 22 2023 22: +0,1700690400
0.134,1,Nov 23 2023 01: +0,1700701200
0.14,5,Nov 23 2023 02: +0,1700704800
0.128,1,Nov 23 2023 04: +0,1700712000
0.128,4,Nov 23 2023 05: +0,1700715600
0.129,1,Nov 23 2023 07: +0,1700722800
0.12,1,Nov 23 2023 08: +0,1700726400
0.135,1,Nov 23 2023 10: +0,1700733600
0.135,2,Nov 23 2023 12: +0,1700740800
0.136,2,Nov 23 2023 14: +0,1700748000
0.102,2,Nov 23 2023 15: +0,1700751600
0.138,1,Nov 23 2023 16: +0,1700755200
0.138,2,Nov 23 2023 17: +0,1700758800
0.138,1,Nov 23 2023 18: +0,1700762400
0.109,2,Nov 23 2023 19: +0,1700766000
0.09,5,Nov 23 2023 20: +0,1700769600
0.117,2,Nov 23 2023 21: +0,1700773200
0.124,3,Nov 23 2023 22: +0,1700776800
0.111,1,Nov 24 2023 00: +0,1700784000
0.124,1,Nov 24 2023 03: +0,1700794800
0.122,1,Nov 24 2023 06: +0,1700805600
0.108,1,Nov 24 2023 07: +0,1700809200
0.131,1,Nov 24 2023 10: +0,1700820000
0.12,5,Nov 24 2023 11: +0,1700823600
0.121,1,Nov 24 2023 12: +0,1700827200
0.115,2,Nov 24 2023 13: +0,1700830800
0.122,3,Nov 24 2023 14: +0,1700834400
0.131,2,Nov 24 2023 15: +0,1700838000
0.105,2,Nov 24 2023 17: +0,1700845200
0.088,4,Nov 24 2023 18: +0,1700848800
0.126,3,Nov 24 2023 19: +0,1700852400
0.101,1,Nov 24 2023 20: +0,1700856000
0.131,4,Nov 24 2023 23: +0,1700866800
0.131,1,Nov 25 2023 00: +0,1700870400
0.131,1,Nov 25 2023 01: +0,1700874000
0.108,1,Nov 25 2023 03: +0,1700881200
0.136,1,Nov 25 2023 05: +0,1700888400
0.112,1,Nov 25 2023 07: +0,1700895600
0.128,1,Nov 25 2023 08: +0,1700899200
0.122,3,Nov 25 2023 11: +0,1700910000
0.124,3,Nov 25 2023 12: +0,1700913600
0.13,2,Nov 25 2023 13: +0,1700917200
0.125,2,Nov 25 2023 14: +0,1700920800
0.11,4,Nov 25 2023 15: +0,1700924400
0.122,2,Nov 25 2023 17: +0,1700931600
0.11,4,Nov 25 2023 23: +0,1700953200
0.104,1,Nov 26 2023 01: +0,1700960400
0.119,2,Nov 26 2023 02: +0,1700964000
0.12,1,Nov 26 2023 04: +0,1700971200
0.112,3,Nov 26 2023 05: +0,1700974800
0.104,1,Nov 26 2023 06: +0,1700978400
0.112,1,Nov 26 2023 07: +0,1700982000
0.113,1,Nov 26 2023 08: +0,1700985600
0.111,2,Nov 26 2023 09: +0,1700989200
0.12,1,Nov 26 2023 10: +0,1700992800
0.124,1,Nov 26 2023 11: +0,1700996400
0.122,1,Nov 26 2023 14: +0,1701007200
0.127,3,Nov 26 2023 15: +0,1701010800
0.131,1,Nov 26 2023 18: +0,1701021600
0.128,1,Nov 26 2023 19: +0,1701025200
0.136,3,Nov 26 2023 23: +0,1701039600
0.136,1,Nov 27 2023 02: +0,1701050400
0.131,1,Nov 27 2023 06: +0,1701064800
0.122,1,Nov 27 2023 07: +0,1701068400
0.131,1,Nov 27 2023 08: +0,1701072000
0.116,2,Nov 27 2023 11: +0,1701082800
0.129,1,Nov 27 2023 13: +0,1701090000
0.13,1,Nov 27 2023 14: +0,1701093600
0.103,2,Nov 27 2023 15: +0,1701097200
0.11,1,Nov 27 2023 17: +0,1701104400
0.13,1,Nov 27 2023 18: +0,1701108000
0.12,1,Nov 27 2023 19: +0,1701111600
0.11,2,Nov 27 2023 20: +0,1701115200
0.117,3,Nov 27 2023 21: +0,1701118800
0.131,6,Nov 27 2023 22: +0,1701122400
0.1,1,Nov 28 2023 02: +0,1701136800
0.132,1,Nov 28 2023 03: +0,1701140400
0.136,5,Nov 28 2023 06: +0,1701151200
0.073,1,Nov 28 2023 07: +0,1701154800
0.113,1,Nov 28 2023 08: +0,1701158400
0.096,2,Nov 28 2023 09: +0,1701162000
0.112,1,Nov 28 2023 11: +0,1701169200
0.12,3,Nov 28 2023 16: +0,1701187200
0.121,1,Nov 28 2023 17: +0,1701190800
0.111,4,Nov 28 2023 18: +0,1701194400
0.119,1,Nov 28 2023 20: +0,1701201600
0.126,2,Nov 28 2023 22: +0,1701208800
0.112,6,Nov 28 2023 23: +0,1701212400
0.112,4,Nov 29 2023 00: +0,1701216000
0.105,3,Nov 29 2023 03: +0,1701226800
0.121,3,Nov 29 2023 09: +0,1701248400
0.112,1,Nov 29 2023 11: +0,1701255600
0.114,7,Nov 29 2023 13: +0,1701262800
0.132,7,Nov 29 2023 16: +0,1701273600
0.126,1,Nov 29 2023 17: +0,1701277200
0.09,3,Nov 29 2023 21: +0,1701291600
0.081,1,Nov 29 2023 23: +0,1701298800
0.121,1,Nov 30 2023 01: +0,1701306000
0.136,5,Nov 30 2023 03: +0,1701313200
0.136,1,Nov 30 2023 04: +0,1701316800
0.128,1,Nov 30 2023 08: +0,1701331200
0.09,1,Nov 30 2023 12: +0,1701345600
0.104,3,Nov 30 2023 14: +0,1701352800
0.117,2,Nov 30 2023 16: +0,1701360000
0.102,1,Nov 30 2023 17: +0,1701363600
0.118,3,Nov 30 2023 18: +0,1701367200
0.128,2,Nov 30 2023 19: +0,1701370800
0.129,1,Nov 30 2023 21: +0,1701378000
0.128,1,Nov 30 2023 22: +0,1701381600
0.112,1,Nov 30 2023 23: +0,1701385200
0.119,1,Dec 01 2023 08: +0,1701417600
0.129,1,Dec 01 2023 10: +0,1701424800
0.106,1,Dec 01 2023 11: +0,1701428400
0.121,2,Dec 01 2023 12: +0,1701432000
0.129,1,Dec 01 2023 14: +0,1701439200
0.128,1,Dec 01 2023 15: +0,1701442800
0.117,2,Dec 01 2023 16: +0,1701446400
0.111,1,Dec 01 2023 17: +0,1701450000
0.122,1,Dec 01 2023 18: +0,1701453600
0.129,3,Dec 01 2023 19: +0,1701457200
0.13,4,Dec 01 2023 20: +0,1701460800
0.11,1,Dec 01 2023 21: +0,1701464400
0.132,2,Dec 02 2023 00: +0,1701475200
0.136,1,Dec 02 2023 01: +0,1701478800
0.097,1,Dec 02 2023 02: +0,1701482400
0.128,1,Dec 02 2023 03: +0,1701486000
0.136,1,Dec 02 2023 04: +0,1701489600
0.121,2,Dec 02 2023 06: +0,1701496800
0.136,1,Dec 02 2023 08: +0,1701504000
0.13,3,Dec 02 2023 09: +0,1701507600
0.129,1,Dec 02 2023 10: +0,1701511200
0.106,1,Dec 02 2023 11: +0,1701514800
0.117,2,Dec 02 2023 12: +0,1701518400
0.139,1,Dec 02 2023 14: +0,1701525600
0.13,1,Dec 02 2023 15: +0,1701529200
0.13,3,Dec 02 2023 16: +0,1701532800
0.131,1,Dec 02 2023 17: +0,1701536400
0.131,2,Dec 02 2023 18: +0,1701540000
0.132,1,Dec 02 2023 19: +0,1701543600
0.133,2,Dec 02 2023 20: +0,1701547200
0.136,3,Dec 02 2023 21: +0,1701550800
0.135,2,Dec 02 2023 22: +0,1701554400
0.089,2,Dec 03 2023 00: +0,1701561600
0.124,1,Dec 03 2023 03: +0,1701572400
0.136,1,Dec 03 2023 04: +0,1701576000
0.128,1,Dec 03 2023 09: +0,1701594000
0.11,1,Dec 03 2023 10: +0,1701597600
0.092,1,Dec 03 2023 11: +0,1701601200
0.054,1,Dec 03 2023 14: +0,1701612000
0.121,3,Dec 03 2023 15: +0,1701615600
0.13,5,Dec 03 2023 16: +0,1701619200
0.118,2,Dec 03 2023 20: +0,1701633600
0.132,7,Dec 03 2023 21: +0,1701637200
0.12,1,Dec 03 2023 23: +0,1701644400
0.113,4,Dec 04 2023 00: +0,1701648000
0.105,1,Dec 04 2023 01: +0,1701651600
0.105,1,Dec 04 2023 04: +0,1701662400
0.115,1,Dec 04 2023 08: +0,1701676800
0.088,1,Dec 04 2023 09: +0,1701680400
0.119,1,Dec 04 2023 11: +0,1701687600
0.11,2,Dec 04 2023 14: +0,1701698400
0.097,1,Dec 04 2023 15: +0,1701702000
0.11,1,Dec 04 2023 16: +0,1701705600
0.128,4,Dec 04 2023 18: +0,1701712800
0.125,2,Dec 04 2023 20: +0,1701720000
0.135,4,Dec 04 2023 21: +0,1701723600
0.106,1,Dec 04 2023 22: +0,1701727200
0.138,1,Dec 04 2023 23: +0,1701730800
0.138,2,Dec 05 2023 01: +0,1701738000
0.132,4,Dec 05 2023 05: +0,1701752400
0.119,1,Dec 05 2023 07: +0,1701759600
0.129,1,Dec 05 2023 10: +0,1701770400
0.113,1,Dec 05 2023 12: +0,1701777600
0.113,1,Dec 05 2023 13: +0,1701781200
0.105,4,Dec 05 2023 15: +0,1701788400
0.11,3,Dec 05 2023 16: +0,1701792000
0.109,2,Dec 05 2023 17: +0,1701795600
0.12,1,Dec 05 2023 18: +0,1701799200
0.129,3,Dec 05 2023 19: +0,1701802800
0.107,1,Dec 05 2023 20: +0,1701806400
0.12,1,Dec 06 2023 01: +0,1701824400
0.12,1,Dec 06 2023 03: +0,1701831600
0.119,2,Dec 06 2023 07: +0,1701846000
0.121,4,Dec 06 2023 09: +0,1701853200
0.128,2,Dec 06 2023 11: +0,1701860400
0.111,1,Dec 06 2023 13: +0,1701867600
0.13,1,Dec 06 2023 14: +0,1701871200
0.131,5,Dec 06 2023 15: +0,1701874800
0.089,1,Dec 06 2023 17: +0,1701882000
0.138,3,Dec 06 2023 18: +0,1701885600
0.132,3,Dec 06 2023 19: +0,1701889200
0.138,5,Dec 06 2023 20: +0,1701892800
0.13,1,Dec 06 2023 23: +0,1701903600
0.132,5,Dec 07 2023 00: +0,1701907200
0.111,2,Dec 07 2023 03: +0,1701918000
0.136,1,Dec 07 2023 06: +0,1701928800
0.098,2,Dec 07 2023 11: +0,1701946800
0.12,1,Dec 07 2023 14: +0,1701957600
0.136,1,Dec 07 2023 15: +0,1701961200
0.073,1,Dec 07 2023 16: +0,1701964800
0.138,3,Dec 07 2023 17: +0,1701968400
0.123,2,Dec 07 2023 19: +0,1701975600
0.115,2,Dec 07 2023 20: +0,1701979200
0.128,1,Dec 07 2023 21: +0,1701982800
0.131,1,Dec 07 2023 22: +0,1701986400
0.134,2,Dec 07 2023 23: +0,1701990000
0.136,1,Dec 08 2023 01: +0,1701997200
0.136,5,Dec 08 2023 02: +0,1702000800
0.132,1,Dec 08 2023 04: +0,1702008000
0.128,1,Dec 08 2023 07: +0,1702018800
0.098,3,Dec 08 2023 08: +0,1702022400
0.128,2,Dec 08 2023 09: +0,1702026000
0.129,1,Dec 08 2023 11: +0,1702033200
0.12,1,Dec 08 2023 12: +0,1702036800
0.129,1,Dec 08 2023 13: +0,1702040400
0.109,1,Dec 08 2023 14: +0,1702044000
0.123,2,Dec 08 2023 15: +0,1702047600
0.131,2,Dec 08 2023 16: +0,1702051200
0.131,1,Dec 08 2023 18: +0,1702058400
0.136,4,Dec 08 2023 19: +0,1702062000
0.136,1,Dec 08 2023 20: +0,1702065600
0.104,4,Dec 08 2023 22: +0,1702072800
0.118,2,Dec 08 2023 23: +0,1702076400
0.129,2,Dec 09 2023 00: +0,1702080000
0.129,3,Dec 09 2023 01: +0,1702083600
0.129,1,Dec 09 2023 02: +0,1702087200
0.105,1,Dec 09 2023 04: +0,1702094400
0.131,4,Dec 09 2023 05: +0,1702098000
0.124,2,Dec 09 2023 06: +0,1702101600
0.109,2,Dec 09 2023 07: +0,1702105200
0.144,28,Dec 09 2023 08: +0,1702108800
0.113,4,Dec 09 2023 10: +0,1702116000
0.132,1,Dec 09 2023 12: +0,1702123200
0.121,4,Dec 09 2023 14: +0,1702130400
0.126,4,Dec 09 2023 15: +0,1702134000
0.113,1,Dec 09 2023 16: +0,1702137600
0.096,1,Dec 09 2023 18: +0,1702144800
0.117,2,Dec 09 2023 19: +0,1702148400
0.101,2,Dec 09 2023 20: +0,1702152000
0.118,2,Dec 09 2023 21: +0,1702155600
0.114,2,Dec 09 2023 22: +0,1702159200
0.134,2,Dec 09 2023 23: +0,1702162800
0.14,1,Dec 10 2023 04: +0,1702180800
0.136,1,Dec 10 2023 06: +0,1702188000
0.121,1,Dec 10 2023 07: +0,1702191600
0.128,1,Dec 10 2023 10: +0,1702202400
0.137,1,Dec 10 2023 11: +0,1702206000
0.113,1,Dec 10 2023 12: +0,1702209600
0.109,1,Dec 10 2023 13: +0,1702213200
0.109,2,Dec 10 2023 14: +0,1702216800
0.133,5,Dec 10 2023 17: +0,1702227600
0.133,1,Dec 10 2023 18: +0,1702231200
0.134,6,Dec 10 2023 21: +0,1702242000
0.111,1,Dec 10 2023 23: +0,1702249200
0.111,3,Dec 11 2023 01: +0,1702256400
0.136,2,Dec 11 2023 02: +0,1702260000
0.11,7,Dec 11 2023 05: +0,1702270800
0.103,1,Dec 11 2023 06: +0,1702274400
0.109,2,Dec 11 2023 07: +0,1702278000
0.098,1,Dec 11 2023 09: +0,1702285200
0.125,1,Dec 11 2023 11: +0,1702292400
0.133,1,Dec 11 2023 13: +0,1702299600
0.132,1,Dec 11 2023 15: +0,1702306800
0.111,1,Dec 11 2023 16: +0,1702310400
0.133,2,Dec 11 2023 17: +0,1702314000
0.119,1,Dec 11 2023 19: +0,1702321200
0.134,1,Dec 11 2023 20: +0,1702324800
0.131,2,Dec 11 2023 21: +0,1702328400
0.134,2,Dec 12 2023 04: +0,1702353600
0.092,2,Dec 12 2023 05: +0,1702357200
0.111,2,Dec 12 2023 08: +0,1702368000
0.133,4,Dec 12 2023 12: +0,1702382400
0.131,1,Dec 12 2023 13: +0,1702386000
0.13,1,Dec 12 2023 14: +0,1702389600
0.133,4,Dec 12 2023 17: +0,1702400400
0.136,4,Dec 12 2023 18: +0,1702404000
0.133,3,Dec 12 2023 20: +0,1702411200
0.087,1,Dec 12 2023 22: +0,1702418400
0.133,3,Dec 12 2023 23: +0,1702422000
0.136,4,Dec 13 2023 00: +0,1702425600
0.129,1,Dec 13 2023 08: +0,1702454400
0.133,3,Dec 13 2023 10: +0,1702461600
0.096,1,Dec 13 2023 11: +0,1702465200
0.088,1,Dec 13 2023 12: +0,1702468800
0.111,2,Dec 13 2023 13: +0,1702472400
0.109,1,Dec 13 2023 14: +0,1702476000
0.111,1,Dec 13 2023 15: +0,1702479600
0.111,2,Dec 13 2023 16: +0,1702483200
0.134,1,Dec 13 2023 17: +0,1702486800
0.134,4,Dec 13 2023 19: +0,1702494000
0.135,4,Dec 13 2023 20: +0,1702497600
0.133,1,Dec 13 2023 22: +0,1702504800
0.127,2,Dec 13 2023 23: +0,1702508400
0.126,1,Dec 14 2023 03: +0,1702522800
0.129,2,Dec 14 2023 04: +0,1702526400
0.121,4,Dec 14 2023 06: +0,1702533600
0.132,1,Dec 14 2023 07: +0,1702537200
0.122,1,Dec 14 2023 11: +0,1702551600
0.127,2,Dec 14 2023 16: +0,1702569600
0.096,1,Dec 14 2023 17: +0,1702573200
0.122,2,Dec 14 2023 21: +0,1702587600
0.13,1,Dec 14 2023 22: +0,1702591200
0.134,3,Dec 14 2023 23: +0,1702594800
0.122,1,Dec 15 2023 00: +0,1702598400
0.126,1,Dec 15 2023 04: +0,1702612800
0.131,1,Dec 15 2023 05: +0,1702616400
0.132,1,Dec 15 2023 07: +0,1702623600
0.124,3,Dec 15 2023 08: +0,1702627200
0.106,1,Dec 15 2023 09: +0,1702630800
0.133,5,Dec 15 2023 12: +0,1702641600
0.132,1,Dec 15 2023 13: +0,1702645200
0.134,1,Dec 15 2023 14: +0,1702648800
0.139,1,Dec 15 2023 15: +0,1702652400
0.132,3,Dec 15 2023 16: +0,1702656000
0.135,2,Dec 15 2023 18: +0,1702663200
0.105,1,Dec 15 2023 19: +0,1702666800
0.127,1,Dec 15 2023 22: +0,1702677600
0.134,1,Dec 16 2023 00: +0,1702684800
0.109,1,Dec 16 2023 01: +0,1702688400
0.094,1,Dec 16 2023 03: +0,1702695600
0.124,1,Dec 16 2023 05: +0,1702702800
0.134,1,Dec 16 2023 08: +0,1702713600
0.104,1,Dec 16 2023 10: +0,1702720800
0.087,1,Dec 16 2023 11: +0,1702724400
0.134,1,Dec 16 2023 12: +0,1702728000
0.111,2,Dec 16 2023 14: +0,1702735200
0.124,1,Dec 16 2023 16: +0,1702742400
0.095,1,Dec 16 2023 17: +0,1702746000
0.118,1,Dec 16 2023 19: +0,1702753200
0.118,1,Dec 16 2023 21: +0,1702760400
0.118,1,Dec 16 2023 23: +0,1702767600
0.095,5,Dec 17 2023 00: +0,1702771200
0.098,1,Dec 17 2023 06: +0,1702792800
0.111,2,Dec 17 2023 07: +0,1702796400
0.117,1,Dec 17 2023 10: +0,1702807200
0.125,4,Dec 17 2023 11: +0,1702810800
0.121,2,Dec 17 2023 13: +0,1702818000
0.121,1,Dec 17 2023 17: +0,1702832400
0.122,3,Dec 17 2023 18: +0,1702836000
0.124,1,Dec 17 2023 20: +0,1702843200
0.119,2,Dec 17 2023 21: +0,1702846800
0.126,2,Dec 17 2023 22: +0,1702850400
0.111,1,Dec 18 2023 04: +0,1702872000
0.118,1,Dec 18 2023 09: +0,1702890000
0.12,3,Dec 18 2023 11: +0,1702897200
0.104,1,Dec 18 2023 13: +0,1702904400
0.095,1,Dec 18 2023 14: +0,1702908000
0.129,3,Dec 18 2023 15: +0,1702911600
0.126,1,Dec 18 2023 16: +0,1702915200
0.129,1,Dec 18 2023 18: +0,1702922400
0.122,2,Dec 18 2023 19: +0,1702926000
0.128,2,Dec 18 2023 20: +0,1702929600
0.124,1,Dec 18 2023 21: +0,1702933200
0.104,1,Dec 18 2023 22: +0,1702936800
0.123,2,Dec 18 2023 23: +0,1702940400
0.116,2,Dec 19 2023 01: +0,1702947600
0.132,5,Dec 19 2023 05: +0,1702962000
0.134,1,Dec 19 2023 07: +0,1702969200
0.134,3,Dec 19 2023 08: +0,1702972800
0.118,3,Dec 19 2023 11: +0,1702983600
0.106,1,Dec 19 2023 12: +0,1702987200
0.112,3,Dec 19 2023 14: +0,1702994400
0.099,1,Dec 19 2023 15: +0,1702998000
0.114,2,Dec 19 2023 16: +0,1703001600
0.109,1,Dec 19 2023 17: +0,1703005200
0.125,2,Dec 19 2023 18: +0,1703008800
0.122,3,Dec 19 2023 19: +0,1703012400
0.122,1,Dec 19 2023 20: +0,1703016000
0.134,3,Dec 19 2023 21: +0,1703019600
0.138,4,Dec 19 2023 23: +0,1703026800
0.121,1,Dec 20 2023 00: +0,1703030400
0.134,1,Dec 20 2023 03: +0,1703041200
0.133,5,Dec 20 2023 04: +0,1703044800
0.105,14,Dec 20 2023 07: +0,1703055600
0.136,1,Dec 20 2023 09: +0,1703062800
0.127,1,Dec 20 2023 12: +0,1703073600
0.105,1,Dec 20 2023 14: +0,1703080800
0.088,1,Dec 20 2023 15: +0,1703084400
0.114,1,Dec 20 2023 18: +0,1703095200
0.114,5,Dec 20 2023 20: +0,1703102400
0.105,2,Dec 20 2023 21: +0,1703106000
0.109,1,Dec 20 2023 22: +0,1703109600
0.126,9,Dec 21 2023 01: +0,1703120400
0.126,1,Dec 21 2023 03: +0,1703127600
0.128,2,Dec 21 2023 08: +0,1703145600
0.112,1,Dec 21 2023 09: +0,1703149200
0.122,1,Dec 21 2023 11: +0,1703156400
0.117,2,Dec 21 2023 12: +0,1703160000
0.108,1,Dec 21 2023 13: +0,1703163600
0.119,3,Dec 21 2023 14: +0,1703167200
0.121,1,Dec 21 2023 15: +0,1703170800
0.116,3,Dec 21 2023 17: +0,1703178000
0.125,2,Dec 21 2023 18: +0,1703181600
0.121,1,Dec 21 2023 19: +0,1703185200
0.117,2,Dec 21 2023 20: +0,1703188800
0.106,2,Dec 21 2023 21: +0,1703192400
0.094,1,Dec 21 2023 22: +0,1703196000
0.117,4,Dec 22 2023 00: +0,1703203200
0.11,1,Dec 22 2023 01: +0,1703206800
0.126,1,Dec 22 2023 05: +0,1703221200
0.11,1,Dec 22 2023 06: +0,1703224800
0.102,1,Dec 22 2023 07: +0,1703228400
0.109,2,Dec 22 2023 08: +0,1703232000
0.11,2,Dec 22 2023 09: +0,1703235600
0.118,2,Dec 22 2023 11: +0,1703242800
0.102,1,Dec 22 2023 13: +0,1703250000
0.127,1,Dec 22 2023 14: +0,1703253600
0.127,5,Dec 22 2023 15: +0,1703257200
0.126,1,Dec 22 2023 17: +0,1703264400
0.132,2,Dec 22 2023 18: +0,1703268000
0.128,1,Dec 22 2023 19: +0,1703271600
0.138,2,Dec 22 2023 20: +0,1703275200
0.122,1,Dec 22 2023 22: +0,1703282400
0.129,9,Dec 22 2023 23: +0,1703286000
0.093,1,Dec 23 2023 02: +0,1703296800
0.14,1,Dec 23 2023 05: +0,1703307600
0.122,1,Dec 23 2023 08: +0,1703318400
0.13,1,Dec 23 2023 09: +0,1703322000
0.126,1,Dec 23 2023 10: +0,1703325600
0.134,1,Dec 23 2023 12: +0,1703332800
0.13,1,Dec 23 2023 13: +0,1703336400
0.127,1,Dec 23 2023 14: +0,1703340000
0.11,3,Dec 23 2023 19: +0,1703358000
0.1,2,Dec 23 2023 20: +0,1703361600
0.126,3,Dec 23 2023 23: +0,1703372400
0.118,1,Dec 24 2023 01: +0,1703379600
0.117,1,Dec 24 2023 02: +0,1703383200
0.105,1,Dec 24 2023 09: +0,1703408400
0.12,1,Dec 24 2023 10: +0,1703412000
0.13,4,Dec 24 2023 11: +0,1703415600
0.121,2,Dec 24 2023 14: +0,1703426400
0.129,5,Dec 24 2023 15: +0,1703430000
0.126,1,Dec 24 2023 18: +0,1703440800
0.122,1,Dec 24 2023 19: +0,1703444400
0.1,1,Dec 24 2023 21: +0,1703451600
0.126,1,Dec 24 2023 22: +0,1703455200
0.109,1,Dec 25 2023 01: +0,1703466000
0.11,2,Dec 25 2023 02: +0,1703469600
0.112,3,Dec 25 2023 03: +0,1703473200
0.113,1,Dec 25 2023 06: +0,1703484000
0.115,3,Dec 25 2023 09: +0,1703494800
0.113,1,Dec 25 2023 10: +0,1703498400
0.122,1,Dec 25 2023 12: +0,1703505600
0.118,2,Dec 25 2023 15: +0,1703516400
0.124,6,Dec 25 2023 16: +0,1703520000
0.102,1,Dec 25 2023 17: +0,1703523600
0.13,5,Dec 25 2023 18: +0,1703527200
0.13,1,Dec 25 2023 22: +0,1703541600
0.111,2,Dec 26 2023 01: +0,1703552400
0.13,1,Dec 26 2023 06: +0,1703570400
0.126,5,Dec 26 2023 09: +0,1703581200
0.131,1,Dec 26 2023 11: +0,1703588400
0.138,2,Dec 26 2023 13: +0,1703595600
0.131,1,Dec 26 2023 15: +0,1703602800
0.134,2,Dec 26 2023 18: +0,1703613600
0.131,2,Dec 26 2023 19: +0,1703617200
0.139,5,Dec 26 2023 20: +0,1703620800
0.134,8,Dec 26 2023 21: +0,1703624400
0.134,1,Dec 27 2023 00: +0,1703635200
0.134,3,Dec 27 2023 05: +0,1703653200
0.13,5,Dec 27 2023 06: +0,1703656800
0.128,1,Dec 27 2023 08: +0,1703664000
0.08,3,Dec 27 2023 10: +0,1703671200
0.13,1,Dec 27 2023 11: +0,1703674800
0.126,1,Dec 27 2023 12: +0,1703678400
0.126,3,Dec 27 2023 13: +0,1703682000
0.056,1,Dec 27 2023 14: +0,1703685600
0.13,3,Dec 27 2023 15: +0,1703689200
0.081,2,Dec 27 2023 17: +0,1703696400
0.112,1,Dec 27 2023 18: +0,1703700000
0.122,1,Dec 27 2023 19: +0,1703703600
0.102,2,Dec 27 2023 20: +0,1703707200
0.11,1,Dec 27 2023 21: +0,1703710800
0.12,1,Dec 27 2023 23: +0,1703718000
0.11,1,Dec 28 2023 01: +0,1703725200
0.104,1,Dec 28 2023 03: +0,1703732400
0.11,3,Dec 28 2023 06: +0,1703743200
0.118,3,Dec 28 2023 07: +0,1703746800
0.111,1,Dec 28 2023 08: +0,1703750400
0.106,2,Dec 28 2023 10: +0,1703757600
0.134,2,Dec 28 2023 13: +0,1703768400
0.112,2,Dec 28 2023 16: +0,1703779200
0.125,1,Dec 28 2023 18: +0,1703786400
0.085,1,Dec 28 2023 19: +0,1703790000
0.122,1,Dec 28 2023 21: +0,1703797200
0.118,1,Dec 28 2023 22: +0,1703800800
0.123,1,Dec 28 2023 23: +0,1703804400
0.128,1,Dec 29 2023 00: +0,1703808000
0.127,1,Dec 29 2023 02: +0,1703815200
0.134,4,Dec 29 2023 06: +0,1703829600
0.111,2,Dec 29 2023 10: +0,1703844000
0.105,1,Dec 29 2023 13: +0,1703854800
0.126,1,Dec 29 2023 15: +0,1703862000
0.126,1,Dec 29 2023 18: +0,1703872800
0.131,2,Dec 29 2023 19: +0,1703876400
0.117,2,Dec 29 2023 22: +0,1703887200
0.122,1,Dec 29 2023 23: +0,1703890800
0.13,1,Dec 30 2023 00: +0,1703894400
0.118,1,Dec 30 2023 03: +0,1703905200
0.115,1,Dec 30 2023 06: +0,1703916000
0.127,1,Dec 30 2023 11: +0,1703934000
0.11,1,Dec 30 2023 12: +0,1703937600
0.128,8,Dec 30 2023 13: +0,1703941200
0.122,2,Dec 30 2023 15: +0,1703948400
0.132,2,Dec 30 2023 16: +0,1703952000
0.13,1,Dec 30 2023 17: +0,1703955600
0.128,1,Dec 30 2023 18: +0,1703959200
0.118,1,Dec 30 2023 19: +0,1703962800
0.1,1,Dec 30 2023 21: +0,1703970000
0.12,1,Dec 30 2023 23: +0,1703977200
0.104,1,Dec 31 2023 00: +0,1703980800
0.13,1,Dec 31 2023 01: +0,1703984400
0.122,2,Dec 31 2023 06: +0,1704002400
0.126,1,Dec 31 2023 09: +0,1704013200
0.125,2,Dec 31 2023 14: +0,1704031200
0.092,19,Dec 31 2023 16: +0,1704038400
0.111,1,Dec 31 2023 19: +0,1704049200
0.117,1,Dec 31 2023 20: +0,1704052800
0.119,1,Dec 31 2023 21: +0,1704056400
0.134,3,Dec 31 2023 23: +0,1704063600
0.118,1,Jan 01 2024 02: +0,1704074400
0.123,2,Jan 01 2024 04: +0,1704081600
0.123,2,Jan 01 2024 07: +0,1704092400
0.123,1,Jan 01 2024 10: +0,1704103200
0.123,2,Jan 01 2024 12: +0,1704110400
0.129,5,Jan 01 2024 14: +0,1704117600
0.11,1,Jan 01 2024 15: +0,1704121200
0.13,1,Jan 01 2024 16: +0,1704124800
0.103,6,Jan 01 2024 17: +0,1704128400
0.13,1,Jan 01 2024 18: +0,1704132000
0.09,1,Jan 01 2024 19: +0,1704135600
0.125,1,Jan 01 2024 20: +0,1704139200
0.12,2,Jan 01 2024 21: +0,1704142800
0.104,1,Jan 01 2024 22: +0,1704146400
0.13,1,Jan 01 2024 23: +0,1704150000
0.126,2,Jan 02 2024 03: +0,1704164400
0.126,2,Jan 02 2024 04: +0,1704168000
0.102,2,Jan 02 2024 06: +0,1704175200
0.09,1,Jan 02 2024 07: +0,1704178800
0.108,1,Jan 02 2024 09: +0,1704186000
0.087,1,Jan 02 2024 11: +0,1704193200
0.12,1,Jan 02 2024 12: +0,1704196800
0.104,1,Jan 02 2024 13: +0,1704200400
0.095,4,Jan 02 2024 16: +0,1704211200
0.131,1,Jan 02 2024 17: +0,1704214800
0.122,3,Jan 02 2024 20: +0,1704225600
0.13,1,Jan 02 2024 21: +0,1704229200
0.111,2,Jan 02 2024 22: +0,1704232800
0.125,1,Jan 03 2024 00: +0,1704240000
0.126,1,Jan 03 2024 01: +0,1704243600
0.103,1,Jan 03 2024 02: +0,1704247200
0.126,1,Jan 03 2024 05: +0,1704258000
0.1,1,Jan 03 2024 06: +0,1704261600
0.128,1,Jan 03 2024 07: +0,1704265200
0.091,1,Jan 03 2024 09: +0,1704272400
0.106,2,Jan 03 2024 10: +0,1704276000
0.109,1,Jan 03 2024 11: +0,1704279600
0.106,2,Jan 03 2024 12: +0,1704283200
0.086,1,Jan 03 2024 15: +0,1704294000
0.128,2,Jan 03 2024 16: +0,1704297600
0.129,3,Jan 03 2024 17: +0,1704301200
0.128,3,Jan 03 2024 19: +0,1704308400
0.134,5,Jan 03 2024 20: +0,1704312000
0.129,3,Jan 03 2024 21: +0,1704315600
0.127,1,Jan 03 2024 22: +0,1704319200
0.119,1,Jan 03 2024 23: +0,1704322800
0.123,2,Jan 04 2024 00: +0,1704326400
0.129,1,Jan 04 2024 02: +0,1704333600
0.129,1,Jan 04 2024 03: +0,1704337200
0.126,1,Jan 04 2024 05: +0,1704344400
0.125,4,Jan 04 2024 07: +0,1704351600
0.1,3,Jan 04 2024 09: +0,1704358800
0.107,4,Jan 04 2024 10: +0,1704362400
0.107,4,Jan 04 2024 11: +0,1704366000
0.107,3,Jan 04 2024 12: +0,1704369600
0.115,4,Jan 04 2024 13: +0,1704373200
0.085,1,Jan 04 2024 17: +0,1704387600
0.106,4,Jan 04 2024 19: +0,1704394800
0.112,1,Jan 04 2024 20: +0,1704398400
0.118,1,Jan 04 2024 23: +0,1704409200
0.109,3,Jan 05 2024 00: +0,1704412800
0.126,1,Jan 05 2024 02: +0,1704420000
0.125,4,Jan 05 2024 04: +0,1704427200
0.126,4,Jan 05 2024 07: +0,1704438000
0.126,2,Jan 05 2024 09: +0,1704445200
0.126,2,Jan 05 2024 11: +0,1704452400
0.102,1,Jan 05 2024 12: +0,1704456000
0.127,16,Jan 05 2024 14: +0,1704463200
0.127,1,Jan 05 2024 15: +0,1704466800
0.122,2,Jan 05 2024 17: +0,1704474000
0.127,1,Jan 05 2024 18: +0,1704477600
0.102,1,Jan 05 2024 19: +0,1704481200
0.107,1,Jan 05 2024 21: +0,1704488400
0.125,3,Jan 05 2024 22: +0,1704492000
0.134,1,Jan 06 2024 01: +0,1704502800
0.129,1,Jan 06 2024 02: +0,1704506400
0.119,2,Jan 06 2024 03: +0,1704510000
0.125,1,Jan 06 2024 04: +0,1704513600
0.126,1,Jan 06 2024 08: +0,1704528000
0.129,1,Jan 06 2024 09: +0,1704531600
0.117,2,Jan 06 2024 11: +0,1704538800
0.122,1,Jan 06 2024 13: +0,1704546000
0.124,2,Jan 06 2024 14: +0,1704549600
0.129,3,Jan 06 2024 15: +0,1704553200
0.121,2,Jan 06 2024 18: +0,1704564000
0.126,2,Jan 06 2024 19: +0,1704567600
0.134,5,Jan 06 2024 20: +0,1704571200
0.121,2,Jan 06 2024 22: +0,1704578400
0.129,2,Jan 06 2024 23: +0,1704582000
0.114,1,Jan 07 2024 02: +0,1704592800
0.124,1,Jan 07 2024 03: +0,1704596400
0.126,2,Jan 07 2024 07: +0,1704610800
0.102,1,Jan 07 2024 08: +0,1704614400
0.126,3,Jan 07 2024 09: +0,1704618000
0.119,2,Jan 07 2024 11: +0,1704625200
0.12,1,Jan 07 2024 14: +0,1704636000
0.108,1,Jan 07 2024 16: +0,1704643200
0.088,3,Jan 07 2024 17: +0,1704646800
0.127,1,Jan 07 2024 19: +0,1704654000
0.134,3,Jan 07 2024 20: +0,1704657600
0.106,1,Jan 07 2024 22: +0,1704664800
0.126,1,Jan 08 2024 00: +0,1704672000
0.126,3,Jan 08 2024 03: +0,1704682800
0.126,1,Jan 08 2024 05: +0,1704690000
0.119,2,Jan 08 2024 09: +0,1704704400
0.126,2,Jan 08 2024 10: +0,1704708000
0.126,1,Jan 08 2024 11: +0,1704711600
0.127,1,Jan 08 2024 12: +0,1704715200
0.128,4,Jan 08 2024 13: +0,1704718800
0.127,5,Jan 08 2024 14: +0,1704722400
0.126,3,Jan 08 2024 16: +0,1704729600
0.127,1,Jan 08 2024 18: +0,1704736800
0.134,3,Jan 08 2024 19: +0,1704740400
0.127,2,Jan 08 2024 20: +0,1704744000
0.126,2,Jan 08 2024 23: +0,1704754800
0.128,2,Jan 09 2024 00: +0,1704758400
0.119,1,Jan 09 2024 01: +0,1704762000
0.128,1,Jan 09 2024 03: +0,1704769200
0.134,3,Jan 09 2024 04: +0,1704772800
0.129,1,Jan 09 2024 06: +0,1704780000
0.122,2,Jan 09 2024 08: +0,1704787200
0.128,1,Jan 09 2024 11: +0,1704798000
0.121,2,Jan 09 2024 13: +0,1704805200
0.121,2,Jan 09 2024 14: +0,1704808800
0.107,1,Jan 09 2024 15: +0,1704812400
0.104,1,Jan 09 2024 16: +0,1704816000
0.107,2,Jan 09 2024 17: +0,1704819600
0.121,1,Jan 09 2024 19: +0,1704826800
0.123,1,Jan 09 2024 22: +0,1704837600
0.129,3,Jan 09 2024 23: +0,1704841200
0.129,1,Jan 10 2024 00: +0,1704844800
0.109,1,Jan 10 2024 02: +0,1704852000
0.129,1,Jan 10 2024 03: +0,1704855600
0.126,1,Jan 10 2024 08: +0,1704873600
0.1,1,Jan 10 2024 09: +0,1704877200
0.126,1,Jan 10 2024 11: +0,1704884400
0.109,1,Jan 10 2024 13: +0,1704891600
0.119,2,Jan 10 2024 14: +0,1704895200
0.109,3,Jan 10 2024 15: +0,1704898800
0.13,2,Jan 10 2024 16: +0,1704902400
0.107,2,Jan 10 2024 18: +0,1704909600
0.112,2,Jan 10 2024 20: +0,1704916800
0.129,3,Jan 10 2024 21: +0,1704920400
0.102,1,Jan 10 2024 22: +0,1704924000
0.119,1,Jan 11 2024 01: +0,1704934800
0.128,2,Jan 11 2024 02: +0,1704938400
0.134,2,Jan 11 2024 03: +0,1704942000
0.134,1,Jan 11 2024 04: +0,1704945600
0.129,1,Jan 11 2024 12: +0,1704974400
0.128,2,Jan 11 2024 13: +0,1704978000
0.116,2,Jan 11 2024 15: +0,1704985200
0.128,2,Jan 11 2024 17: +0,1704992400
0.128,1,Jan 11 2024 18: +0,1704996000
0.104,1,Jan 11 2024 19: +0,1704999600
0.096,3,Jan 11 2024 20: +0,1705003200
0.129,1,Jan 11 2024 21: +0,1705006800
0.13,4,Jan 11 2024 22: +0,1705010400
0.129,1,Jan 11 2024 23: +0,1705014000
0.12,2,Jan 12 2024 00: +0,1705017600
0.104,1,Jan 12 2024 02: +0,1705024800
0.13,1,Jan 12 2024 03: +0,1705028400
0.127,1,Jan 12 2024 08: +0,1705046400
0.129,4,Jan 12 2024 11: +0,1705057200
0.127,1,Jan 12 2024 14: +0,1705068000
0.129,4,Jan 12 2024 15: +0,1705071600
0.125,1,Jan 12 2024 18: +0,1705082400
0.131,2,Jan 12 2024 19: +0,1705086000
0.129,1,Jan 12 2024 20: +0,1705089600
0.134,2,Jan 12 2024 21: +0,1705093200
0.129,1,Jan 12 2024 22: +0,1705096800
0.1,4,Jan 12 2024 23: +0,1705100400
0.13,2,Jan 13 2024 01: +0,1705107600
0.124,2,Jan 13 2024 07: +0,1705129200
0.133,1,Jan 13 2024 11: +0,1705143600
0.13,1,Jan 13 2024 13: +0,1705150800
0.117,2,Jan 13 2024 14: +0,1705154400
0.119,1,Jan 13 2024 15: +0,1705158000
0.132,2,Jan 13 2024 16: +0,1705161600
0.131,1,Jan 13 2024 18: +0,1705168800
0.131,2,Jan 13 2024 19: +0,1705172400
0.13,3,Jan 13 2024 20: +0,1705176000
0.13,2,Jan 13 2024 22: +0,1705183200
0.132,2,Jan 14 2024 03: +0,1705201200
0.134,3,Jan 14 2024 06: +0,1705212000
0.13,1,Jan 14 2024 08: +0,1705219200
0.11,1,Jan 14 2024 10: +0,1705226400
0.13,1,Jan 14 2024 12: +0,1705233600
0.119,1,Jan 14 2024 13: +0,1705237200
0.13,2,Jan 14 2024 15: +0,1705244400
0.13,1,Jan 14 2024 16: +0,1705248000
0.131,1,Jan 14 2024 17: +0,1705251600
0.11,1,Jan 14 2024 18: +0,1705255200
0.107,1,Jan 14 2024 20: +0,1705262400
0.119,1,Jan 14 2024 21: +0,1705266000
0.134,4,Jan 15 2024 00: +0,1705276800
0.116,1,Jan 15 2024 02: +0,1705284000
0.134,1,Jan 15 2024 03: +0,1705287600
0.131,3,Jan 15 2024 05: +0,1705294800
0.13,1,Jan 15 2024 09: +0,1705309200
0.13,1,Jan 15 2024 12: +0,1705320000
0.127,1,Jan 15 2024 15: +0,1705330800
0.13,1,Jan 15 2024 16: +0,1705334400
0.122,2,Jan 15 2024 17: +0,1705338000
0.11,1,Jan 15 2024 19: +0,1705345200
0.129,2,Jan 15 2024 20: +0,1705348800
0.121,1,Jan 15 2024 21: +0,1705352400
0.13,1,Jan 15 2024 22: +0,1705356000
0.131,3,Jan 15 2024 23: +0,1705359600
0.1,2,Jan 16 2024 01: +0,1705366800
0.127,7,Jan 16 2024 08: +0,1705392000
0.13,7,Jan 16 2024 10: +0,1705399200
0.13,1,Jan 16 2024 13: +0,1705410000
0.104,3,Jan 16 2024 14: +0,1705413600
0.122,1,Jan 16 2024 17: +0,1705424400
0.117,2,Jan 16 2024 18: +0,1705428000
0.13,1,Jan 16 2024 19: +0,1705431600
0.125,1,Jan 16 2024 22: +0,1705442400
0.118,1,Jan 16 2024 23: +0,1705446000
0.128,1,Jan 17 2024 01: +0,1705453200
0.129,1,Jan 17 2024 03: +0,1705460400
0.107,1,Jan 17 2024 08: +0,1705478400
0.129,2,Jan 17 2024 10: +0,1705485600
0.125,1,Jan 17 2024 12: +0,1705492800
0.127,3,Jan 17 2024 13: +0,1705496400
0.11,9,Jan 17 2024 15: +0,1705503600
0.129,1,Jan 17 2024 16: +0,1705507200
0.115,2,Jan 17 2024 18: +0,1705514400
0.126,1,Jan 17 2024 19: +0,1705518000
0.104,3,Jan 17 2024 20: +0,1705521600
0.118,2,Jan 17 2024 21: +0,1705525200
0.129,2,Jan 17 2024 22: +0,1705528800
0.132,4,Jan 18 2024 02: +0,1705543200
0.128,2,Jan 18 2024 04: +0,1705550400
0.128,1,Jan 18 2024 07: +0,1705561200
0.12,2,Jan 18 2024 09: +0,1705568400
0.124,2,Jan 18 2024 10: +0,1705572000
0.128,3,Jan 18 2024 11: +0,1705575600
0.122,2,Jan 18 2024 14: +0,1705586400
0.128,8,Jan 18 2024 16: +0,1705593600
0.127,1,Jan 18 2024 19: +0,1705604400
0.126,5,Jan 18 2024 22: +0,1705615200
0.134,1,Jan 19 2024 01: +0,1705626000
0.128,1,Jan 19 2024 04: +0,1705636800
0.128,11,Jan 19 2024 05: +0,1705640400
0.116,2,Jan 19 2024 11: +0,1705662000
0.109,1,Jan 19 2024 12: +0,1705665600
0.118,1,Jan 19 2024 14: +0,1705672800
0.118,1,Jan 19 2024 15: +0,1705676400
0.118,2,Jan 19 2024 16: +0,1705680000
0.129,3,Jan 19 2024 17: +0,1705683600
0.128,1,Jan 19 2024 18: +0,1705687200
0.128,4,Jan 19 2024 19: +0,1705690800
0.132,2,Jan 19 2024 20: +0,1705694400
0.128,3,Jan 19 2024 21: +0,1705698000
0.128,1,Jan 19 2024 22: +0,1705701600
0.1,4,Jan 20 2024 00: +0,1705708800
0.128,1,Jan 20 2024 02: +0,1705716000
0.079,2,Jan 20 2024 05: +0,1705726800
0.116,1,Jan 20 2024 06: +0,1705730400
0.106,1,Jan 20 2024 07: +0,1705734000
0.1,1,Jan 20 2024 09: +0,1705741200
0.108,1,Jan 20 2024 10: +0,1705744800
0.127,1,Jan 20 2024 11: +0,1705748400
0.118,1,Jan 20 2024 12: +0,1705752000
0.129,1,Jan 20 2024 13: +0,1705755600
0.079,3,Jan 20 2024 14: +0,1705759200
0.126,1,Jan 20 2024 15: +0,1705762800
0.129,1,Jan 20 2024 16: +0,1705766400
0.128,5,Jan 20 2024 17: +0,1705770000
0.116,2,Jan 20 2024 18: +0,1705773600
0.103,3,Jan 20 2024 19: +0,1705777200
0.106,2,Jan 20 2024 20: +0,1705780800
0.109,2,Jan 20 2024 21: +0,1705784400
0.127,5,Jan 20 2024 22: +0,1705788000
0.127,1,Jan 20 2024 23: +0,1705791600
0.127,1,Jan 21 2024 02: +0,1705802400
0.139,1,Jan 21 2024 03: +0,1705806000
0.134,1,Jan 21 2024 04: +0,1705809600
0.134,1,Jan 21 2024 06: +0,1705816800
0.128,1,Jan 21 2024 07: +0,1705820400
0.128,1,Jan 21 2024 08: +0,1705824000
0.128,5,Jan 21 2024 11: +0,1705834800
0.134,3,Jan 21 2024 13: +0,1705842000
0.113,2,Jan 21 2024 14: +0,1705845600
0.114,1,Jan 21 2024 16: +0,1705852800
0.126,4,Jan 21 2024 17: +0,1705856400
0.114,1,Jan 21 2024 18: +0,1705860000
0.127,2,Jan 21 2024 19: +0,1705863600
0.128,1,Jan 21 2024 20: +0,1705867200
0.126,2,Jan 22 2024 00: +0,1705881600
0.134,5,Jan 22 2024 02: +0,1705888800
0.116,4,Jan 22 2024 04: +0,1705896000
0.122,2,Jan 22 2024 07: +0,1705906800
0.11,3,Jan 22 2024 09: +0,1705914000
0.128,2,Jan 22 2024 10: +0,1705917600
0.115,2,Jan 22 2024 12: +0,1705924800
0.128,3,Jan 22 2024 15: +0,1705935600
0.126,1,Jan 22 2024 17: +0,1705942800
0.127,1,Jan 22 2024 18: +0,1705946400
0.117,2,Jan 22 2024 20: +0,1705953600
0.12,1,Jan 22 2024 22: +0,1705960800
0.129,1,Jan 23 2024 00: +0,1705968000
0.115,1,Jan 23 2024 01: +0,1705971600
0.117,2,Jan 23 2024 08: +0,1705996800
0.121,2,Jan 23 2024 12: +0,1706011200
0.129,1,Jan 23 2024 15: +0,1706022000
0.112,2,Jan 23 2024 18: +0,1706032800
0.109,2,Jan 23 2024 20: +0,1706040000
0.112,2,Jan 23 2024 22: +0,1706047200
0.114,1,Jan 24 2024 02: +0,1706061600
0.12,1,Jan 24 2024 04: +0,1706068800
0.114,1,Jan 24 2024 05: +0,1706072400
0.118,1,Jan 24 2024 09: +0,1706086800
0.123,3,Jan 24 2024 10: +0,1706090400
0.111,1,Jan 24 2024 13: +0,1706101200
0.111,1,Jan 24 2024 14: +0,1706104800
0.121,1,Jan 24 2024 16: +0,1706112000
0.125,1,Jan 24 2024 17: +0,1706115600
0.117,1,Jan 24 2024 19: +0,1706122800
0.12,1,Jan 24 2024 20: +0,1706126400
0.115,2,Jan 24 2024 21: +0,1706130000
0.126,2,Jan 24 2024 22: +0,1706133600
0.128,2,Jan 25 2024 00: +0,1706140800
0.12,1,Jan 25 2024 03: +0,1706151600
0.134,1,Jan 25 2024 05: +0,1706158800
0.141,1,Jan 25 2024 08: +0,1706169600
0.128,1,Jan 25 2024 09: +0,1706173200
0.108,1,Jan 25 2024 12: +0,1706184000
0.11,1,Jan 25 2024 13: +0,1706187600
0.123,3,Jan 25 2024 15: +0,1706194800
0.124,1,Jan 25 2024 16: +0,1706198400
0.124,5,Jan 25 2024 17: +0,1706202000
0.124,1,Jan 25 2024 18: +0,1706205600
0.11,1,Jan 25 2024 19: +0,1706209200
0.106,3,Jan 25 2024 20: +0,1706212800
0.112,1,Jan 25 2024 21: +0,1706216400
0.124,3,Jan 25 2024 22: +0,1706220000
0.126,2,Jan 25 2024 23: +0,1706223600
0.091,3,Jan 26 2024 00: +0,1706227200
0.134,4,Jan 26 2024 05: +0,1706245200
0.126,7,Jan 26 2024 11: +0,1706266800
0.128,4,Jan 26 2024 13: +0,1706274000
0.126,2,Jan 26 2024 15: +0,1706281200
0.129,2,Jan 26 2024 16: +0,1706284800
0.128,1,Jan 26 2024 18: +0,1706292000
0.128,1,Jan 26 2024 19: +0,1706295600
0.097,1,Jan 26 2024 20: +0,1706299200
0.095,1,Jan 26 2024 21: +0,1706302800
0.112,1,Jan 26 2024 22: +0,1706306400
0.106,1,Jan 27 2024 00: +0,1706313600
0.102,2,Jan 27 2024 01: +0,1706317200
0.106,1,Jan 27 2024 05: +0,1706331600
0.095,2,Jan 27 2024 06: +0,1706335200
0.097,1,Jan 27 2024 07: +0,1706338800
0.107,3,Jan 27 2024 09: +0,1706346000
0.122,1,Jan 27 2024 13: +0,1706360400
0.122,4,Jan 27 2024 14: +0,1706364000
0.114,1,Jan 27 2024 16: +0,1706371200
0.122,5,Jan 27 2024 19: +0,1706382000
0.122,1,Jan 27 2024 21: +0,1706389200
0.125,4,Jan 27 2024 23: +0,1706396400
0.119,1,Jan 28 2024 01: +0,1706403600
0.128,1,Jan 28 2024 03: +0,1706410800
0.129,1,Jan 28 2024 12: +0,1706443200
0.125,4,Jan 28 2024 14: +0,1706450400
0.129,1,Jan 28 2024 15: +0,1706454000
0.121,1,Jan 28 2024 17: +0,1706461200
0.129,1,Jan 28 2024 18: +0,1706464800
0.121,1,Jan 28 2024 20: +0,1706472000
0.129,8,Jan 29 2024 00: +0,1706486400
0.126,4,Jan 29 2024 05: +0,1706504400
0.104,1,Jan 29 2024 10: +0,1706522400
0.129,1,Jan 29 2024 11: +0,1706526000
0.124,1,Jan 29 2024 12: +0,1706529600
0.125,1,Jan 29 2024 14: +0,1706536800
0.124,3,Jan 29 2024 15: +0,1706540400
0.126,1,Jan 29 2024 16: +0,1706544000
0.112,1,Jan 29 2024 17: +0,1706547600
0.127,1,Jan 29 2024 18: +0,1706551200
0.101,1,Jan 29 2024 19: +0,1706554800
0.126,1,Jan 29 2024 20: +0,1706558400
0.124,1,Jan 29 2024 21: +0,1706562000
0.126,2,Jan 29 2024 23: +0,1706569200
0.129,1,Jan 30 2024 00: +0,1706572800
0.119,1,Jan 30 2024 03: +0,1706583600
0.126,1,Jan 30 2024 04: +0,1706587200
0.127,1,Jan 30 2024 06: +0,1706594400
0.129,2,Jan 30 2024 08: +0,1706601600
0.129,1,Jan 30 2024 10: +0,1706608800
0.129,5,Jan 30 2024 13: +0,1706619600
0.118,1,Jan 30 2024 14: +0,1706623200
0.127,4,Jan 30 2024 15: +0,1706626800
0.127,2,Jan 30 2024 17: +0,1706634000
0.126,6,Jan 30 2024 21: +0,1706648400
0.129,10,Jan 30 2024 22: +0,1706652000
0.128,1,Jan 31 2024 00: +0,1706659200
0.131,1,Jan 31 2024 05: +0,1706677200
0.135,1,Jan 31 2024 06: +0,1706680800
0.106,4,Jan 31 2024 12: +0,1706702400
0.129,1,Jan 31 2024 13: +0,1706706000
0.129,4,Jan 31 2024 14: +0,1706709600
0.129,1,Jan 31 2024 17: +0,1706720400
0.12,5,Jan 31 2024 20: +0,1706731200
0.105,2,Jan 31 2024 21: +0,1706734800
0.113,4,Jan 31 2024 22: +0,1706738400
0.104,1,Feb 01 2024 02: +0,1706752800
0.121,10,Feb 01 2024 04: +0,1706760000
0.112,1,Feb 01 2024 06: +0,1706767200
0.129,2,Feb 01 2024 10: +0,1706781600
0.107,2,Feb 01 2024 13: +0,1706792400
0.127,1,Feb 01 2024 14: +0,1706796000
0.125,2,Feb 01 2024 15: +0,1706799600
0.116,1,Feb 01 2024 17: +0,1706806800
0.131,5,Feb 01 2024 18: +0,1706810400
0.13,2,Feb 01 2024 19: +0,1706814000
0.129,1,Feb 01 2024 20: +0,1706817600
0.131,1,Feb 01 2024 21: +0,1706821200
0.114,2,Feb 01 2024 22: +0,1706824800
0.131,1,Feb 02 2024 00: +0,1706832000
0.073,1,Feb 02 2024 02: +0,1706839200
0.127,2,Feb 02 2024 03: +0,1706842800
0.121,1,Feb 02 2024 04: +0,1706846400
0.135,4,Feb 02 2024 08: +0,1706860800
0.128,1,Feb 02 2024 09: +0,1706864400
0.129,1,Feb 02 2024 10: +0,1706868000
0.128,3,Feb 02 2024 13: +0,1706878800
0.095,1,Feb 02 2024 15: +0,1706886000
0.129,1,Feb 02 2024 16: +0,1706889600
0.124,2,Feb 02 2024 17: +0,1706893200
0.115,2,Feb 02 2024 18: +0,1706896800
0.128,1,Feb 02 2024 19: +0,1706900400
0.113,3,Feb 02 2024 20: +0,1706904000
0.101,1,Feb 02 2024 21: +0,1706907600
0.109,1,Feb 02 2024 22: +0,1706911200
0.129,3,Feb 03 2024 00: +0,1706918400
0.118,1,Feb 03 2024 01: +0,1706922000
0.118,1,Feb 03 2024 03: +0,1706929200
0.122,1,Feb 03 2024 06: +0,1706940000
0.129,1,Feb 03 2024 09: +0,1706950800
0.112,1,Feb 03 2024 10: +0,1706954400
0.118,2,Feb 03 2024 11: +0,1706958000
0.118,1,Feb 03 2024 12: +0,1706961600
0.112,1,Feb 03 2024 14: +0,1706968800
0.123,1,Feb 03 2024 17: +0,1706979600
0.123,1,Feb 03 2024 19: +0,1706986800
0.129,5,Feb 03 2024 20: +0,1706990400
0.079,1,Feb 03 2024 21: +0,1706994000
0.127,6,Feb 03 2024 22: +0,1706997600
0.141,1,Feb 03 2024 23: +0,1707001200
0.128,1,Feb 04 2024 00: +0,1707004800
0.128,5,Feb 04 2024 01: +0,1707008400
0.118,1,Feb 04 2024 05: +0,1707022800
0.127,5,Feb 04 2024 06: +0,1707026400
0.128,10,Feb 04 2024 11: +0,1707044400
0.087,1,Feb 04 2024 13: +0,1707051600
0.105,1,Feb 04 2024 14: +0,1707055200
0.129,2,Feb 04 2024 17: +0,1707066000
0.124,11,Feb 04 2024 19: +0,1707073200
0.129,1,Feb 04 2024 23: +0,1707087600
0.119,3,Feb 05 2024 07: +0,1707116400
0.119,1,Feb 05 2024 08: +0,1707120000
0.119,1,Feb 05 2024 09: +0,1707123600
0.119,1,Feb 05 2024 10: +0,1707127200
0.116,3,Feb 05 2024 11: +0,1707130800
0.114,1,Feb 05 2024 15: +0,1707145200
0.105,3,Feb 05 2024 17: +0,1707152400
0.099,2,Feb 05 2024 18: +0,1707156000
0.119,1,Feb 05 2024 20: +0,1707163200
0.123,4,Feb 05 2024 22: +0,1707170400
0.127,3,Feb 05 2024 23: +0,1707174000
0.127,1,Feb 06 2024 03: +0,1707188400
0.127,2,Feb 06 2024 04: +0,1707192000
0.127,1,Feb 06 2024 05: +0,1707195600
0.128,1,Feb 06 2024 06: +0,1707199200
0.127,1,Feb 06 2024 07: +0,1707202800
0.127,3,Feb 06 2024 08: +0,1707206400
0.127,1,Feb 06 2024 12: +0,1707220800
0.127,3,Feb 06 2024 14: +0,1707228000
0.127,2,Feb 06 2024 15: +0,1707231600
0.127,1,Feb 06 2024 16: +0,1707235200
0.14,1,Feb 06 2024 17: +0,1707238800
0.078,1,Feb 06 2024 18: +0,1707242400
0.126,2,Feb 06 2024 19: +0,1707246000
0.127,1,Feb 06 2024 20: +0,1707249600
0.128,1,Feb 06 2024 21: +0,1707253200
0.099,1,Feb 06 2024 22: +0,1707256800
0.127,3,Feb 07 2024 01: +0,1707267600
0.127,6,Feb 07 2024 02: +0,1707271200
0.127,19,Feb 07 2024 03: +0,1707274800
0.127,6,Feb 07 2024 04: +0,1707278400
0.128,3,Feb 07 2024 05: +0,1707282000
0.127,6,Feb 07 2024 06: +0,1707285600
0.127,14,Feb 07 2024 07: +0,1707289200
0.127,119,Feb 07 2024 08: +0,1707292800
0.127,10,Feb 07 2024 09: +0,1707296400
0.134,2,Feb 07 2024 10: +0,1707300000
0.127,13,Feb 07 2024 11: +0,1707303600
0.127,8,Feb 07 2024 12: +0,1707307200
0.136,5,Feb 07 2024 13: +0,1707310800
0.129,10,Feb 07 2024 14: +0,1707314400
0.129,5,Feb 07 2024 15: +0,1707318000
0.133,20,Feb 07 2024 16: +0,1707321600
0.13,6,Feb 07 2024 17: +0,1707325200
0.132,15,Feb 07 2024 18: +0,1707328800
0.136,16,Feb 07 2024 19: +0,1707332400
0.143,19,Feb 07 2024 20: +0,1707336000
0.167,13,Feb 07 2024 21: +0,1707339600
0.233,4,Feb 07 2024 22: +0,1707343200
0.402,7,Feb 07 2024 23: +0,1707346800
0.303,5,Feb 08 2024 01: +0,1707354000
0.191,9,Feb 08 2024 02: +0,1707357600
0.31,7,Feb 08 2024 03: +0,1707361200
0.316,4,Feb 08 2024 04: +0,1707364800
0.191,1,Feb 08 2024 06: +0,1707372000
0.186,2,Feb 08 2024 08: +0,1707379200
0.215,13,Feb 08 2024 09: +0,1707382800
0.215,10,Feb 08 2024 10: +0,1707386400
0.198,4,Feb 08 2024 11: +0,1707390000
0.204,4,Feb 08 2024 12: +0,1707393600
0.202,8,Feb 08 2024 13: +0,1707397200
0.189,4,Feb 08 2024 14: +0,1707400800
0.197,3,Feb 08 2024 15: +0,1707404400
0.197,9,Feb 08 2024 16: +0,1707408000
0.199,7,Feb 08 2024 17: +0,1707411600
0.199,12,Feb 08 2024 18: +0,1707415200
0.199,8,Feb 08 2024 19: +0,1707418800
0.199,4,Feb 08 2024 20: +0,1707422400
0.199,8,Feb 08 2024 21: +0,1707426000
0.199,10,Feb 08 2024 22: +0,1707429600
0.203,6,Feb 08 2024 23: +0,1707433200
0.201,7,Feb 09 2024 00: +0,1707436800
0.201,4,Feb 09 2024 01: +0,1707440400
0.191,1,Feb 09 2024 02: +0,1707444000
0.207,8,Feb 09 2024 03: +0,1707447600
0.207,6,Feb 09 2024 05: +0,1707454800
0.201,3,Feb 09 2024 06: +0,1707458400
0.199,10,Feb 09 2024 08: +0,1707465600
0.184,3,Feb 09 2024 09: +0,1707469200
0.2,3,Feb 09 2024 10: +0,1707472800
0.2,6,Feb 09 2024 11: +0,1707476400
0.2,6,Feb 09 2024 12: +0,1707480000
0.187,13,Feb 09 2024 13: +0,1707483600
0.186,7,Feb 09 2024 14: +0,1707487200
0.187,8,Feb 09 2024 15: +0,1707490800
0.187,6,Feb 09 2024 16: +0,1707494400
0.185,15,Feb 09 2024 17: +0,1707498000
0.181,2,Feb 09 2024 18: +0,1707501600
0.183,9,Feb 09 2024 19: +0,1707505200
0.18,7,Feb 09 2024 20: +0,1707508800
0.183,8,Feb 09 2024 21: +0,1707512400
0.182,6,Feb 09 2024 22: +0,1707516000
0.178,5,Feb 09 2024 23: +0,1707519600
0.183,7,Feb 10 2024 00: +0,1707523200
0.183,1,Feb 10 2024 01: +0,1707526800
0.183,1,Feb 10 2024 02: +0,1707530400
0.184,8,Feb 10 2024 03: +0,1707534000
0.18,8,Feb 10 2024 04: +0,1707537600
0.163,2,Feb 10 2024 05: +0,1707541200
0.183,1,Feb 10 2024 06: +0,1707544800
0.171,8,Feb 10 2024 07: +0,1707548400
0.191,7,Feb 10 2024 08: +0,1707552000
0.184,3,Feb 10 2024 09: +0,1707555600
0.191,4,Feb 10 2024 10: +0,1707559200
0.186,1,Feb 10 2024 11: +0,1707562800
0.18,4,Feb 10 2024 12: +0,1707566400
0.18,3,Feb 10 2024 13: +0,1707570000
0.179,5,Feb 10 2024 14: +0,1707573600
0.177,2,Feb 10 2024 15: +0,1707577200
0.17,1,Feb 10 2024 16: +0,1707580800
0.173,6,Feb 10 2024 17: +0,1707584400
0.17,9,Feb 10 2024 18: +0,1707588000
0.166,11,Feb 10 2024 19: +0,1707591600
0.167,7,Feb 10 2024 20: +0,1707595200
0.167,2,Feb 10 2024 21: +0,1707598800
0.167,3,Feb 10 2024 22: +0,1707602400
0.163,4,Feb 10 2024 23: +0,1707606000
0.151,10,Feb 11 2024 00: +0,1707609600
0.151,1,Feb 11 2024 01: +0,1707613200
0.149,2,Feb 11 2024 02: +0,1707616800
0.137,1,Feb 11 2024 03: +0,1707620400
0.147,7,Feb 11 2024 05: +0,1707627600
0.135,3,Feb 11 2024 06: +0,1707631200
0.143,2,Feb 11 2024 07: +0,1707634800
0.143,1,Feb 11 2024 08: +0,1707638400
0.142,1,Feb 11 2024 09: +0,1707642000
0.142,2,Feb 11 2024 10: +0,1707645600
0.142,3,Feb 11 2024 11: +0,1707649200
0.146,10,Feb 11 2024 12: +0,1707652800
0.143,5,Feb 11 2024 13: +0,1707656400
0.142,23,Feb 11 2024 14: +0,1707660000
0.139,1,Feb 11 2024 15: +0,1707663600
0.146,7,Feb 11 2024 16: +0,1707667200
0.142,2,Feb 11 2024 17: +0,1707670800
0.143,8,Feb 11 2024 18: +0,1707674400
0.139,4,Feb 11 2024 19: +0,1707678000
0.133,2,Feb 11 2024 20: +0,1707681600
0.138,5,Feb 11 2024 21: +0,1707685200
0.138,4,Feb 11 2024 22: +0,1707688800
0.129,1,Feb 11 2024 23: +0,1707692400
0.123,5,Feb 12 2024 00: +0,1707696000
0.137,7,Feb 12 2024 01: +0,1707699600
0.131,1,Feb 12 2024 02: +0,1707703200
0.131,1,Feb 12 2024 04: +0,1707710400
0.135,5,Feb 12 2024 06: +0,1707717600
0.123,4,Feb 12 2024 10: +0,1707732000
0.129,8,Feb 12 2024 12: +0,1707739200
0.132,12,Feb 12 2024 13: +0,1707742800
0.132,3,Feb 12 2024 14: +0,1707746400
0.131,3,Feb 12 2024 15: +0,1707750000
0.142,7,Feb 12 2024 16: +0,1707753600
0.142,1,Feb 12 2024 17: +0,1707757200
0.143,3,Feb 12 2024 18: +0,1707760800
0.143,5,Feb 12 2024 19: +0,1707764400
0.143,4,Feb 12 2024 20: +0,1707768000
0.126,1,Feb 12 2024 21: +0,1707771600
0.147,9,Feb 12 2024 22: +0,1707775200
0.147,1,Feb 12 2024 23: +0,1707778800
0.143,1,Feb 13 2024 00: +0,1707782400
0.145,2,Feb 13 2024 02: +0,1707789600
0.147,2,Feb 13 2024 03: +0,1707793200
0.151,5,Feb 13 2024 05: +0,1707800400
0.151,5,Feb 13 2024 07: +0,1707807600
0.148,4,Feb 13 2024 08: +0,1707811200
0.146,1,Feb 13 2024 10: +0,1707818400
0.131,2,Feb 13 2024 11: +0,1707822000
0.146,2,Feb 13 2024 12: +0,1707825600
0.147,3,Feb 13 2024 13: +0,1707829200
0.147,2,Feb 13 2024 14: +0,1707832800
0.147,2,Feb 13 2024 15: +0,1707836400
0.148,2,Feb 13 2024 16: +0,1707840000
0.147,6,Feb 13 2024 17: +0,1707843600
0.146,4,Feb 13 2024 18: +0,1707847200
0.147,6,Feb 13 2024 19: +0,1707850800
0.146,12,Feb 13 2024 20: +0,1707854400
0.149,8,Feb 13 2024 21: +0,1707858000
0.145,7,Feb 13 2024 22: +0,1707861600
0.147,3,Feb 14 2024 00: +0,1707868800
0.151,27,Feb 14 2024 01: +0,1707872400
0.151,1,Feb 14 2024 02: +0,1707876000
0.146,2,Feb 14 2024 04: +0,1707883200
0.135,2,Feb 14 2024 06: +0,1707890400
0.149,6,Feb 14 2024 07: +0,1707894000
0.147,4,Feb 14 2024 08: +0,1707897600
0.149,2,Feb 14 2024 10: +0,1707904800
0.112,5,Feb 14 2024 11: +0,1707908400
0.147,2,Feb 14 2024 12: +0,1707912000
0.147,4,Feb 14 2024 13: +0,1707915600
0.147,3,Feb 14 2024 14: +0,1707919200
0.147,4,Feb 14 2024 15: +0,1707922800
0.146,4,Feb 14 2024 16: +0,1707926400
0.147,3,Feb 14 2024 17: +0,1707930000
0.147,9,Feb 14 2024 18: +0,1707933600
0.147,5,Feb 14 2024 19: +0,1707937200
0.151,7,Feb 14 2024 20: +0,1707940800
0.147,3,Feb 14 2024 21: +0,1707944400
0.149,2,Feb 14 2024 22: +0,1707948000
0.151,5,Feb 14 2024 23: +0,1707951600
0.151,5,Feb 15 2024 00: +0,1707955200
0.092,1,Feb 15 2024 01: +0,1707958800
0.145,1,Feb 15 2024 02: +0,1707962400
0.146,2,Feb 15 2024 04: +0,1707969600
0.129,2,Feb 15 2024 05: +0,1707973200
0.131,6,Feb 15 2024 06: +0,1707976800
0.147,4,Feb 15 2024 07: +0,1707980400
0.145,4,Feb 15 2024 09: +0,1707987600
0.151,1,Feb 15 2024 10: +0,1707991200
0.146,2,Feb 15 2024 11: +0,1707994800
0.13,1,Feb 15 2024 12: +0,1707998400
0.145,6,Feb 15 2024 13: +0,1708002000
0.147,2,Feb 15 2024 14: +0,1708005600
0.147,7,Feb 15 2024 15: +0,1708009200
0.147,1,Feb 15 2024 16: +0,1708012800
0.149,8,Feb 15 2024 17: +0,1708016400
0.137,10,Feb 15 2024 18: +0,1708020000
0.147,3,Feb 15 2024 19: +0,1708023600
0.145,6,Feb 15 2024 20: +0,1708027200
0.146,4,Feb 15 2024 21: +0,1708030800
0.147,5,Feb 15 2024 22: +0,1708034400
0.145,3,Feb 15 2024 23: +0,1708038000
0.141,2,Feb 16 2024 00: +0,1708041600
0.144,2,Feb 16 2024 01: +0,1708045200
0.143,1,Feb 16 2024 03: +0,1708052400
0.143,1,Feb 16 2024 04: +0,1708056000
0.143,10,Feb 16 2024 06: +0,1708063200
0.124,4,Feb 16 2024 07: +0,1708066800
0.146,1,Feb 16 2024 10: +0,1708077600
0.138,7,Feb 16 2024 13: +0,1708088400
0.151,6,Feb 16 2024 14: +0,1708092000
0.148,3,Feb 16 2024 15: +0,1708095600
0.146,4,Feb 16 2024 16: +0,1708099200
0.147,2,Feb 16 2024 17: +0,1708102800
0.149,2,Feb 16 2024 18: +0,1708106400
0.149,6,Feb 16 2024 19: +0,1708110000
0.151,8,Feb 16 2024 20: +0,1708113600
0.136,2,Feb 16 2024 21: +0,1708117200
0.151,1,Feb 16 2024 22: +0,1708120800
0.146,6,Feb 16 2024 23: +0,1708124400
0.147,1,Feb 17 2024 00: +0,1708128000
0.146,6,Feb 17 2024 01: +0,1708131600
0.146,3,Feb 17 2024 03: +0,1708138800
0.149,5,Feb 17 2024 05: +0,1708146000
0.148,1,Feb 17 2024 07: +0,1708153200
0.148,1,Feb 17 2024 08: +0,1708156800
0.151,2,Feb 17 2024 09: +0,1708160400
0.147,2,Feb 17 2024 10: +0,1708164000
0.148,3,Feb 17 2024 11: +0,1708167600
0.146,3,Feb 17 2024 12: +0,1708171200
0.146,3,Feb 17 2024 13: +0,1708174800
0.139,6,Feb 17 2024 14: +0,1708178400
0.148,11,Feb 17 2024 15: +0,1708182000
0.148,6,Feb 17 2024 17: +0,1708189200
0.15,4,Feb 17 2024 18: +0,1708192800
0.145,4,Feb 17 2024 19: +0,1708196400
0.146,3,Feb 17 2024 20: +0,1708200000
0.148,9,Feb 17 2024 21: +0,1708203600
0.146,4,Feb 17 2024 22: +0,1708207200
0.147,11,Feb 17 2024 23: +0,1708210800
0.151,1,Feb 18 2024 00: +0,1708214400
0.15,3,Feb 18 2024 01: +0,1708218000
0.11,2,Feb 18 2024 05: +0,1708232400
0.151,3,Feb 18 2024 07: +0,1708239600
0.147,2,Feb 18 2024 08: +0,1708243200
0.135,3,Feb 18 2024 09: +0,1708246800
0.148,1,Feb 18 2024 10: +0,1708250400
0.147,4,Feb 18 2024 11: +0,1708254000
0.146,6,Feb 18 2024 12: +0,1708257600
0.151,4,Feb 18 2024 13: +0,1708261200
0.145,7,Feb 18 2024 14: +0,1708264800
0.146,5,Feb 18 2024 15: +0,1708268400
0.144,6,Feb 18 2024 16: +0,1708272000
0.15,3,Feb 18 2024 17: +0,1708275600
0.146,3,Feb 18 2024 18: +0,1708279200
0.145,2,Feb 18 2024 19: +0,1708282800
0.144,12,Feb 18 2024 20: +0,1708286400
0.147,3,Feb 18 2024 21: +0,1708290000
0.144,1,Feb 18 2024 22: +0,1708293600
0.146,8,Feb 18 2024 23: +0,1708297200
0.144,3,Feb 19 2024 00: +0,1708300800
0.144,1,Feb 19 2024 02: +0,1708308000
0.15,1,Feb 19 2024 04: +0,1708315200
0.146,1,Feb 19 2024 05: +0,1708318800
0.144,1,Feb 19 2024 06: +0,1708322400
0.15,1,Feb 19 2024 08: +0,1708329600
0.146,1,Feb 19 2024 09: +0,1708333200
0.118,2,Feb 19 2024 10: +0,1708336800
0.145,2,Feb 19 2024 12: +0,1708344000
0.146,12,Feb 19 2024 13: +0,1708347600
0.146,7,Feb 19 2024 14: +0,1708351200
0.127,4,Feb 19 2024 15: +0,1708354800
0.144,1,Feb 19 2024 16: +0,1708358400
0.146,1,Feb 19 2024 17: +0,1708362000
0.144,2,Feb 19 2024 18: +0,1708365600
0.107,1,Feb 19 2024 19: +0,1708369200
0.136,3,Feb 19 2024 20: +0,1708372800
0.15,1,Feb 19 2024 21: +0,1708376400
0.145,1,Feb 19 2024 22: +0,1708380000
0.144,4,Feb 19 2024 23: +0,1708383600
0.132,2,Feb 20 2024 02: +0,1708394400
0.142,1,Feb 20 2024 04: +0,1708401600
0.15,5,Feb 20 2024 06: +0,1708408800
0.128,1,Feb 20 2024 09: +0,1708419600
0.128,1,Feb 20 2024 10: +0,1708423200
0.146,2,Feb 20 2024 12: +0,1708430400
0.102,1,Feb 20 2024 13: +0,1708434000
0.118,2,Feb 20 2024 14: +0,1708437600
0.132,2,Feb 20 2024 15: +0,1708441200
0.144,4,Feb 20 2024 16: +0,1708444800
0.13,2,Feb 20 2024 17: +0,1708448400
0.145,1,Feb 20 2024 18: +0,1708452000
0.144,6,Feb 20 2024 19: +0,1708455600
0.144,4,Feb 20 2024 20: +0,1708459200
0.144,3,Feb 20 2024 21: +0,1708462800
0.142,5,Feb 20 2024 22: +0,1708466400
0.107,2,Feb 20 2024 23: +0,1708470000
0.143,1,Feb 21 2024 00: +0,1708473600
0.142,1,Feb 21 2024 01: +0,1708477200
0.128,2,Feb 21 2024 02: +0,1708480800
0.15,16,Feb 21 2024 04: +0,1708488000
0.147,2,Feb 21 2024 05: +0,1708491600
0.15,4,Feb 21 2024 06: +0,1708495200
0.145,2,Feb 21 2024 07: +0,1708498800
0.126,2,Feb 21 2024 08: +0,1708502400
0.119,1,Feb 21 2024 09: +0,1708506000
0.146,2,Feb 21 2024 10: +0,1708509600
0.145,1,Feb 21 2024 12: +0,1708516800
0.137,1,Feb 21 2024 14: +0,1708524000
0.145,4,Feb 21 2024 16: +0,1708531200
0.15,1,Feb 21 2024 17: +0,1708534800
0.132,2,Feb 21 2024 18: +0,1708538400
0.136,1,Feb 21 2024 19: +0,1708542000
0.128,3,Feb 21 2024 20: +0,1708545600
0.148,2,Feb 21 2024 21: +0,1708549200
0.108,1,Feb 21 2024 22: +0,1708552800
0.15,4,Feb 21 2024 23: +0,1708556400
0.15,2,Feb 22 2024 00: +0,1708560000
0.128,2,Feb 22 2024 01: +0,1708563600
0.15,5,Feb 22 2024 02: +0,1708567200
0.146,3,Feb 22 2024 03: +0,1708570800
0.147,4,Feb 22 2024 06: +0,1708581600
0.15,3,Feb 22 2024 07: +0,1708585200
0.132,2,Feb 22 2024 08: +0,1708588800
0.145,3,Feb 22 2024 09: +0,1708592400
0.146,1,Feb 22 2024 10: +0,1708596000
0.118,6,Feb 22 2024 12: +0,1708603200
0.145,5,Feb 22 2024 13: +0,1708606800
0.142,4,Feb 22 2024 15: +0,1708614000
0.144,2,Feb 22 2024 16: +0,1708617600
0.145,3,Feb 22 2024 17: +0,1708621200
0.144,4,Feb 22 2024 18: +0,1708624800
0.145,4,Feb 22 2024 20: +0,1708632000
0.145,8,Feb 22 2024 21: +0,1708635600
0.144,1,Feb 22 2024 22: +0,1708639200
0.143,3,Feb 22 2024 23: +0,1708642800
0.144,1,Feb 23 2024 00: +0,1708646400
0.143,5,Feb 23 2024 01: +0,1708650000
0.128,3,Feb 23 2024 02: +0,1708653600
0.127,4,Feb 23 2024 03: +0,1708657200
0.126,4,Feb 23 2024 06: +0,1708668000
0.134,4,Feb 23 2024 08: +0,1708675200
0.127,7,Feb 23 2024 09: +0,1708678800
0.127,3,Feb 23 2024 10: +0,1708682400
0.127,1,Feb 23 2024 11: +0,1708686000
0.127,3,Feb 23 2024 12: +0,1708689600
0.128,2,Feb 23 2024 13: +0,1708693200
0.142,6,Feb 23 2024 14: +0,1708696800
0.145,4,Feb 23 2024 15: +0,1708700400
0.144,2,Feb 23 2024 16: +0,1708704000
0.144,7,Feb 23 2024 17: +0,1708707600
0.143,4,Feb 23 2024 18: +0,1708711200
0.144,7,Feb 23 2024 19: +0,1708714800
0.144,7,Feb 23 2024 20: +0,1708718400
0.129,2,Feb 23 2024 21: +0,1708722000
0.136,3,Feb 23 2024 22: +0,1708725600
0.14,2,Feb 23 2024 23: +0,1708729200
0.124,2,Feb 24 2024 01: +0,1708736400
0.142,7,Feb 24 2024 02: +0,1708740000
0.142,6,Feb 24 2024 03: +0,1708743600
0.145,9,Feb 24 2024 04: +0,1708747200
0.146,3,Feb 24 2024 06: +0,1708754400
0.145,1,Feb 24 2024 07: +0,1708758000
0.096,1,Feb 24 2024 08: +0,1708761600
0.146,1,Feb 24 2024 09: +0,1708765200
0.146,1,Feb 24 2024 10: +0,1708768800
0.147,5,Feb 24 2024 11: +0,1708772400
0.147,2,Feb 24 2024 12: +0,1708776000
0.142,5,Feb 24 2024 13: +0,1708779600
0.145,1,Feb 24 2024 14: +0,1708783200
0.138,2,Feb 24 2024 15: +0,1708786800
0.148,2,Feb 24 2024 16: +0,1708790400
0.152,5,Feb 24 2024 17: +0,1708794000
0.15,7,Feb 24 2024 18: +0,1708797600
0.15,1,Feb 24 2024 19: +0,1708801200
0.132,2,Feb 24 2024 20: +0,1708804800
0.148,1,Feb 24 2024 21: +0,1708808400
0.094,1,Feb 24 2024 22: +0,1708812000
0.128,1,Feb 24 2024 23: +0,1708815600
0.121,2,Feb 25 2024 00: +0,1708819200
0.126,3,Feb 25 2024 01: +0,1708822800
0.111,2,Feb 25 2024 02: +0,1708826400
0.123,2,Feb 25 2024 04: +0,1708833600
0.12,14,Feb 25 2024 05: +0,1708837200
0.146,4,Feb 25 2024 06: +0,1708840800
0.144,1,Feb 25 2024 07: +0,1708844400
0.12,19,Feb 25 2024 08: +0,1708848000
0.111,19,Feb 25 2024 09: +0,1708851600
0.145,1,Feb 25 2024 10: +0,1708855200
0.145,5,Feb 25 2024 11: +0,1708858800
0.136,6,Feb 25 2024 12: +0,1708862400
0.142,2,Feb 25 2024 13: +0,1708866000
0.145,3,Feb 25 2024 14: +0,1708869600
0.129,6,Feb 25 2024 15: +0,1708873200
0.154,2,Feb 25 2024 16: +0,1708876800
0.149,6,Feb 25 2024 17: +0,1708880400
0.151,8,Feb 25 2024 18: +0,1708884000
0.15,1,Feb 25 2024 19: +0,1708887600
0.15,5,Feb 25 2024 20: +0,1708891200
0.149,5,Feb 25 2024 21: +0,1708894800
0.145,1,Feb 25 2024 22: +0,1708898400
0.133,2,Feb 25 2024 23: +0,1708902000
0.145,1,Feb 26 2024 00: +0,1708905600
0.15,1,Feb 26 2024 01: +0,1708909200
0.154,1,Feb 26 2024 06: +0,1708927200
0.15,1,Feb 26 2024 08: +0,1708934400
0.126,1,Feb 26 2024 10: +0,1708941600
0.144,2,Feb 26 2024 11: +0,1708945200
0.148,3,Feb 26 2024 12: +0,1708948800
0.154,3,Feb 26 2024 13: +0,1708952400
0.145,2,Feb 26 2024 14: +0,1708956000
0.145,1,Feb 26 2024 15: +0,1708959600
0.148,5,Feb 26 2024 16: +0,1708963200
0.171,8,Feb 26 2024 17: +0,1708966800
0.17,6,Feb 26 2024 18: +0,1708970400
0.179,3,Feb 26 2024 19: +0,1708974000
0.182,1,Feb 26 2024 20: +0,1708977600
0.186,2,Feb 26 2024 21: +0,1708981200
0.192,3,Feb 26 2024 22: +0,1708984800
0.139,1,Feb 26 2024 23: +0,1708988400
0.149,2,Feb 27 2024 00: +0,1708992000
0.163,1,Feb 27 2024 01: +0,1708995600
0.171,5,Feb 27 2024 02: +0,1708999200
0.17,2,Feb 27 2024 04: +0,1709006400
0.17,2,Feb 27 2024 05: +0,1709010000
0.159,1,Feb 27 2024 07: +0,1709017200
0.166,1,Feb 27 2024 08: +0,1709020800
0.17,1,Feb 27 2024 12: +0,1709035200
0.149,2,Feb 27 2024 13: +0,1709038800
0.154,1,Feb 27 2024 14: +0,1709042400
0.118,1,Feb 27 2024 15: +0,1709046000
0.168,6,Feb 27 2024 16: +0,1709049600
0.167,6,Feb 27 2024 17: +0,1709053200
0.148,2,Feb 27 2024 18: +0,1709056800
0.171,8,Feb 27 2024 19: +0,1709060400
0.193,1,Feb 27 2024 20: +0,1709064000
0.181,1,Feb 27 2024 21: +0,1709067600
0.171,3,Feb 27 2024 22: +0,1709071200
0.197,7,Feb 28 2024 00: +0,1709078400
0.194,6,Feb 28 2024 03: +0,1709089200
0.194,1,Feb 28 2024 05: +0,1709096400
0.19,3,Feb 28 2024 08: +0,1709107200
0.176,11,Feb 28 2024 09: +0,1709110800
0.188,1,Feb 28 2024 10: +0,1709114400
0.188,4,Feb 28 2024 12: +0,1709121600
0.197,6,Feb 28 2024 14: +0,1709128800
0.137,2,Feb 28 2024 17: +0,1709139600
0.16,7,Feb 28 2024 18: +0,1709143200
0.189,2,Feb 28 2024 19: +0,1709146800
0.188,6,Feb 28 2024 20: +0,1709150400
0.16,2,Feb 28 2024 21: +0,1709154000
0.177,8,Feb 28 2024 22: +0,1709157600
0.162,3,Feb 28 2024 23: +0,1709161200
0.184,2,Feb 29 2024 01: +0,1709168400
0.162,1,Feb 29 2024 02: +0,1709172000
0.154,1,Feb 29 2024 04: +0,1709179200
0.159,2,Feb 29 2024 09: +0,1709197200
0.153,2,Feb 29 2024 10: +0,1709200800
0.187,1,Feb 29 2024 11: +0,1709204400
0.186,1,Feb 29 2024 12: +0,1709208000
0.165,2,Feb 29 2024 13: +0,1709211600
0.127,1,Feb 29 2024 14: +0,1709215200
0.188,3,Feb 29 2024 15: +0,1709218800
0.175,3,Feb 29 2024 16: +0,1709222400
0.189,4,Feb 29 2024 17: +0,1709226000
0.187,2,Feb 29 2024 18: +0,1709229600
0.187,3,Feb 29 2024 20: +0,1709236800
0.19,2,Feb 29 2024 21: +0,1709240400
0.187,1,Feb 29 2024 22: +0,1709244000
0.175,1,Feb 29 2024 23: +0,1709247600
0.175,14,Mar 01 2024 00: +0,1709251200
0.19,1,Mar 01 2024 01: +0,1709254800
0.182,3,Mar 01 2024 05: +0,1709269200
0.187,1,Mar 01 2024 07: +0,1709276400
0.188,1,Mar 01 2024 09: +0,1709283600
0.19,4,Mar 01 2024 10: +0,1709287200
0.157,1,Mar 01 2024 11: +0,1709290800
0.154,1,Mar 01 2024 12: +0,1709294400
0.177,3,Mar 01 2024 14: +0,1709301600
0.179,1,Mar 01 2024 15: +0,1709305200
0.179,1,Mar 01 2024 16: +0,1709308800
0.18,1,Mar 01 2024 17: +0,1709312400
0.176,3,Mar 01 2024 18: +0,1709316000
0.176,5,Mar 01 2024 19: +0,1709319600
0.188,1,Mar 01 2024 20: +0,1709323200
0.19,1,Mar 01 2024 21: +0,1709326800
0.171,4,Mar 01 2024 22: +0,1709330400
0.197,2,Mar 01 2024 23: +0,1709334000
0.188,1,Mar 02 2024 01: +0,1709341200
0.19,1,Mar 02 2024 04: +0,1709352000
0.183,2,Mar 02 2024 06: +0,1709359200
0.15,1,Mar 02 2024 08: +0,1709366400
0.188,4,Mar 02 2024 09: +0,1709370000
0.18,2,Mar 02 2024 11: +0,1709377200
0.193,2,Mar 02 2024 12: +0,1709380800
0.19,5,Mar 02 2024 13: +0,1709384400
0.186,3,Mar 02 2024 14: +0,1709388000
0.195,1,Mar 02 2024 15: +0,1709391600
0.186,3,Mar 02 2024 16: +0,1709395200
0.185,4,Mar 02 2024 17: +0,1709398800
0.172,3,Mar 02 2024 18: +0,1709402400
0.146,6,Mar 02 2024 19: +0,1709406000
0.164,4,Mar 02 2024 20: +0,1709409600
0.148,2,Mar 02 2024 21: +0,1709413200
0.161,5,Mar 02 2024 23: +0,1709420400
0.161,1,Mar 03 2024 00: +0,1709424000
0.17,2,Mar 03 2024 01: +0,1709427600
0.187,1,Mar 03 2024 02: +0,1709431200
0.187,4,Mar 03 2024 03: +0,1709434800
0.175,1,Mar 03 2024 05: +0,1709442000
0.173,1,Mar 03 2024 08: +0,1709452800
0.148,8,Mar 03 2024 10: +0,1709460000
0.163,2,Mar 03 2024 11: +0,1709463600
0.161,1,Mar 03 2024 13: +0,1709470800
0.164,3,Mar 03 2024 14: +0,1709474400
0.17,5,Mar 03 2024 15: +0,1709478000
0.17,1,Mar 03 2024 18: +0,1709488800
0.17,1,Mar 03 2024 19: +0,1709492400
0.173,1,Mar 03 2024 20: +0,1709496000
0.147,1,Mar 03 2024 21: +0,1709499600
0.168,2,Mar 03 2024 22: +0,1709503200
0.17,2,Mar 03 2024 23: +0,1709506800
0.179,1,Mar 04 2024 05: +0,1709528400
0.171,1,Mar 04 2024 07: +0,1709535600
0.168,3,Mar 04 2024 08: +0,1709539200
0.172,3,Mar 04 2024 10: +0,1709546400
0.157,4,Mar 04 2024 12: +0,1709553600
0.172,5,Mar 04 2024 13: +0,1709557200
0.143,1,Mar 04 2024 14: +0,1709560800
0.179,1,Mar 04 2024 15: +0,1709564400
0.149,2,Mar 04 2024 16: +0,1709568000
0.155,1,Mar 04 2024 18: +0,1709575200
0.168,4,Mar 04 2024 19: +0,1709578800
0.17,2,Mar 04 2024 20: +0,1709582400
0.161,1,Mar 04 2024 21: +0,1709586000
0.151,1,Mar 04 2024 22: +0,1709589600
0.176,2,Mar 05 2024 00: +0,1709596800
0.164,5,Mar 05 2024 04: +0,1709611200
0.179,1,Mar 05 2024 05: +0,1709614800
0.172,1,Mar 05 2024 06: +0,1709618400
0.141,1,Mar 05 2024 07: +0,1709622000
0.161,2,Mar 05 2024 11: +0,1709636400
0.144,1,Mar 05 2024 13: +0,1709643600
0.179,1,Mar 05 2024 14: +0,1709647200
0.181,2,Mar 05 2024 15: +0,1709650800
0.185,2,Mar 05 2024 16: +0,1709654400
0.186,3,Mar 05 2024 17: +0,1709658000
0.169,1,Mar 05 2024 18: +0,1709661600
0.187,1,Mar 05 2024 19: +0,1709665200
0.156,1,Mar 05 2024 20: +0,1709668800
0.133,1,Mar 05 2024 21: +0,1709672400
0.186,3,Mar 05 2024 22: +0,1709676000
0.195,1,Mar 05 2024 23: +0,1709679600
0.187,1,Mar 06 2024 02: +0,1709690400
0.143,1,Mar 06 2024 03: +0,1709694000
0.184,2,Mar 06 2024 07: +0,1709708400
0.148,1,Mar 06 2024 08: +0,1709712000
0.163,1,Mar 06 2024 10: +0,1709719200
0.178,1,Mar 06 2024 11: +0,1709722800
0.183,2,Mar 06 2024 14: +0,1709733600
0.182,1,Mar 06 2024 15: +0,1709737200
0.184,4,Mar 06 2024 16: +0,1709740800
0.167,2,Mar 06 2024 17: +0,1709744400
0.19,4,Mar 06 2024 18: +0,1709748000
0.161,2,Mar 06 2024 19: +0,1709751600
0.171,3,Mar 06 2024 20: +0,1709755200
0.178,4,Mar 06 2024 23: +0,1709766000
0.172,5,Mar 07 2024 01: +0,1709773200
0.187,3,Mar 07 2024 03: +0,1709780400
0.187,1,Mar 07 2024 04: +0,1709784000
0.187,2,Mar 07 2024 05: +0,1709787600
0.185,2,Mar 07 2024 07: +0,1709794800
0.162,2,Mar 07 2024 10: +0,1709805600
0.187,5,Mar 07 2024 11: +0,1709809200
0.179,1,Mar 07 2024 13: +0,1709816400
0.191,2,Mar 07 2024 14: +0,1709820000
0.162,1,Mar 07 2024 15: +0,1709823600
0.188,1,Mar 07 2024 16: +0,1709827200
0.195,2,Mar 07 2024 17: +0,1709830800
0.195,4,Mar 07 2024 19: +0,1709838000
0.188,3,Mar 07 2024 20: +0,1709841600
0.187,1,Mar 07 2024 21: +0,1709845200
0.188,1,Mar 07 2024 22: +0,1709848800
0.19,2,Mar 07 2024 23: +0,1709852400
0.188,6,Mar 08 2024 00: +0,1709856000
0.187,1,Mar 08 2024 04: +0,1709870400
0.187,7,Mar 08 2024 05: +0,1709874000
0.184,4,Mar 08 2024 09: +0,1709888400
0.099,1,Mar 08 2024 10: +0,1709892000
0.188,1,Mar 08 2024 11: +0,1709895600
0.163,1,Mar 08 2024 13: +0,1709902800
0.18,1,Mar 08 2024 14: +0,1709906400
0.169,4,Mar 08 2024 16: +0,1709913600
0.188,1,Mar 08 2024 17: +0,1709917200
0.188,2,Mar 08 2024 18: +0,1709920800
0.145,4,Mar 08 2024 20: +0,1709928000
0.188,1,Mar 08 2024 21: +0,1709931600
0.187,2,Mar 08 2024 22: +0,1709935200
0.197,1,Mar 08 2024 23: +0,1709938800
0.187,1,Mar 09 2024 00: +0,1709942400
0.183,2,Mar 09 2024 02: +0,1709949600
0.197,2,Mar 09 2024 03: +0,1709953200
0.186,1,Mar 09 2024 06: +0,1709964000
0.187,5,Mar 09 2024 08: +0,1709971200
0.18,1,Mar 09 2024 09: +0,1709974800
0.189,3,Mar 09 2024 10: +0,1709978400
0.176,2,Mar 09 2024 11: +0,1709982000
0.161,1,Mar 09 2024 13: +0,1709989200
0.187,5,Mar 09 2024 14: +0,1709992800
0.188,2,Mar 09 2024 15: +0,1709996400
0.18,1,Mar 09 2024 16: +0,1710000000
0.181,2,Mar 09 2024 17: +0,1710003600
0.187,3,Mar 09 2024 18: +0,1710007200
0.171,1,Mar 09 2024 20: +0,1710014400
0.187,1,Mar 09 2024 21: +0,1710018000
0.161,2,Mar 09 2024 22: +0,1710021600
0.187,4,Mar 09 2024 23: +0,1710025200
0.187,6,Mar 10 2024 00: +0,1710028800
0.135,3,Mar 10 2024 01: +0,1710032400
0.186,2,Mar 10 2024 04: +0,1710043200
0.187,2,Mar 10 2024 05: +0,1710046800
0.186,2,Mar 10 2024 06: +0,1710050400
0.187,1,Mar 10 2024 08: +0,1710057600
0.188,2,Mar 10 2024 09: +0,1710061200
0.161,1,Mar 10 2024 10: +0,1710064800
0.186,1,Mar 10 2024 12: +0,1710072000
0.187,2,Mar 10 2024 13: +0,1710075600
0.183,2,Mar 10 2024 14: +0,1710079200
0.187,4,Mar 10 2024 16: +0,1710086400
0.187,7,Mar 10 2024 17: +0,1710090000
0.187,1,Mar 10 2024 18: +0,1710093600
0.187,2,Mar 10 2024 19: +0,1710097200
0.166,2,Mar 10 2024 20: +0,1710100800
0.169,1,Mar 10 2024 21: +0,1710104400
0.166,2,Mar 10 2024 22: +0,1710108000
0.153,1,Mar 11 2024 00: +0,1710115200
0.192,6,Mar 11 2024 02: +0,1710122400
0.188,1,Mar 11 2024 03: +0,1710126000
0.187,1,Mar 11 2024 06: +0,1710136800
0.18,1,Mar 11 2024 07: +0,1710140400
0.169,2,Mar 11 2024 10: +0,1710151200
0.142,1,Mar 11 2024 11: +0,1710154800
0.187,2,Mar 11 2024 12: +0,1710158400
0.188,1,Mar 11 2024 13: +0,1710162000
0.2,8,Mar 11 2024 15: +0,1710169200
0.173,1,Mar 11 2024 16: +0,1710172800
0.164,1,Mar 11 2024 17: +0,1710176400
0.158,2,Mar 11 2024 18: +0,1710180000
0.175,3,Mar 11 2024 19: +0,1710183600
0.162,3,Mar 11 2024 20: +0,1710187200
0.179,1,Mar 11 2024 22: +0,1710194400
0.173,2,Mar 11 2024 23: +0,1710198000
0.165,1,Mar 12 2024 01: +0,1710205200
0.189,1,Mar 12 2024 04: +0,1710216000
0.202,2,Mar 12 2024 05: +0,1710219600
0.192,1,Mar 12 2024 10: +0,1710237600
0.165,1,Mar 12 2024 12: +0,1710244800
0.187,2,Mar 12 2024 14: +0,1710252000
0.192,4,Mar 12 2024 15: +0,1710255600
0.172,1,Mar 12 2024 16: +0,1710259200
0.181,3,Mar 12 2024 19: +0,1710270000
0.198,27,Mar 12 2024 20: +0,1710273600
0.181,2,Mar 12 2024 21: +0,1710277200
0.154,1,Mar 13 2024 01: +0,1710291600
0.175,1,Mar 13 2024 05: +0,1710306000
0.122,1,Mar 13 2024 11: +0,1710327600
0.163,1,Mar 13 2024 12: +0,1710331200
0.172,1,Mar 13 2024 13: +0,1710334800
0.15,5,Mar 13 2024 14: +0,1710338400
0.172,5,Mar 13 2024 15: +0,1710342000
0.173,2,Mar 13 2024 16: +0,1710345600
0.178,1,Mar 13 2024 17: +0,1710349200
0.164,3,Mar 13 2024 18: +0,1710352800
0.163,4,Mar 13 2024 19: +0,1710356400
0.189,35,Mar 13 2024 20: +0,1710360000
0.271,1,Mar 13 2024 23: +0,1710370800
0.276,1,Mar 14 2024 01: +0,1710378000
0.315,5,Mar 14 2024 03: +0,1710385200
0.322,1,Mar 14 2024 05: +0,1710392400
0.22,2,Mar 14 2024 10: +0,1710410400
0.181,2,Mar 14 2024 13: +0,1710421200
0.224,4,Mar 14 2024 14: +0,1710424800
0.136,1,Mar 14 2024 15: +0,1710428400
0.242,2,Mar 14 2024 17: +0,1710435600
0.247,2,Mar 14 2024 19: +0,1710442800
0.205,1,Mar 14 2024 20: +0,1710446400
0.245,1,Mar 14 2024 21: +0,1710450000
0.221,7,Mar 14 2024 22: +0,1710453600
0.2,4,Mar 15 2024 09: +0,1710493200
0.195,2,Mar 15 2024 10: +0,1710496800
0.2,3,Mar 15 2024 11: +0,1710500400
0.192,2,Mar 15 2024 12: +0,1710504000
0.189,3,Mar 15 2024 15: +0,1710514800
0.183,4,Mar 15 2024 16: +0,1710518400
0.201,2,Mar 15 2024 17: +0,1710522000
0.201,4,Mar 15 2024 19: +0,1710529200
0.201,1,Mar 15 2024 20: +0,1710532800
0.198,1,Mar 15 2024 21: +0,1710536400
0.205,5,Mar 15 2024 22: +0,1710540000
0.213,7,Mar 15 2024 23: +0,1710543600
0.193,2,Mar 16 2024 00: +0,1710547200
0.24,1,Mar 16 2024 02: +0,1710554400
0.245,1,Mar 16 2024 06: +0,1710568800
0.243,4,Mar 16 2024 10: +0,1710583200
0.249,5,Mar 16 2024 11: +0,1710586800
0.233,1,Mar 16 2024 12: +0,1710590400
0.221,1,Mar 16 2024 16: +0,1710604800
0.221,4,Mar 16 2024 17: +0,1710608400
0.221,3,Mar 16 2024 18: +0,1710612000
0.221,2,Mar 16 2024 19: +0,1710615600
0.158,3,Mar 16 2024 20: +0,1710619200
0.183,2,Mar 16 2024 21: +0,1710622800
0.158,4,Mar 16 2024 22: +0,1710626400
0.145,1,Mar 16 2024 23: +0,1710630000
0.173,2,Mar 17 2024 00: +0,1710633600
0.178,1,Mar 17 2024 01: +0,1710637200
0.158,1,Mar 17 2024 02: +0,1710640800
0.156,3,Mar 17 2024 04: +0,1710648000
0.158,1,Mar 17 2024 06: +0,1710655200
0.174,1,Mar 17 2024 07: +0,1710658800
0.165,12,Mar 17 2024 08: +0,1710662400
0.158,1,Mar 17 2024 09: +0,1710666000
0.172,1,Mar 17 2024 11: +0,1710673200
0.172,6,Mar 17 2024 12: +0,1710676800
0.172,1,Mar 17 2024 13: +0,1710680400
0.168,2,Mar 17 2024 14: +0,1710684000
0.165,2,Mar 17 2024 16: +0,1710691200
0.173,3,Mar 17 2024 19: +0,1710702000
0.181,5,Mar 17 2024 20: +0,1710705600
0.173,5,Mar 17 2024 21: +0,1710709200
0.173,1,Mar 17 2024 22: +0,1710712800
0.174,1,Mar 17 2024 23: +0,1710716400
0.172,1,Mar 18 2024 00: +0,1710720000
0.173,1,Mar 18 2024 04: +0,1710734400
0.129,1,Mar 18 2024 08: +0,1710748800
0.165,1,Mar 18 2024 09: +0,1710752400
0.165,3,Mar 18 2024 10: +0,1710756000
0.172,1,Mar 18 2024 11: +0,1710759600
0.168,2,Mar 18 2024 12: +0,1710763200
0.172,1,Mar 18 2024 14: +0,1710770400
0.172,1,Mar 18 2024 15: +0,1710774000
0.169,4,Mar 18 2024 16: +0,1710777600
0.181,5,Mar 18 2024 17: +0,1710781200
0.172,3,Mar 18 2024 18: +0,1710784800
0.197,3,Mar 18 2024 19: +0,1710788400
0.187,3,Mar 18 2024 20: +0,1710792000
0.164,1,Mar 18 2024 21: +0,1710795600
0.197,1,Mar 18 2024 22: +0,1710799200
0.197,2,Mar 18 2024 23: +0,1710802800
0.197,1,Mar 19 2024 05: +0,1710824400
0.197,2,Mar 19 2024 10: +0,1710842400
0.197,1,Mar 19 2024 11: +0,1710846000
0.197,3,Mar 19 2024 14: +0,1710856800
0.199,1,Mar 19 2024 15: +0,1710860400
0.03,4,Mar 19 2024 16: +0,1710864000
0.199,4,Mar 19 2024 18: +0,1710871200
0.165,1,Mar 19 2024 21: +0,1710882000
0.164,1,Mar 20 2024 00: +0,1710892800
0.198,1,Mar 20 2024 02: +0,1710900000
0.198,1,Mar 20 2024 08: +0,1710921600
0.194,1,Mar 20 2024 09: +0,1710925200
0.182,5,Mar 20 2024 12: +0,1710936000
0.18,1,Mar 20 2024 15: +0,1710946800
0.172,1,Mar 20 2024 17: +0,1710954000
0.166,5,Mar 20 2024 19: +0,1710961200
0.153,1,Mar 20 2024 20: +0,1710964800
0.154,2,Mar 20 2024 21: +0,1710968400
0.181,11,Mar 20 2024 22: +0,1710972000
0.166,1,Mar 21 2024 01: +0,1710982800
0.165,1,Mar 21 2024 03: +0,1710990000
0.179,2,Mar 21 2024 05: +0,1710997200
0.166,1,Mar 21 2024 07: +0,1711004400
0.154,1,Mar 21 2024 08: +0,1711008000
0.174,5,Mar 21 2024 12: +0,1711022400
0.171,2,Mar 21 2024 13: +0,1711026000
0.172,2,Mar 21 2024 14: +0,1711029600
0.163,2,Mar 21 2024 15: +0,1711033200
0.159,2,Mar 21 2024 16: +0,1711036800
0.171,2,Mar 21 2024 17: +0,1711040400
0.172,3,Mar 21 2024 18: +0,1711044000
0.163,1,Mar 21 2024 19: +0,1711047600
0.171,2,Mar 21 2024 20: +0,1711051200
0.168,2,Mar 21 2024 21: +0,1711054800
0.169,2,Mar 21 2024 22: +0,1711058400
0.169,2,Mar 22 2024 02: +0,1711072800
0.172,7,Mar 22 2024 05: +0,1711083600
0.166,6,Mar 22 2024 07: +0,1711090800
0.166,5,Mar 22 2024 10: +0,1711101600
0.166,3,Mar 22 2024 11: +0,1711105200
0.168,2,Mar 22 2024 13: +0,1711112400
0.166,7,Mar 22 2024 15: +0,1711119600
0.129,1,Mar 22 2024 16: +0,1711123200
0.167,3,Mar 22 2024 17: +0,1711126800
0.142,2,Mar 22 2024 20: +0,1711137600
0.147,1,Mar 22 2024 21: +0,1711141200
0.162,2,Mar 22 2024 22: +0,1711144800
0.163,1,Mar 23 2024 00: +0,1711152000
0.16,1,Mar 23 2024 05: +0,1711170000
0.161,1,Mar 23 2024 06: +0,1711173600
0.161,2,Mar 23 2024 07: +0,1711177200
0.161,2,Mar 23 2024 09: +0,1711184400
0.158,6,Mar 23 2024 10: +0,1711188000
0.157,2,Mar 23 2024 11: +0,1711191600
0.161,1,Mar 23 2024 13: +0,1711198800
0.147,1,Mar 23 2024 14: +0,1711202400
0.142,1,Mar 23 2024 15: +0,1711206000
0.148,2,Mar 23 2024 16: +0,1711209600
0.148,1,Mar 23 2024 18: +0,1711216800
0.154,3,Mar 23 2024 19: +0,1711220400
0.149,3,Mar 23 2024 20: +0,1711224000
0.15,1,Mar 23 2024 21: +0,1711227600
0.149,8,Mar 23 2024 22: +0,1711231200
0.145,2,Mar 23 2024 23: +0,1711234800
0.149,2,Mar 24 2024 01: +0,1711242000
0.149,5,Mar 24 2024 02: +0,1711245600
0.148,2,Mar 24 2024 04: +0,1711252800
0.142,2,Mar 24 2024 05: +0,1711256400
0.15,4,Mar 24 2024 06: +0,1711260000
0.148,1,Mar 24 2024 08: +0,1711267200
0.147,1,Mar 24 2024 10: +0,1711274400
0.154,1,Mar 24 2024 11: +0,1711278000
0.142,1,Mar 24 2024 13: +0,1711285200
0.149,1,Mar 24 2024 14: +0,1711288800
0.154,7,Mar 24 2024 15: +0,1711292400
0.15,7,Mar 24 2024 16: +0,1711296000
0.15,5,Mar 24 2024 17: +0,1711299600
0.15,3,Mar 24 2024 18: +0,1711303200
0.127,1,Mar 24 2024 19: +0,1711306800
0.149,1,Mar 24 2024 20: +0,1711310400
0.148,6,Mar 24 2024 21: +0,1711314000
0.142,1,Mar 24 2024 22: +0,1711317600
0.146,1,Mar 24 2024 23: +0,1711321200
0.15,6,Mar 25 2024 00: +0,1711324800
0.15,1,Mar 25 2024 02: +0,1711332000
0.15,1,Mar 25 2024 04: +0,1711339200
0.147,1,Mar 25 2024 05: +0,1711342800
0.147,1,Mar 25 2024 07: +0,1711350000
0.15,1,Mar 25 2024 08: +0,1711353600
0.118,1,Mar 25 2024 11: +0,1711364400
0.147,1,Mar 25 2024 13: +0,1711371600
0.146,2,Mar 25 2024 16: +0,1711382400
0.148,2,Mar 25 2024 18: +0,1711389600
0.142,1,Mar 25 2024 19: +0,1711393200
0.147,3,Mar 25 2024 20: +0,1711396800
0.146,1,Mar 25 2024 21: +0,1711400400
0.147,1,Mar 25 2024 22: +0,1711404000
0.148,2,Mar 26 2024 00: +0,1711411200
0.142,2,Mar 26 2024 02: +0,1711418400
0.151,1,Mar 26 2024 03: +0,1711422000
0.148,1,Mar 26 2024 05: +0,1711429200
0.148,1,Mar 26 2024 06: +0,1711432800
0.142,2,Mar 26 2024 07: +0,1711436400
0.15,1,Mar 26 2024 13: +0,1711458000
0.146,17,Mar 26 2024 14: +0,1711461600
0.149,2,Mar 26 2024 16: +0,1711468800
0.142,3,Mar 26 2024 17: +0,1711472400
0.157,4,Mar 26 2024 18: +0,1711476000
0.158,2,Mar 26 2024 19: +0,1711479600
0.173,3,Mar 26 2024 20: +0,1711483200
0.146,2,Mar 26 2024 21: +0,1711486800
0.166,1,Mar 26 2024 22: +0,1711490400
0.127,1,Mar 27 2024 00: +0,1711497600
0.142,1,Mar 27 2024 01: +0,1711501200
0.169,2,Mar 27 2024 03: +0,1711508400
0.173,1,Mar 27 2024 04: +0,1711512000
0.166,1,Mar 27 2024 05: +0,1711515600
0.118,1,Mar 27 2024 07: +0,1711522800
0.161,1,Mar 27 2024 10: +0,1711533600
0.142,1,Mar 27 2024 11: +0,1711537200
0.161,2,Mar 27 2024 12: +0,1711540800
0.161,2,Mar 27 2024 14: +0,1711548000
0.164,1,Mar 27 2024 15: +0,1711551600
0.173,8,Mar 27 2024 16: +0,1711555200
0.171,1,Mar 27 2024 17: +0,1711558800
0.166,3,Mar 27 2024 18: +0,1711562400
0.182,3,Mar 27 2024 20: +0,1711569600
0.18,4,Mar 27 2024 21: +0,1711573200
0.18,5,Mar 27 2024 22: +0,1711576800
0.181,1,Mar 27 2024 23: +0,1711580400
0.18,3,Mar 28 2024 00: +0,1711584000
0.181,1,Mar 28 2024 02: +0,1711591200
0.182,1,Mar 28 2024 06: +0,1711605600
0.176,2,Mar 28 2024 07: +0,1711609200
0.167,1,Mar 28 2024 12: +0,1711627200
0.169,4,Mar 28 2024 13: +0,1711630800
0.172,10,Mar 28 2024 14: +0,1711634400
0.167,2,Mar 28 2024 15: +0,1711638000
0.172,2,Mar 28 2024 16: +0,1711641600
0.172,2,Mar 28 2024 17: +0,1711645200
0.179,2,Mar 28 2024 18: +0,1711648800
0.172,2,Mar 28 2024 19: +0,1711652400
0.171,8,Mar 28 2024 21: +0,1711659600
0.172,2,Mar 28 2024 22: +0,1711663200
0.171,6,Mar 28 2024 23: +0,1711666800
0.145,1,Mar 29 2024 00: +0,1711670400
0.177,2,Mar 29 2024 01: +0,1711674000
0.171,3,Mar 29 2024 04: +0,1711684800
0.171,1,Mar 29 2024 11: +0,1711710000
0.182,1,Mar 29 2024 12: +0,1711713600
0.167,1,Mar 29 2024 13: +0,1711717200
0.179,4,Mar 29 2024 14: +0,1711720800
0.176,2,Mar 29 2024 17: +0,1711731600
0.173,2,Mar 29 2024 18: +0,1711735200
0.171,4,Mar 29 2024 20: +0,1711742400
0.182,2,Mar 29 2024 21: +0,1711746000
0.171,1,Mar 29 2024 22: +0,1711749600
0.179,3,Mar 29 2024 23: +0,1711753200
0.179,1,Mar 30 2024 02: +0,1711764000
0.171,2,Mar 30 2024 03: +0,1711767600
0.182,1,Mar 30 2024 04: +0,1711771200
0.171,2,Mar 30 2024 10: +0,1711792800
0.161,2,Mar 30 2024 11: +0,1711796400
0.162,1,Mar 30 2024 14: +0,1711807200
0.163,2,Mar 30 2024 15: +0,1711810800
0.16,2,Mar 30 2024 16: +0,1711814400
0.172,1,Mar 30 2024 18: +0,1711821600
0.175,3,Mar 30 2024 19: +0,1711825200
0.174,1,Mar 30 2024 21: +0,1711832400
0.174,1,Mar 30 2024 22: +0,1711836000
0.181,5,Mar 31 2024 00: +0,1711843200
0.161,1,Mar 31 2024 03: +0,1711850400
0.147,1,Mar 31 2024 04: +0,1711854000
0.176,1,Mar 31 2024 06: +0,1711861200
0.181,5,Mar 31 2024 08: +0,1711868400
0.142,1,Mar 31 2024 11: +0,1711879200
0.172,2,Mar 31 2024 12: +0,1711882800
0.176,1,Mar 31 2024 14: +0,1711890000
0.17,1,Mar 31 2024 15: +0,1711893600
0.138,2,Mar 31 2024 16: +0,1711897200
0.176,1,Mar 31 2024 17: +0,1711900800
0.174,4,Mar 31 2024 18: +0,1711904400
0.177,6,Mar 31 2024 20: +0,1711911600
0.121,1,Mar 31 2024 21: +0,1711915200
0.162,1,Mar 31 2024 22: +0,1711918800
0.179,9,Mar 31 2024 23: +0,1711922400
0.181,1,Apr 01 2024 00: +0,1711926000
0.175,1,Apr 01 2024 01: +0,1711929600
0.15,3,Apr 01 2024 03: +0,1711936800
0.122,2,Apr 01 2024 04: +0,1711940400
0.175,1,Apr 01 2024 05: +0,1711944000
0.181,1,Apr 01 2024 07: +0,1711951200
0.184,2,Apr 01 2024 08: +0,1711954800
0.189,1,Apr 01 2024 11: +0,1711965600
0.191,5,Apr 01 2024 12: +0,1711969200
0.181,1,Apr 01 2024 13: +0,1711972800
0.179,5,Apr 01 2024 14: +0,1711976400
0.142,2,Apr 01 2024 15: +0,1711980000
0.149,3,Apr 01 2024 16: +0,1711983600
0.118,1,Apr 01 2024 17: +0,1711987200
0.16,2,Apr 01 2024 18: +0,1711990800
0.161,3,Apr 01 2024 19: +0,1711994400
0.126,1,Apr 01 2024 20: +0,1711998000
0.153,1,Apr 01 2024 21: +0,1712001600
0.134,1,Apr 01 2024 22: +0,1712005200
0.156,1,Apr 01 2024 23: +0,1712008800
0.15,2,Apr 02 2024 00: +0,1712012400
0.158,1,Apr 02 2024 02: +0,1712019600
0.147,1,Apr 02 2024 03: +0,1712023200
0.151,2,Apr 02 2024 05: +0,1712030400
0.155,1,Apr 02 2024 06: +0,1712034000
0.12,3,Apr 02 2024 07: +0,1712037600
0.155,2,Apr 02 2024 08: +0,1712041200
0.15,1,Apr 02 2024 09: +0,1712044800
0.155,4,Apr 02 2024 10: +0,1712048400
0.154,1,Apr 02 2024 12: +0,1712055600
0.152,2,Apr 02 2024 13: +0,1712059200
0.153,1,Apr 02 2024 14: +0,1712062800
0.146,4,Apr 02 2024 16: +0,1712070000
0.153,1,Apr 02 2024 17: +0,1712073600
0.03,1,Apr 02 2024 18: +0,1712077200
0.161,1,Apr 02 2024 19: +0,1712080800
0.153,8,Apr 02 2024 20: +0,1712084400
0.153,2,Apr 02 2024 21: +0,1712088000
0.151,1,Apr 02 2024 22: +0,1712091600
0.151,2,Apr 02 2024 23: +0,1712095200
0.142,3,Apr 03 2024 00: +0,1712098800
0.15,4,Apr 03 2024 03: +0,1712109600
0.142,1,Apr 03 2024 05: +0,1712116800
0.151,2,Apr 03 2024 07: +0,1712124000
0.15,1,Apr 03 2024 11: +0,1712138400
0.157,5,Apr 03 2024 13: +0,1712145600
0.161,6,Apr 03 2024 14: +0,1712149200
0.161,3,Apr 03 2024 15: +0,1712152800
0.156,2,Apr 03 2024 16: +0,1712156400
0.161,2,Apr 03 2024 17: +0,1712160000
0.165,2,Apr 03 2024 19: +0,1712167200
0.16,5,Apr 03 2024 20: +0,1712170800
0.157,2,Apr 03 2024 21: +0,1712174400
0.166,1,Apr 03 2024 23: +0,1712181600
0.181,2,Apr 04 2024 00: +0,1712185200
0.17,1,Apr 04 2024 01: +0,1712188800
0.166,1,Apr 04 2024 05: +0,1712203200
0.166,2,Apr 04 2024 06: +0,1712206800
0.166,1,Apr 04 2024 07: +0,1712210400
0.155,2,Apr 04 2024 08: +0,1712214000
0.167,1,Apr 04 2024 10: +0,1712221200
0.156,2,Apr 04 2024 12: +0,1712228400
0.175,2,Apr 04 2024 13: +0,1712232000
0.146,2,Apr 04 2024 15: +0,1712239200
0.17,1,Apr 04 2024 16: +0,1712242800
0.142,5,Apr 04 2024 17: +0,1712246400
0.164,2,Apr 04 2024 18: +0,1712250000
0.172,9,Apr 04 2024 19: +0,1712253600
0.179,6,Apr 04 2024 20: +0,1712257200
0.172,1,Apr 04 2024 21: +0,1712260800
0.172,2,Apr 04 2024 22: +0,1712264400
0.181,2,Apr 04 2024 23: +0,1712268000
0.18,2,Apr 05 2024 01: +0,1712275200
0.176,1,Apr 05 2024 03: +0,1712282400
0.181,1,Apr 05 2024 04: +0,1712286000
0.179,2,Apr 05 2024 08: +0,1712300400
0.181,6,Apr 05 2024 09: +0,1712304000
0.181,4,Apr 05 2024 11: +0,1712311200
0.184,3,Apr 05 2024 13: +0,1712318400
0.165,2,Apr 05 2024 14: +0,1712322000
0.18,1,Apr 05 2024 15: +0,1712325600
0.181,1,Apr 05 2024 16: +0,1712329200
0.183,2,Apr 05 2024 17: +0,1712332800
0.173,2,Apr 05 2024 18: +0,1712336400
0.173,3,Apr 05 2024 21: +0,1712347200
0.161,2,Apr 05 2024 22: +0,1712350800
0.183,2,Apr 05 2024 23: +0,1712354400
0.179,1,Apr 06 2024 00: +0,1712358000
0.157,1,Apr 06 2024 02: +0,1712365200
0.19,4,Apr 06 2024 03: +0,1712368800
0.157,1,Apr 06 2024 04: +0,1712372400
0.157,4,Apr 06 2024 08: +0,1712386800
0.19,1,Apr 06 2024 10: +0,1712394000
0.19,3,Apr 06 2024 11: +0,1712397600
0.19,3,Apr 06 2024 12: +0,1712401200
0.189,1,Apr 06 2024 13: +0,1712404800
0.185,1,Apr 06 2024 14: +0,1712408400
0.184,1,Apr 06 2024 16: +0,1712415600
0.169,3,Apr 06 2024 18: +0,1712422800
0.163,2,Apr 06 2024 19: +0,1712426400
0.155,1,Apr 06 2024 20: +0,1712430000
0.176,4,Apr 06 2024 21: +0,1712433600
0.145,4,Apr 06 2024 22: +0,1712437200
0.171,2,Apr 06 2024 23: +0,1712440800
0.183,2,Apr 07 2024 01: +0,1712448000
0.184,2,Apr 07 2024 02: +0,1712451600
0.184,1,Apr 07 2024 03: +0,1712455200
0.185,1,Apr 07 2024 06: +0,1712466000
0.173,2,Apr 07 2024 07: +0,1712469600
0.189,1,Apr 07 2024 08: +0,1712473200
0.189,1,Apr 07 2024 09: +0,1712476800
0.175,2,Apr 07 2024 10: +0,1712480400
0.189,1,Apr 07 2024 12: +0,1712487600
0.157,1,Apr 07 2024 13: +0,1712491200
0.187,2,Apr 07 2024 14: +0,1712494800
0.192,1,Apr 07 2024 15: +0,1712498400
0.187,2,Apr 07 2024 16: +0,1712502000
0.189,6,Apr 07 2024 17: +0,1712505600
0.156,4,Apr 07 2024 18: +0,1712509200
0.173,2,Apr 07 2024 19: +0,1712512800
0.182,2,Apr 07 2024 21: +0,1712520000
0.188,1,Apr 07 2024 23: +0,1712527200
0.189,1,Apr 08 2024 00: +0,1712530800
0.189,1,Apr 08 2024 02: +0,1712538000
0.189,1,Apr 08 2024 03: +0,1712541600
0.193,1,Apr 08 2024 09: +0,1712563200
0.19,2,Apr 08 2024 12: +0,1712574000
0.182,1,Apr 08 2024 13: +0,1712577600
0.157,2,Apr 08 2024 14: +0,1712581200
0.19,7,Apr 08 2024 16: +0,1712588400
0.199,1,Apr 08 2024 18: +0,1712595600
0.186,6,Apr 08 2024 19: +0,1712599200
0.193,5,Apr 08 2024 21: +0,1712606400
0.183,1,Apr 08 2024 23: +0,1712613600
0.174,1,Apr 09 2024 04: +0,1712631600
0.185,1,Apr 09 2024 13: +0,1712664000
0.173,2,Apr 09 2024 17: +0,1712678400
0.174,1,Apr 09 2024 20: +0,1712689200
0.18,1,Apr 09 2024 21: +0,1712692800
0.175,1,Apr 09 2024 22: +0,1712696400
0.157,4,Apr 10 2024 00: +0,1712703600
0.158,1,Apr 10 2024 01: +0,1712707200
0.157,7,Apr 10 2024 02: +0,1712710800
0.157,2,Apr 10 2024 03: +0,1712714400
0.161,1,Apr 10 2024 04: +0,1712718000
0.185,1,Apr 10 2024 05: +0,1712721600
0.18,1,Apr 10 2024 07: +0,1712728800
0.159,2,Apr 10 2024 09: +0,1712736000
0.162,2,Apr 10 2024 10: +0,1712739600
0.173,1,Apr 10 2024 12: +0,1712746800
0.181,1,Apr 10 2024 13: +0,1712750400
0.178,1,Apr 10 2024 14: +0,1712754000
0.174,3,Apr 10 2024 16: +0,1712761200
0.184,4,Apr 10 2024 18: +0,1712768400
0.183,5,Apr 10 2024 20: +0,1712775600
0.179,2,Apr 10 2024 21: +0,1712779200
0.183,2,Apr 10 2024 22: +0,1712782800
0.175,2,Apr 10 2024 23: +0,1712786400
0.184,2,Apr 11 2024 03: +0,1712800800
0.186,1,Apr 11 2024 06: +0,1712811600
0.159,1,Apr 11 2024 08: +0,1712818800
0.187,1,Apr 11 2024 09: +0,1712822400
0.187,1,Apr 11 2024 11: +0,1712829600
0.161,1,Apr 11 2024 13: +0,1712836800
0.193,1,Apr 11 2024 14: +0,1712840400
0.186,3,Apr 11 2024 15: +0,1712844000
0.187,1,Apr 11 2024 16: +0,1712847600
0.194,4,Apr 11 2024 17: +0,1712851200
0.189,3,Apr 11 2024 18: +0,1712854800
0.199,5,Apr 11 2024 19: +0,1712858400
0.193,1,Apr 11 2024 20: +0,1712862000
0.172,1,Apr 11 2024 21: +0,1712865600
0.187,2,Apr 11 2024 22: +0,1712869200
0.193,2,Apr 11 2024 23: +0,1712872800
0.161,1,Apr 12 2024 00: +0,1712876400
0.193,3,Apr 12 2024 01: +0,1712880000
0.169,1,Apr 12 2024 02: +0,1712883600
0.185,1,Apr 12 2024 03: +0,1712887200
0.19,1,Apr 12 2024 04: +0,1712890800
0.185,1,Apr 12 2024 08: +0,1712905200
0.099,1,Apr 12 2024 15: +0,1712930400
0.157,2,Apr 12 2024 18: +0,1712941200
0.157,4,Apr 12 2024 19: +0,1712944800
0.164,3,Apr 12 2024 20: +0,1712948400
0.179,7,Apr 12 2024 21: +0,1712952000
0.171,3,Apr 12 2024 22: +0,1712955600
0.185,2,Apr 12 2024 23: +0,1712959200
0.185,1,Apr 13 2024 00: +0,1712962800
0.179,5,Apr 13 2024 03: +0,1712973600
0.177,1,Apr 13 2024 07: +0,1712988000
0.18,1,Apr 13 2024 10: +0,1712998800
0.187,2,Apr 13 2024 14: +0,1713013200
0.187,3,Apr 13 2024 15: +0,1713016800
0.193,5,Apr 13 2024 16: +0,1713020400
0.169,3,Apr 13 2024 19: +0,1713031200
0.168,2,Apr 13 2024 22: +0,1713042000
0.153,1,Apr 14 2024 00: +0,1713049200
0.166,1,Apr 14 2024 01: +0,1713052800
0.157,1,Apr 14 2024 02: +0,1713056400
0.157,1,Apr 14 2024 04: +0,1713063600
0.137,1,Apr 14 2024 05: +0,1713067200
0.17,1,Apr 14 2024 07: +0,1713074400
0.164,2,Apr 14 2024 08: +0,1713078000
0.157,1,Apr 14 2024 11: +0,1713088800
0.161,1,Apr 14 2024 13: +0,1713096000
0.147,1,Apr 14 2024 14: +0,1713099600
0.162,1,Apr 14 2024 16: +0,1713106800
0.16,1,Apr 14 2024 17: +0,1713110400
0.161,1,Apr 14 2024 18: +0,1713114000
0.177,5,Apr 14 2024 19: +0,1713117600
0.157,5,Apr 14 2024 20: +0,1713121200
0.179,1,Apr 14 2024 21: +0,1713124800
0.181,2,Apr 14 2024 22: +0,1713128400
0.179,5,Apr 14 2024 23: +0,1713132000
0.184,1,Apr 15 2024 05: +0,1713153600
0.19,5,Apr 15 2024 06: +0,1713157200
0.157,5,Apr 15 2024 09: +0,1713168000
0.185,2,Apr 15 2024 11: +0,1713175200
0.193,1,Apr 15 2024 13: +0,1713182400
0.157,2,Apr 15 2024 15: +0,1713189600
0.147,1,Apr 15 2024 16: +0,1713193200
0.171,1,Apr 15 2024 17: +0,1713196800
0.157,1,Apr 15 2024 18: +0,1713200400
0.187,2,Apr 15 2024 19: +0,1713204000
0.172,3,Apr 15 2024 21: +0,1713211200
0.17,1,Apr 15 2024 23: +0,1713218400
0.171,3,Apr 16 2024 02: +0,1713229200
0.156,1,Apr 16 2024 03: +0,1713232800
0.146,1,Apr 16 2024 08: +0,1713250800
0.161,4,Apr 16 2024 12: +0,1713265200
0.187,3,Apr 16 2024 13: +0,1713268800
0.153,1,Apr 16 2024 15: +0,1713276000
0.183,1,Apr 16 2024 16: +0,1713279600
0.156,10,Apr 16 2024 17: +0,1713283200
0.184,1,Apr 16 2024 18: +0,1713286800
0.183,1,Apr 16 2024 20: +0,1713294000
0.177,1,Apr 16 2024 21: +0,1713297600
0.185,1,Apr 16 2024 22: +0,1713301200
0.185,4,Apr 17 2024 00: +0,1713308400
0.166,1,Apr 17 2024 02: +0,1713315600
0.179,1,Apr 17 2024 03: +0,1713319200
0.162,1,Apr 17 2024 04: +0,1713322800
0.187,1,Apr 17 2024 07: +0,1713333600
0.189,1,Apr 17 2024 09: +0,1713340800
0.161,1,Apr 17 2024 10: +0,1713344400
0.184,3,Apr 17 2024 11: +0,1713348000
0.172,2,Apr 17 2024 12: +0,1713351600
0.167,1,Apr 17 2024 14: +0,1713358800
0.175,1,Apr 17 2024 15: +0,1713362400
0.171,1,Apr 17 2024 16: +0,1713366000
0.175,2,Apr 17 2024 17: +0,1713369600
0.144,2,Apr 17 2024 18: +0,1713373200
0.179,1,Apr 17 2024 19: +0,1713376800
0.169,1,Apr 17 2024 22: +0,1713387600
0.143,2,Apr 18 2024 01: +0,1713398400
0.169,1,Apr 18 2024 02: +0,1713402000
0.163,2,Apr 18 2024 05: +0,1713412800
0.169,4,Apr 18 2024 08: +0,1713423600
0.146,2,Apr 18 2024 10: +0,1713430800
0.166,1,Apr 18 2024 11: +0,1713434400
0.173,3,Apr 18 2024 14: +0,1713445200
0.172,10,Apr 18 2024 15: +0,1713448800
0.142,3,Apr 18 2024 16: +0,1713452400
0.161,2,Apr 18 2024 19: +0,1713463200
0.162,4,Apr 18 2024 20: +0,1713466800
0.147,1,Apr 18 2024 21: +0,1713470400
0.152,1,Apr 19 2024 00: +0,1713481200
0.161,1,Apr 19 2024 01: +0,1713484800
0.162,1,Apr 19 2024 02: +0,1713488400
0.147,1,Apr 19 2024 06: +0,1713502800
0.158,1,Apr 19 2024 07: +0,1713506400
0.161,2,Apr 19 2024 09: +0,1713513600
0.155,3,Apr 19 2024 11: +0,1713520800
0.162,1,Apr 19 2024 12: +0,1713524400
0.17,3,Apr 19 2024 13: +0,1713528000
0.148,1,Apr 19 2024 15: +0,1713535200
0.147,2,Apr 19 2024 16: +0,1713538800
0.16,7,Apr 19 2024 17: +0,1713542400
0.171,5,Apr 19 2024 18: +0,1713546000
0.161,1,Apr 19 2024 19: +0,1713549600
0.166,2,Apr 19 2024 20: +0,1713553200
0.108,1,Apr 19 2024 22: +0,1713560400
0.178,5,Apr 20 2024 00: +0,1713567600
0.18,1,Apr 20 2024 02: +0,1713574800
0.153,1,Apr 20 2024 04: +0,1713582000
0.154,2,Apr 20 2024 05: +0,1713585600
0.161,2,Apr 20 2024 12: +0,1713610800
0.158,3,Apr 20 2024 15: +0,1713621600
0.158,3,Apr 20 2024 16: +0,1713625200
0.163,3,Apr 20 2024 17: +0,1713628800
0.129,3,Apr 20 2024 19: +0,1713636000
0.137,1,Apr 20 2024 20: +0,1713639600
0.153,5,Apr 21 2024 03: +0,1713664800
0.161,1,Apr 21 2024 04: +0,1713668400
0.161,2,Apr 21 2024 05: +0,1713672000
0.153,3,Apr 21 2024 06: +0,1713675600
0.161,1,Apr 21 2024 08: +0,1713682800
0.142,2,Apr 21 2024 09: +0,1713686400
0.173,1,Apr 21 2024 10: +0,1713690000
0.171,1,Apr 21 2024 11: +0,1713693600
0.175,5,Apr 21 2024 14: +0,1713704400
0.178,2,Apr 21 2024 15: +0,1713708000
0.185,1,Apr 21 2024 16: +0,1713711600
0.183,1,Apr 21 2024 17: +0,1713715200
0.183,3,Apr 21 2024 18: +0,1713718800
0.163,2,Apr 21 2024 20: +0,1713726000
0.181,2,Apr 21 2024 22: +0,1713733200
0.179,1,Apr 21 2024 23: +0,1713736800
0.158,1,Apr 22 2024 04: +0,1713754800
0.144,3,Apr 22 2024 06: +0,1713762000
0.144,1,Apr 22 2024 08: +0,1713769200
0.16,1,Apr 22 2024 09: +0,1713772800
0.141,1,Apr 22 2024 12: +0,1713783600
0.17,7,Apr 22 2024 13: +0,1713787200
0.165,1,Apr 22 2024 17: +0,1713801600
0.172,1,Apr 22 2024 18: +0,1713805200
0.152,3,Apr 22 2024 19: +0,1713808800
0.171,2,Apr 22 2024 20: +0,1713812400
0.178,6,Apr 22 2024 21: +0,1713816000
0.171,1,Apr 22 2024 22: +0,1713819600
0.184,2,Apr 22 2024 23: +0,1713823200
0.178,3,Apr 23 2024 01: +0,1713830400
0.182,1,Apr 23 2024 03: +0,1713837600
0.144,1,Apr 23 2024 05: +0,1713844800
0.171,1,Apr 23 2024 07: +0,1713852000
0.165,3,Apr 23 2024 09: +0,1713859200
0.147,1,Apr 23 2024 10: +0,1713862800
0.174,3,Apr 23 2024 12: +0,1713870000
0.152,1,Apr 23 2024 14: +0,1713877200
0.146,2,Apr 23 2024 15: +0,1713880800
0.16,1,Apr 23 2024 18: +0,1713891600
0.154,2,Apr 23 2024 19: +0,1713895200
0.152,2,Apr 23 2024 20: +0,1713898800
0.162,6,Apr 23 2024 21: +0,1713902400
0.185,8,Apr 23 2024 22: +0,1713906000
0.149,2,Apr 23 2024 23: +0,1713909600
0.184,2,Apr 24 2024 03: +0,1713924000
0.152,1,Apr 24 2024 07: +0,1713938400
0.154,2,Apr 24 2024 09: +0,1713945600
0.178,4,Apr 24 2024 12: +0,1713956400
0.184,1,Apr 24 2024 14: +0,1713963600
0.192,1,Apr 24 2024 15: +0,1713967200
0.196,1,Apr 24 2024 16: +0,1713970800
0.189,5,Apr 24 2024 18: +0,1713978000
0.16,1,Apr 24 2024 19: +0,1713981600
0.168,2,Apr 24 2024 20: +0,1713985200
0.162,3,Apr 24 2024 21: +0,1713988800
0.157,4,Apr 24 2024 22: +0,1713992400
0.194,6,Apr 25 2024 00: +0,1713999600
0.196,3,Apr 25 2024 05: +0,1714017600
0.201,2,Apr 25 2024 06: +0,1714021200
0.167,1,Apr 25 2024 11: +0,1714039200
0.159,1,Apr 25 2024 13: +0,1714046400
0.165,1,Apr 25 2024 14: +0,1714050000
0.158,1,Apr 25 2024 15: +0,1714053600
0.171,3,Apr 25 2024 16: +0,1714057200
0.179,3,Apr 25 2024 17: +0,1714060800
0.157,4,Apr 25 2024 18: +0,1714064400
0.199,2,Apr 25 2024 20: +0,1714071600
0.149,4,Apr 25 2024 22: +0,1714078800
0.189,1,Apr 26 2024 00: +0,1714086000
0.192,1,Apr 26 2024 01: +0,1714089600
0.174,1,Apr 26 2024 05: +0,1714104000
0.144,1,Apr 26 2024 07: +0,1714111200
0.192,3,Apr 26 2024 08: +0,1714114800
0.133,1,Apr 26 2024 09: +0,1714118400
0.16,1,Apr 26 2024 10: +0,1714122000
0.171,2,Apr 26 2024 12: +0,1714129200
0.167,1,Apr 26 2024 14: +0,1714136400
0.18,2,Apr 26 2024 16: +0,1714143600
0.174,2,Apr 26 2024 17: +0,1714147200
0.188,2,Apr 26 2024 20: +0,1714158000
0.19,1,Apr 26 2024 22: +0,1714165200
0.179,1,Apr 26 2024 23: +0,1714168800
0.19,1,Apr 27 2024 00: +0,1714172400
0.191,4,Apr 27 2024 01: +0,1714176000
0.16,1,Apr 27 2024 06: +0,1714194000
0.192,1,Apr 27 2024 08: +0,1714201200
0.197,4,Apr 27 2024 09: +0,1714204800
0.197,1,Apr 27 2024 10: +0,1714208400
0.197,3,Apr 27 2024 11: +0,1714212000
0.16,1,Apr 27 2024 14: +0,1714222800
0.193,1,Apr 27 2024 15: +0,1714226400
0.194,1,Apr 27 2024 16: +0,1714230000
0.19,3,Apr 27 2024 19: +0,1714240800
0.187,2,Apr 27 2024 20: +0,1714244400
0.196,4,Apr 27 2024 21: +0,1714248000
0.208,1,Apr 27 2024 22: +0,1714251600
0.135,1,Apr 27 2024 23: +0,1714255200
0.202,1,Apr 28 2024 00: +0,1714258800
0.204,2,Apr 28 2024 01: +0,1714262400
0.206,1,Apr 28 2024 03: +0,1714269600
0.16,1,Apr 28 2024 04: +0,1714273200
0.16,4,Apr 28 2024 06: +0,1714280400
0.172,2,Apr 28 2024 08: +0,1714287600
0.19,2,Apr 28 2024 09: +0,1714291200
0.166,1,Apr 28 2024 10: +0,1714294800
0.167,1,Apr 28 2024 11: +0,1714298400
0.21,1,Apr 28 2024 12: +0,1714302000
0.214,5,Apr 28 2024 14: +0,1714309200
0.164,4,Apr 28 2024 19: +0,1714327200
0.206,5,Apr 28 2024 20: +0,1714330800
0.173,1,Apr 28 2024 21: +0,1714334400
0.194,1,Apr 28 2024 22: +0,1714338000
0.2,4,Apr 28 2024 23: +0,1714341600
0.199,1,Apr 29 2024 01: +0,1714348800
0.2,2,Apr 29 2024 02: +0,1714352400
0.2,2,Apr 29 2024 06: +0,1714366800
0.205,1,Apr 29 2024 09: +0,1714377600
0.2,1,Apr 29 2024 10: +0,1714381200
0.204,2,Apr 29 2024 13: +0,1714392000
0.168,1,Apr 29 2024 16: +0,1714402800
0.188,3,Apr 29 2024 19: +0,1714413600
0.202,2,Apr 29 2024 20: +0,1714417200
0.204,2,Apr 29 2024 21: +0,1714420800
0.2,1,Apr 30 2024 00: +0,1714431600
0.165,1,Apr 30 2024 02: +0,1714438800
0.2,1,Apr 30 2024 03: +0,1714442400
0.208,3,Apr 30 2024 06: +0,1714453200
0.205,4,Apr 30 2024 10: +0,1714467600
0.2,1,Apr 30 2024 11: +0,1714471200
0.202,2,Apr 30 2024 13: +0,1714478400
0.196,5,Apr 30 2024 19: +0,1714500000
0.177,1,Apr 30 2024 20: +0,1714503600
0.186,2,Apr 30 2024 21: +0,1714507200
0.187,2,Apr 30 2024 23: +0,1714514400
0.192,1,May 01 2024 04: +0,1714532400
0.153,1,May 01 2024 07: +0,1714543200
0.179,2,May 01 2024 09: +0,1714550400
0.188,4,May 01 2024 10: +0,1714554000
0.188,3,May 01 2024 11: +0,1714557600
0.187,1,May 01 2024 12: +0,1714561200
0.187,5,May 01 2024 13: +0,1714564800
0.205,2,May 01 2024 14: +0,1714568400
0.205,2,May 01 2024 16: +0,1714575600
0.205,1,May 01 2024 17: +0,1714579200
0.2,1,May 01 2024 18: +0,1714582800
0.205,7,May 01 2024 19: +0,1714586400
0.205,4,May 01 2024 20: +0,1714590000
0.182,2,May 01 2024 22: +0,1714597200
0.2,1,May 01 2024 23: +0,1714600800
0.174,1,May 02 2024 04: +0,1714618800
0.184,1,May 02 2024 06: +0,1714626000
0.179,3,May 02 2024 08: +0,1714633200
0.173,1,May 02 2024 12: +0,1714647600
0.167,1,May 02 2024 14: +0,1714654800
0.192,1,May 02 2024 16: +0,1714662000
0.168,1,May 02 2024 17: +0,1714665600
0.179,1,May 02 2024 19: +0,1714672800
0.162,1,May 02 2024 20: +0,1714676400
0.145,1,May 02 2024 21: +0,1714680000
0.179,1,May 02 2024 22: +0,1714683600
0.179,4,May 03 2024 02: +0,1714698000
0.192,4,May 03 2024 03: +0,1714701600
0.16,2,May 03 2024 05: +0,1714708800
0.184,4,May 03 2024 07: +0,1714716000
0.186,4,May 03 2024 09: +0,1714723200
0.177,2,May 03 2024 11: +0,1714730400
0.186,2,May 03 2024 14: +0,1714741200
0.168,1,May 03 2024 17: +0,1714752000
0.164,1,May 03 2024 18: +0,1714755600
0.184,3,May 03 2024 19: +0,1714759200
0.181,2,May 03 2024 20: +0,1714762800
0.192,1,May 03 2024 22: +0,1714770000
0.168,1,May 03 2024 23: +0,1714773600
0.175,2,May 04 2024 00: +0,1714777200
0.184,1,May 04 2024 02: +0,1714784400
0.184,1,May 04 2024 05: +0,1714795200
0.181,1,May 04 2024 07: +0,1714802400
0.173,4,May 04 2024 09: +0,1714809600
0.163,1,May 04 2024 10: +0,1714813200
0.172,1,May 04 2024 12: +0,1714820400
0.181,1,May 04 2024 15: +0,1714831200
0.184,1,May 04 2024 16: +0,1714834800
0.164,1,May 04 2024 17: +0,1714838400
0.181,1,May 04 2024 18: +0,1714842000
0.178,1,May 04 2024 19: +0,1714845600
0.182,1,May 04 2024 20: +0,1714849200
0.183,1,May 04 2024 21: +0,1714852800
0.185,1,May 04 2024 22: +0,1714856400
0.156,2,May 04 2024 23: +0,1714860000
0.175,1,May 05 2024 00: +0,1714863600
0.172,1,May 05 2024 03: +0,1714874400
0.164,1,May 05 2024 04: +0,1714878000
0.184,1,May 05 2024 09: +0,1714896000
0.149,1,May 05 2024 10: +0,1714899600
0.152,2,May 05 2024 13: +0,1714910400
0.184,2,May 05 2024 14: +0,1714914000
0.155,2,May 05 2024 15: +0,1714917600
0.181,1,May 05 2024 17: +0,1714924800
0.181,4,May 05 2024 18: +0,1714928400
0.181,1,May 05 2024 19: +0,1714932000
0.185,1,May 05 2024 20: +0,1714935600
0.174,6,May 05 2024 21: +0,1714939200
0.192,4,May 05 2024 22: +0,1714942800
0.183,1,May 06 2024 01: +0,1714953600
0.192,9,May 06 2024 03: +0,1714960800
0.192,1,May 06 2024 04: +0,1714964400
0.184,1,May 06 2024 06: +0,1714971600
0.234,2,May 06 2024 09: +0,1714982400
0.184,1,May 06 2024 13: +0,1714996800
0.184,2,May 06 2024 15: +0,1715004000
0.181,6,May 06 2024 17: +0,1715011200
0.164,1,May 06 2024 18: +0,1715014800
0.183,2,May 06 2024 19: +0,1715018400
0.184,2,May 06 2024 20: +0,1715022000
0.192,1,May 06 2024 21: +0,1715025600
0.192,1,May 06 2024 22: +0,1715029200
0.192,1,May 07 2024 05: +0,1715054400
0.192,1,May 07 2024 06: +0,1715058000
0.164,1,May 07 2024 08: +0,1715065200
0.181,1,May 07 2024 09: +0,1715068800
0.194,5,May 07 2024 10: +0,1715072400
0.194,1,May 07 2024 12: +0,1715079600
0.166,1,May 07 2024 15: +0,1715090400
0.164,1,May 07 2024 18: +0,1715101200
0.173,13,May 07 2024 19: +0,1715104800
0.199,1,May 07 2024 20: +0,1715108400
0.16,8,May 07 2024 21: +0,1715112000
0.16,1,May 07 2024 23: +0,1715119200
0.16,1,May 08 2024 00: +0,1715122800
0.19,1,May 08 2024 01: +0,1715126400
0.184,1,May 08 2024 05: +0,1715140800
0.148,1,May 08 2024 07: +0,1715148000
0.154,1,May 08 2024 09: +0,1715155200
0.179,1,May 08 2024 10: +0,1715158800
0.184,2,May 08 2024 11: +0,1715162400
0.178,1,May 08 2024 12: +0,1715166000
0.19,1,May 08 2024 14: +0,1715173200
0.191,5,May 08 2024 16: +0,1715180400
0.19,1,May 08 2024 17: +0,1715184000
0.207,9,May 08 2024 19: +0,1715191200
0.216,1,May 08 2024 20: +0,1715194800
0.215,1,May 08 2024 21: +0,1715198400
0.148,1,May 08 2024 22: +0,1715202000
0.202,1,May 09 2024 05: +0,1715227200
0.204,1,May 09 2024 08: +0,1715238000
0.2,1,May 09 2024 10: +0,1715245200
0.202,2,May 09 2024 12: +0,1715252400
0.16,1,May 09 2024 15: +0,1715263200
0.198,4,May 09 2024 16: +0,1715266800
0.184,2,May 09 2024 17: +0,1715270400
0.198,2,May 09 2024 19: +0,1715277600
0.198,3,May 09 2024 20: +0,1715281200
0.2,1,May 09 2024 22: +0,1715288400
0.205,2,May 09 2024 23: +0,1715292000
0.213,1,May 10 2024 00: +0,1715295600
0.205,1,May 10 2024 02: +0,1715302800
0.196,2,May 10 2024 07: +0,1715320800
0.18,1,May 10 2024 09: +0,1715328000
0.196,1,May 10 2024 10: +0,1715331600
0.204,1,May 10 2024 12: +0,1715338800
0.2,1,May 10 2024 13: +0,1715342400
0.198,4,May 10 2024 14: +0,1715346000
0.203,2,May 10 2024 15: +0,1715349600
0.19,1,May 10 2024 19: +0,1715364000
0.191,5,May 10 2024 20: +0,1715367600
0.191,1,May 10 2024 21: +0,1715371200
0.152,1,May 10 2024 22: +0,1715374800
0.207,3,May 10 2024 23: +0,1715378400
0.213,1,May 11 2024 00: +0,1715382000
0.199,1,May 11 2024 01: +0,1715385600
0.213,1,May 11 2024 05: +0,1715400000
0.214,1,May 11 2024 10: +0,1715418000
0.216,3,May 11 2024 12: +0,1715425200
0.218,2,May 11 2024 13: +0,1715428800
0.227,1,May 11 2024 15: +0,1715436000
0.172,1,May 11 2024 17: +0,1715443200
0.216,1,May 11 2024 18: +0,1715446800
0.216,2,May 11 2024 20: +0,1715454000
0.207,2,May 11 2024 21: +0,1715457600
0.19,2,May 11 2024 22: +0,1715461200
0.172,1,May 12 2024 00: +0,1715468400
0.2,1,May 12 2024 01: +0,1715472000
0.215,55,May 12 2024 06: +0,1715490000
0.35,1,May 12 2024 09: +0,1715500800
0.351,2,May 12 2024 11: +0,1715508000
0.272,1,May 12 2024 15: +0,1715522400
0.332,2,May 12 2024 18: +0,1715533200
0.295,2,May 12 2024 19: +0,1715536800
0.247,4,May 13 2024 02: +0,1715562000
0.253,1,May 13 2024 04: +0,1715569200
0.291,3,May 13 2024 06: +0,1715576400
0.204,1,May 13 2024 08: +0,1715583600
0.23,4,May 13 2024 12: +0,1715598000
0.25,2,May 13 2024 13: +0,1715601600
0.253,1,May 13 2024 17: +0,1715616000
0.238,1,May 13 2024 19: +0,1715623200
0.278,3,May 13 2024 22: +0,1715634000
0.245,1,May 13 2024 23: +0,1715637600
0.245,3,May 14 2024 00: +0,1715641200
0.245,1,May 14 2024 01: +0,1715644800
0.263,2,May 14 2024 03: +0,1715652000
0.245,1,May 14 2024 04: +0,1715655600
0.255,1,May 14 2024 13: +0,1715688000
0.256,1,May 14 2024 14: +0,1715691600
0.23,3,May 14 2024 15: +0,1715695200
0.222,1,May 14 2024 17: +0,1715702400
0.242,2,May 14 2024 19: +0,1715709600
0.265,4,May 14 2024 20: +0,1715713200
0.248,4,May 14 2024 21: +0,1715716800
0.239,1,May 15 2024 04: +0,1715742000
0.253,1,May 15 2024 05: +0,1715745600
0.266,1,May 15 2024 06: +0,1715749200
0.231,2,May 15 2024 10: +0,1715763600
0.267,1,May 15 2024 11: +0,1715767200
0.253,1,May 15 2024 12: +0,1715770800
0.253,1,May 15 2024 13: +0,1715774400
0.267,1,May 15 2024 16: +0,1715785200
0.265,1,May 15 2024 18: +0,1715792400
0.269,1,May 15 2024 19: +0,1715796000
0.268,3,May 15 2024 22: +0,1715806800
0.253,1,May 15 2024 23: +0,1715810400
0.269,1,May 16 2024 01: +0,1715817600
0.245,1,May 16 2024 03: +0,1715824800
0.253,1,May 16 2024 11: +0,1715853600
0.277,1,May 16 2024 12: +0,1715857200
0.197,1,May 16 2024 15: +0,1715868000
0.284,3,May 16 2024 17: +0,1715875200
0.286,1,May 16 2024 18: +0,1715878800
0.253,3,May 16 2024 22: +0,1715893200
0.279,1,May 17 2024 01: +0,1715904000
0.287,4,May 17 2024 02: +0,1715907600
0.253,5,May 17 2024 06: +0,1715922000
0.277,4,May 17 2024 09: +0,1715932800
0.286,1,May 17 2024 10: +0,1715936400
0.286,1,May 17 2024 12: +0,1715943600
0.272,1,May 17 2024 15: +0,1715954400
0.284,1,May 17 2024 19: +0,1715968800
0.284,1,May 17 2024 22: +0,1715979600
0.286,1,May 18 2024 02: +0,1715994000
0.28,1,May 18 2024 08: +0,1716015600
0.244,1,May 18 2024 13: +0,1716033600
0.28,4,May 18 2024 14: +0,1716037200
0.298,1,May 18 2024 16: +0,1716044400
0.299,1,May 18 2024 18: +0,1716051600
0.299,3,May 18 2024 19: +0,1716055200
0.275,1,May 19 2024 05: +0,1716091200
0.326,1,May 19 2024 09: +0,1716105600
0.334,10,May 19 2024 11: +0,1716112800
0.403,13,May 19 2024 12: +0,1716116400
0.381,2,May 19 2024 15: +0,1716127200
0.359,5,May 19 2024 16: +0,1716130800
0.315,2,May 19 2024 19: +0,1716141600
0.319,2,May 19 2024 20: +0,1716145200
0.36,15,May 19 2024 21: +0,1716148800
0.323,1,May 19 2024 22: +0,1716152400
0.366,2,May 20 2024 00: +0,1716159600
0.369,1,May 20 2024 01: +0,1716163200
0.401,1,May 20 2024 05: +0,1716177600
0.346,1,May 20 2024 09: +0,1716192000
0.346,4,May 20 2024 11: +0,1716199200
0.341,1,May 20 2024 12: +0,1716202800
0.38,2,May 20 2024 14: +0,1716210000
0.519,24,May 20 2024 15: +0,1716213600
0.338,1,May 20 2024 20: +0,1716231600
0.338,21,May 20 2024 22: +0,1716238800
0.417,1,May 20 2024 23: +0,1716242400
0.453,15,May 21 2024 02: +0,1716253200
0.512,3,May 21 2024 04: +0,1716260400
0.541,11,May 21 2024 07: +0,1716271200
0.482,1,May 21 2024 08: +0,1716274800
0.562,1,May 21 2024 09: +0,1716278400
0.354,2,May 21 2024 10: +0,1716282000
0.562,14,May 21 2024 12: +0,1716289200
0.795,1,May 21 2024 13: +0,1716292800
0.338,1,May 21 2024 17: +0,1716307200
0.561,1,May 21 2024 18: +0,1716310800
0.331,5,May 21 2024 19: +0,1716314400
0.338,5,May 21 2024 20: +0,1716318000
0.416,1,May 21 2024 22: +0,1716325200
0.512,1,May 22 2024 04: +0,1716346800
0.338,1,May 22 2024 05: +0,1716350400
0.422,1,May 22 2024 07: +0,1716357600
0.417,3,May 22 2024 08: +0,1716361200
0.425,5,May 22 2024 12: +0,1716375600
0.394,1,May 22 2024 21: +0,1716408000
0.409,2,May 22 2024 22: +0,1716411600
0.472,1,May 23 2024 01: +0,1716422400
0.409,1,May 23 2024 11: +0,1716458400
0.409,1,May 23 2024 15: +0,1716472800
0.378,1,May 23 2024 16: +0,1716476400
0.432,2,May 23 2024 18: +0,1716483600
0.405,2,May 23 2024 23: +0,1716501600
0.416,2,May 24 2024 06: +0,1716526800
0.432,5,May 24 2024 08: +0,1716534000
0.416,2,May 24 2024 12: +0,1716548400
0.416,9,May 24 2024 13: +0,1716552000
0.442,1,May 24 2024 14: +0,1716555600
0.249,1,May 24 2024 15: +0,1716559200
0.338,1,May 24 2024 18: +0,1716570000
0.377,2,May 24 2024 19: +0,1716573600
0.399,1,May 24 2024 20: +0,1716577200
0.448,1,May 24 2024 21: +0,1716580800
0.401,1,May 25 2024 01: +0,1716595200
0.448,1,May 25 2024 02: +0,1716598800
0.448,1,May 25 2024 07: +0,1716616800
0.358,3,May 25 2024 08: +0,1716620400
0.338,1,May 25 2024 13: +0,1716638400
0.346,4,May 25 2024 17: +0,1716652800
0.4,1,May 26 2024 00: +0,1716678000
0.338,1,May 26 2024 07: +0,1716703200
0.38,1,May 26 2024 14: +0,1716728400
0.372,1,May 26 2024 15: +0,1716732000
0.392,1,May 26 2024 17: +0,1716739200
0.385,1,May 26 2024 20: +0,1716750000
0.372,1,May 27 2024 00: +0,1716764400
0.367,5,May 27 2024 10: +0,1716800400
0.338,1,May 27 2024 11: +0,1716804000
0.314,13,May 27 2024 16: +0,1716822000
0.351,1,May 27 2024 17: +0,1716825600
0.348,2,May 27 2024 19: +0,1716832800
0.271,2,May 27 2024 20: +0,1716836400
0.329,2,May 28 2024 04: +0,1716865200
0.251,1,May 28 2024 05: +0,1716868800
0.291,7,May 28 2024 06: +0,1716872400
0.33,1,May 28 2024 16: +0,1716908400
0.283,4,May 28 2024 17: +0,1716912000
0.298,1,May 28 2024 20: +0,1716922800
0.283,1,May 29 2024 05: +0,1716955200
0.303,1,May 29 2024 09: +0,1716969600
0.329,1,May 29 2024 12: +0,1716980400
0.317,1,May 29 2024 14: +0,1716987600
0.275,1,May 30 2024 01: +0,1717027200
0.283,1,May 30 2024 06: +0,1717045200
0.316,3,May 30 2024 10: +0,1717059600
0.29,1,May 30 2024 11: +0,1717063200
0.267,1,May 30 2024 13: +0,1717070400
0.283,1,May 30 2024 14: +0,1717074000
0.243,1,May 30 2024 15: +0,1717077600
0.299,4,May 30 2024 16: +0,1717081200
0.283,3,May 30 2024 17: +0,1717084800
0.283,1,May 30 2024 18: +0,1717088400
0.286,8,May 30 2024 20: +0,1717095600
0.227,1,May 30 2024 21: +0,1717099200
0.267,5,May 30 2024 22: +0,1717102800
0.286,1,May 31 2024 04: +0,1717124400
0.251,1,May 31 2024 08: +0,1717138800
0.248,1,May 31 2024 12: +0,1717153200
0.267,2,May 31 2024 14: +0,1717160400
0.268,8,May 31 2024 15: +0,1717164000
0.29,1,May 31 2024 17: +0,1717171200
0.29,1,May 31 2024 20: +0,1717182000
0.29,1,May 31 2024 22: +0,1717189200
0.204,1,Jun 01 2024 00: +0,1717196400
0.289,2,Jun 01 2024 03: +0,1717207200
0.287,1,Jun 01 2024 05: +0,1717214400
0.274,1,Jun 01 2024 11: +0,1717236000
0.22,1,Jun 01 2024 14: +0,1717246800
0.244,1,Jun 01 2024 19: +0,1717264800
0.254,1,Jun 02 2024 02: +0,1717290000
0.252,1,Jun 02 2024 07: +0,1717308000
0.254,1,Jun 02 2024 09: +0,1717315200
0.248,1,Jun 02 2024 11: +0,1717322400
0.239,1,Jun 02 2024 16: +0,1717340400
0.243,5,Jun 02 2024 17: +0,1717344000
0.235,1,Jun 02 2024 18: +0,1717347600
0.244,1,Jun 02 2024 19: +0,1717351200
0.227,1,Jun 02 2024 22: +0,1717362000
0.245,1,Jun 03 2024 00: +0,1717369200
0.238,1,Jun 03 2024 13: +0,1717416000
0.238,1,Jun 03 2024 15: +0,1717423200
0.213,1,Jun 03 2024 16: +0,1717426800
0.235,1,Jun 03 2024 17: +0,1717430400
0.205,12,Jun 03 2024 20: +0,1717441200
0.222,2,Jun 03 2024 21: +0,1717444800
0.24,1,Jun 03 2024 22: +0,1717448400
0.237,1,Jun 04 2024 03: +0,1717466400
0.24,1,Jun 04 2024 05: +0,1717473600
0.226,2,Jun 04 2024 11: +0,1717495200
0.152,1,Jun 04 2024 14: +0,1717506000
0.229,1,Jun 04 2024 16: +0,1717513200
0.205,1,Jun 04 2024 17: +0,1717516800
0.24,1,Jun 04 2024 18: +0,1717520400
0.213,2,Jun 04 2024 20: +0,1717527600
0.24,6,Jun 04 2024 21: +0,1717531200
0.237,3,Jun 04 2024 22: +0,1717534800
0.213,1,Jun 04 2024 23: +0,1717538400
0.213,1,Jun 05 2024 02: +0,1717549200
0.213,1,Jun 05 2024 04: +0,1717556400
0.225,2,Jun 05 2024 08: +0,1717570800
0.226,1,Jun 05 2024 09: +0,1717574400
0.204,1,Jun 05 2024 10: +0,1717578000
0.213,1,Jun 05 2024 13: +0,1717588800
0.177,1,Jun 05 2024 14: +0,1717592400
0.213,3,Jun 05 2024 15: +0,1717596000
0.213,1,Jun 05 2024 17: +0,1717603200
0.213,2,Jun 05 2024 18: +0,1717606800
0.205,1,Jun 05 2024 19: +0,1717610400
0.221,1,Jun 05 2024 21: +0,1717617600
0.227,4,Jun 05 2024 22: +0,1717621200
0.2,2,Jun 06 2024 00: +0,1717628400
0.229,1,Jun 06 2024 05: +0,1717646400
0.221,2,Jun 06 2024 06: +0,1717650000
0.232,1,Jun 06 2024 09: +0,1717660800
0.25,1,Jun 06 2024 10: +0,1717664400
0.205,3,Jun 06 2024 11: +0,1717668000
0.221,1,Jun 06 2024 12: +0,1717671600
0.245,1,Jun 06 2024 13: +0,1717675200
0.253,1,Jun 06 2024 15: +0,1717682400
0.249,1,Jun 06 2024 16: +0,1717686000
0.221,1,Jun 06 2024 18: +0,1717693200
0.253,3,Jun 06 2024 20: +0,1717700400
0.266,1,Jun 06 2024 21: +0,1717704000
0.292,2,Jun 06 2024 23: +0,1717711200
0.294,2,Jun 07 2024 00: +0,1717714800
0.25,1,Jun 07 2024 13: +0,1717761600
0.237,2,Jun 07 2024 14: +0,1717765200
0.25,1,Jun 07 2024 15: +0,1717768800
0.25,1,Jun 07 2024 18: +0,1717779600
0.25,1,Jun 07 2024 20: +0,1717786800
0.237,1,Jun 07 2024 21: +0,1717790400
0.25,6,Jun 07 2024 23: +0,1717797600
0.245,1,Jun 08 2024 00: +0,1717801200
0.245,1,Jun 08 2024 01: +0,1717804800
0.229,1,Jun 08 2024 03: +0,1717812000
0.25,1,Jun 08 2024 07: +0,1717826400
0.237,4,Jun 08 2024 08: +0,1717830000
0.237,1,Jun 08 2024 12: +0,1717844400
0.213,3,Jun 08 2024 14: +0,1717851600
0.245,1,Jun 08 2024 16: +0,1717858800
0.256,2,Jun 08 2024 19: +0,1717869600
0.245,1,Jun 08 2024 20: +0,1717873200
0.256,1,Jun 08 2024 21: +0,1717876800
0.248,1,Jun 08 2024 23: +0,1717884000
0.253,2,Jun 09 2024 02: +0,1717894800
0.259,2,Jun 09 2024 06: +0,1717909200
0.229,1,Jun 09 2024 10: +0,1717923600
0.245,1,Jun 09 2024 11: +0,1717927200
0.26,3,Jun 09 2024 17: +0,1717948800
0.256,1,Jun 09 2024 20: +0,1717959600
0.271,1,Jun 09 2024 23: +0,1717970400
0.272,1,Jun 10 2024 00: +0,1717974000
0.276,1,Jun 10 2024 04: +0,1717988400
0.292,5,Jun 10 2024 05: +0,1717992000
0.29,1,Jun 10 2024 09: +0,1718006400
0.299,1,Jun 10 2024 10: +0,1718010000
0.196,1,Jun 10 2024 11: +0,1718013600
0.295,1,Jun 10 2024 12: +0,1718017200
0.299,17,Jun 10 2024 16: +0,1718031600
0.256,2,Jun 10 2024 19: +0,1718042400
0.265,1,Jun 10 2024 23: +0,1718056800
0.245,1,Jun 11 2024 00: +0,1718060400
0.253,1,Jun 11 2024 06: +0,1718082000
0.288,2,Jun 11 2024 09: +0,1718092800
0.256,2,Jun 11 2024 10: +0,1718096400
0.253,1,Jun 11 2024 15: +0,1718114400
0.256,1,Jun 11 2024 22: +0,1718139600
0.209,2,Jun 12 2024 00: +0,1718146800
0.237,1,Jun 12 2024 01: +0,1718150400
0.213,2,Jun 12 2024 04: +0,1718161200
0.233,1,Jun 12 2024 06: +0,1718168400
0.23,1,Jun 12 2024 07: +0,1718172000
0.224,2,Jun 12 2024 10: +0,1718182800
0.221,1,Jun 12 2024 12: +0,1718190000
0.213,1,Jun 12 2024 14: +0,1718197200
0.237,1,Jun 12 2024 15: +0,1718200800
0.237,1,Jun 12 2024 17: +0,1718208000
0.217,2,Jun 12 2024 18: +0,1718211600
0.237,1,Jun 12 2024 19: +0,1718215200
0.229,1,Jun 12 2024 21: +0,1718222400
0.224,2,Jun 13 2024 13: +0,1718280000
0.227,2,Jun 13 2024 15: +0,1718287200
0.237,1,Jun 13 2024 16: +0,1718290800
0.231,1,Jun 13 2024 20: +0,1718305200
0.197,1,Jun 14 2024 01: +0,1718323200
0.229,5,Jun 14 2024 02: +0,1718326800
0.215,2,Jun 14 2024 03: +0,1718330400
0.244,2,Jun 14 2024 04: +0,1718334000
0.227,1,Jun 14 2024 05: +0,1718337600
0.205,14,Jun 14 2024 10: +0,1718355600
0.198,1,Jun 14 2024 11: +0,1718359200
0.205,7,Jun 14 2024 13: +0,1718366400
0.255,4,Jun 14 2024 17: +0,1718380800
0.205,3,Jun 14 2024 18: +0,1718384400
0.23,2,Jun 14 2024 19: +0,1718388000
0.264,1,Jun 14 2024 21: +0,1718395200
0.205,1,Jun 14 2024 22: +0,1718398800
0.272,4,Jun 15 2024 00: +0,1718406000
0.295,1,Jun 15 2024 01: +0,1718409600
0.169,1,Jun 15 2024 02: +0,1718413200
0.294,1,Jun 15 2024 03: +0,1718416800
0.282,3,Jun 15 2024 09: +0,1718438400
0.287,2,Jun 15 2024 15: +0,1718460000
0.287,1,Jun 15 2024 16: +0,1718463600
0.213,1,Jun 15 2024 17: +0,1718467200
