price,quantity,date,unix timestamp
0.606,5,Aug 14 2019 01: +0,1565740800
0.339,30,Aug 15 2019 01: +0,1565827200
0.434,21,Aug 16 2019 01: +0,1565913600
0.424,15,Aug 17 2019 01: +0,1566000000
0.351,8,Aug 18 2019 01: +0,1566086400
0.359,8,Aug 19 2019 01: +0,1566172800
0.341,19,Aug 20 2019 01: +0,1566259200
0.322,11,Aug 21 2019 01: +0,1566345600
0.317,10,Aug 22 2019 01: +0,1566432000
0.476,20,Aug 23 2019 01: +0,1566518400
0.562,22,Aug 24 2019 01: +0,1566604800
0.559,12,Aug 25 2019 01: +0,1566691200
0.618,23,Aug 26 2019 01: +0,1566777600
0.681,18,Aug 27 2019 01: +0,1566864000
0.542,10,Aug 28 2019 01: +0,1566950400
0.751,17,Aug 29 2019 01: +0,1567036800
0.824,8,Aug 30 2019 01: +0,1567123200
0.682,9,Aug 31 2019 01: +0,1567209600
0.649,6,Sep 01 2019 01: +0,1567296000
0.424,10,Sep 02 2019 01: +0,1567382400
0.34,8,Sep 03 2019 01: +0,1567468800
0.351,10,Sep 04 2019 01: +0,1567555200
0.296,8,Sep 05 2019 01: +0,1567641600
0.43,6,Sep 06 2019 01: +0,1567728000
0.158,80,Sep 07 2019 01: +0,1567814400
0.116,365,Sep 08 2019 01: +0,1567900800
0.125,267,Sep 09 2019 01: +0,1567987200
0.128,198,Sep 10 2019 01: +0,1568073600
0.129,165,Sep 11 2019 01: +0,1568160000
0.127,134,Sep 12 2019 01: +0,1568246400
0.136,177,Sep 13 2019 01: +0,1568332800
0.12,157,Sep 14 2019 01: +0,1568419200
0.107,147,Sep 15 2019 01: +0,1568505600
0.105,155,Sep 16 2019 01: +0,1568592000
0.099,147,Sep 17 2019 01: +0,1568678400
0.089,136,Sep 18 2019 01: +0,1568764800
0.086,118,Sep 19 2019 01: +0,1568851200
0.085,122,Sep 20 2019 01: +0,1568937600
0.078,109,Sep 21 2019 01: +0,1569024000
0.082,100,Sep 22 2019 01: +0,1569110400
0.078,69,Sep 23 2019 01: +0,1569196800
0.081,91,Sep 24 2019 01: +0,1569283200
0.08,68,Sep 25 2019 01: +0,1569369600
0.088,70,Sep 26 2019 01: +0,1569456000
0.103,150,Sep 27 2019 01: +0,1569542400
0.104,52,Sep 28 2019 01: +0,1569628800
0.117,65,Sep 29 2019 01: +0,1569715200
0.11,61,Sep 30 2019 01: +0,1569801600
0.117,46,Oct 01 2019 01: +0,1569888000
0.119,30,Oct 02 2019 01: +0,1569974400
0.128,90,Oct 03 2019 01: +0,1570060800
0.142,41,Oct 04 2019 01: +0,1570147200
0.144,33,Oct 05 2019 01: +0,1570233600
0.14,35,Oct 06 2019 01: +0,1570320000
0.14,23,Oct 07 2019 01: +0,1570406400
0.146,28,Oct 08 2019 01: +0,1570492800
0.152,20,Oct 09 2019 01: +0,1570579200
0.155,11,Oct 10 2019 01: +0,1570665600
0.154,23,Oct 11 2019 01: +0,1570752000
0.163,25,Oct 12 2019 01: +0,1570838400
0.177,45,Oct 13 2019 01: +0,1570924800
0.156,26,Oct 14 2019 01: +0,1571011200
0.163,22,Oct 15 2019 01: +0,1571097600
0.158,26,Oct 16 2019 01: +0,1571184000
0.165,13,Oct 17 2019 01: +0,1571270400
0.156,25,Oct 18 2019 01: +0,1571356800
0.139,45,Oct 19 2019 01: +0,1571443200
0.136,42,Oct 20 2019 01: +0,1571529600
0.123,37,Oct 21 2019 01: +0,1571616000
0.13,19,Oct 22 2019 01: +0,1571702400
0.113,11,Oct 23 2019 01: +0,1571788800
0.114,15,Oct 24 2019 01: +0,1571875200
0.121,21,Oct 25 2019 01: +0,1571961600
0.122,29,Oct 26 2019 01: +0,1572048000
0.124,30,Oct 27 2019 01: +0,1572134400
0.135,6,Oct 28 2019 01: +0,1572224400
0.127,19,Oct 29 2019 01: +0,1572310800
0.132,12,Oct 30 2019 01: +0,1572397200
0.125,11,Oct 31 2019 01: +0,1572483600
0.124,17,Nov 01 2019 01: +0,1572570000
0.125,15,Nov 02 2019 01: +0,1572656400
0.115,30,Nov 03 2019 01: +0,1572742800
0.111,19,Nov 04 2019 01: +0,1572829200
0.114,22,Nov 05 2019 01: +0,1572915600
0.119,26,Nov 06 2019 01: +0,1573002000
0.125,14,Nov 07 2019 01: +0,1573088400
0.119,15,Nov 08 2019 01: +0,1573174800
0.126,16,Nov 09 2019 01: +0,1573261200
0.112,33,Nov 10 2019 01: +0,1573347600
0.123,38,Nov 11 2019 01: +0,1573434000
0.136,9,Nov 12 2019 01: +0,1573520400
0.109,8,Nov 13 2019 01: +0,1573606800
0.106,37,Nov 14 2019 01: +0,1573693200
0.104,15,Nov 15 2019 01: +0,1573779600
0.126,14,Nov 16 2019 01: +0,1573866000
0.121,8,Nov 17 2019 01: +0,1573952400
0.108,16,Nov 18 2019 01: +0,1574038800
0.095,56,Nov 19 2019 01: +0,1574125200
0.093,18,Nov 20 2019 01: +0,1574211600
0.094,20,Nov 21 2019 01: +0,1574298000
0.093,21,Nov 22 2019 01: +0,1574384400
0.101,20,Nov 23 2019 01: +0,1574470800
0.093,9,Nov 24 2019 01: +0,1574557200
0.086,25,Nov 25 2019 01: +0,1574643600
0.094,13,Nov 26 2019 01: +0,1574730000
0.097,9,Nov 27 2019 01: +0,1574816400
0.095,11,Nov 28 2019 01: +0,1574902800
0.09,9,Nov 29 2019 01: +0,1574989200
0.081,9,Nov 30 2019 01: +0,1575075600
0.087,17,Dec 01 2019 01: +0,1575162000
0.095,4,Dec 02 2019 01: +0,1575248400
0.097,10,Dec 03 2019 01: +0,1575334800
0.093,9,Dec 04 2019 01: +0,1575421200
0.09,11,Dec 05 2019 01: +0,1575507600
0.092,14,Dec 06 2019 01: +0,1575594000
0.084,17,Dec 07 2019 01: +0,1575680400
0.096,7,Dec 08 2019 01: +0,1575766800
0.091,16,Dec 09 2019 01: +0,1575853200
0.094,9,Dec 10 2019 01: +0,1575939600
0.1,17,Dec 11 2019 01: +0,1576026000
0.094,8,Dec 12 2019 01: +0,1576112400
0.103,14,Dec 13 2019 01: +0,1576198800
0.102,12,Dec 14 2019 01: +0,1576285200
0.099,11,Dec 15 2019 01: +0,1576371600
0.1,15,Dec 16 2019 01: +0,1576458000
0.095,18,Dec 17 2019 01: +0,1576544400
0.097,33,Dec 18 2019 01: +0,1576630800
0.097,17,Dec 19 2019 01: +0,1576717200
0.095,17,Dec 20 2019 01: +0,1576803600
0.111,14,Dec 21 2019 01: +0,1576890000
0.115,6,Dec 22 2019 01: +0,1576976400
0.109,7,Dec 23 2019 01: +0,1577062800
0.113,12,Dec 24 2019 01: +0,1577149200
0.12,12,Dec 25 2019 01: +0,1577235600
0.106,15,Dec 26 2019 01: +0,1577322000
0.104,12,Dec 27 2019 01: +0,1577408400
0.1,14,Dec 28 2019 01: +0,1577494800
0.093,14,Dec 29 2019 01: +0,1577581200
0.099,13,Dec 30 2019 01: +0,1577667600
0.105,15,Dec 31 2019 01: +0,1577754000
0.114,15,Jan 01 2020 01: +0,1577840400
0.114,11,Jan 02 2020 01: +0,1577926800
0.108,13,Jan 03 2020 01: +0,1578013200
0.116,13,Jan 04 2020 01: +0,1578099600
0.128,16,Jan 05 2020 01: +0,1578186000
0.132,10,Jan 06 2020 01: +0,1578272400
0.143,11,Jan 07 2020 01: +0,1578358800
0.14,14,Jan 08 2020 01: +0,1578445200
0.143,9,Jan 09 2020 01: +0,1578531600
0.136,11,Jan 10 2020 01: +0,1578618000
0.135,13,Jan 11 2020 01: +0,1578704400
0.135,10,Jan 12 2020 01: +0,1578790800
0.134,6,Jan 13 2020 01: +0,1578877200
0.13,12,Jan 14 2020 01: +0,1578963600
0.137,13,Jan 15 2020 01: +0,1579050000
0.141,9,Jan 16 2020 01: +0,1579136400
0.139,5,Jan 17 2020 01: +0,1579222800
0.141,22,Jan 18 2020 01: +0,1579309200
0.141,24,Jan 19 2020 01: +0,1579395600
0.155,24,Jan 20 2020 01: +0,1579482000
0.213,90,Jan 21 2020 01: +0,1579568400
0.253,72,Jan 22 2020 01: +0,1579654800
0.278,141,Jan 23 2020 01: +0,1579741200
0.17,52,Jan 24 2020 01: +0,1579827600
0.166,9,Jan 25 2020 01: +0,1579914000
0.157,8,Jan 26 2020 01: +0,1580000400
0.165,16,Jan 27 2020 01: +0,1580086800
0.156,13,Jan 28 2020 01: +0,1580173200
0.159,10,Jan 29 2020 01: +0,1580259600
0.158,15,Jan 30 2020 01: +0,1580346000
0.152,11,Jan 31 2020 01: +0,1580432400
0.155,19,Feb 01 2020 01: +0,1580518800
0.164,9,Feb 02 2020 01: +0,1580605200
0.152,12,Feb 03 2020 01: +0,1580691600
0.158,14,Feb 04 2020 01: +0,1580778000
0.164,18,Feb 05 2020 01: +0,1580864400
0.156,8,Feb 06 2020 01: +0,1580950800
0.146,22,Feb 07 2020 01: +0,1581037200
0.143,14,Feb 08 2020 01: +0,1581123600
0.136,25,Feb 09 2020 01: +0,1581210000
0.142,18,Feb 10 2020 01: +0,1581296400
0.154,8,Feb 11 2020 01: +0,1581382800
0.159,9,Feb 12 2020 01: +0,1581469200
0.157,23,Feb 13 2020 01: +0,1581555600
0.166,13,Feb 14 2020 01: +0,1581642000
0.145,14,Feb 15 2020 01: +0,1581728400
0.138,18,Feb 16 2020 01: +0,1581814800
0.142,20,Feb 17 2020 01: +0,1581901200
0.146,12,Feb 18 2020 01: +0,1581987600
0.144,8,Feb 19 2020 01: +0,1582074000
0.137,17,Feb 20 2020 01: +0,1582160400
0.136,14,Feb 21 2020 01: +0,1582246800
0.134,23,Feb 22 2020 01: +0,1582333200
0.127,20,Feb 23 2020 01: +0,1582419600
0.128,26,Feb 24 2020 01: +0,1582506000
0.131,40,Feb 25 2020 01: +0,1582592400
0.133,41,Feb 26 2020 01: +0,1582678800
0.136,41,Feb 27 2020 01: +0,1582765200
0.126,14,Feb 28 2020 01: +0,1582851600
0.144,25,Feb 29 2020 01: +0,1582938000
0.13,23,Mar 01 2020 01: +0,1583024400
0.133,20,Mar 02 2020 01: +0,1583110800
0.13,11,Mar 03 2020 01: +0,1583197200
0.137,15,Mar 04 2020 01: +0,1583283600
0.13,12,Mar 05 2020 01: +0,1583370000
0.125,22,Mar 06 2020 01: +0,1583456400
0.125,28,Mar 07 2020 01: +0,1583542800
0.131,25,Mar 08 2020 01: +0,1583629200
0.129,18,Mar 09 2020 01: +0,1583715600
0.128,17,Mar 10 2020 01: +0,1583802000
0.131,9,Mar 11 2020 01: +0,1583888400
0.141,11,Mar 12 2020 01: +0,1583974800
0.137,9,Mar 13 2020 01: +0,1584061200
0.128,23,Mar 14 2020 01: +0,1584147600
0.121,37,Mar 15 2020 01: +0,1584234000
0.119,42,Mar 16 2020 01: +0,1584320400
0.113,17,Mar 17 2020 01: +0,1584406800
0.126,13,Mar 18 2020 01: +0,1584493200
0.122,26,Mar 19 2020 01: +0,1584579600
0.131,45,Mar 20 2020 01: +0,1584666000
0.129,10,Mar 21 2020 01: +0,1584752400
0.13,16,Mar 22 2020 01: +0,1584838800
0.119,14,Mar 23 2020 01: +0,1584925200
0.127,23,Mar 24 2020 01: +0,1585011600
0.129,8,Mar 25 2020 01: +0,1585098000
0.132,30,Mar 26 2020 01: +0,1585184400
0.132,16,Mar 27 2020 01: +0,1585270800
0.124,10,Mar 28 2020 01: +0,1585357200
0.137,10,Mar 29 2020 01: +0,1585443600
0.128,10,Mar 30 2020 01: +0,1585526400
0.135,12,Mar 31 2020 01: +0,1585612800
0.132,19,Apr 01 2020 01: +0,1585699200
0.14,20,Apr 02 2020 01: +0,1585785600
0.141,16,Apr 03 2020 01: +0,1585872000
0.137,22,Apr 04 2020 01: +0,1585958400
0.147,29,Apr 05 2020 01: +0,1586044800
0.191,53,Apr 06 2020 01: +0,1586131200
0.191,8,Apr 07 2020 01: +0,1586217600
0.188,18,Apr 08 2020 01: +0,1586304000
0.183,15,Apr 09 2020 01: +0,1586390400
0.181,10,Apr 10 2020 01: +0,1586476800
0.177,11,Apr 11 2020 01: +0,1586563200
0.182,11,Apr 12 2020 01: +0,1586649600
0.169,23,Apr 13 2020 01: +0,1586736000
0.173,16,Apr 14 2020 01: +0,1586822400
0.171,22,Apr 15 2020 01: +0,1586908800
0.182,10,Apr 16 2020 01: +0,1586995200
0.205,18,Apr 17 2020 01: +0,1587081600
0.195,10,Apr 18 2020 01: +0,1587168000
0.236,19,Apr 19 2020 01: +0,1587254400
0.232,25,Apr 20 2020 01: +0,1587340800
0.286,7,Apr 21 2020 01: +0,1587427200
0.248,16,Apr 22 2020 01: +0,1587513600
0.23,5,Apr 23 2020 01: +0,1587600000
0.225,19,Apr 24 2020 01: +0,1587686400
0.204,9,Apr 25 2020 01: +0,1587772800
0.233,10,Apr 26 2020 01: +0,1587859200
0.218,8,Apr 27 2020 01: +0,1587945600
0.208,5,Apr 28 2020 01: +0,1588032000
0.186,20,Apr 29 2020 01: +0,1588118400
0.212,28,Apr 30 2020 01: +0,1588204800
0.193,10,May 01 2020 01: +0,1588291200
0.211,15,May 02 2020 01: +0,1588377600
0.226,14,May 03 2020 01: +0,1588464000
0.218,8,May 04 2020 01: +0,1588550400
0.23,5,May 05 2020 01: +0,1588636800
0.211,10,May 06 2020 01: +0,1588723200
0.204,11,May 07 2020 01: +0,1588809600
0.219,11,May 08 2020 01: +0,1588896000
0.214,17,May 09 2020 01: +0,1588982400
0.242,17,May 10 2020 01: +0,1589068800
0.262,24,May 11 2020 01: +0,1589155200
0.272,14,May 12 2020 01: +0,1589241600
0.293,9,May 13 2020 01: +0,1589328000
0.291,8,May 14 2020 01: +0,1589414400
0.282,14,May 15 2020 01: +0,1589500800
0.253,5,May 16 2020 01: +0,1589587200
0.273,11,May 17 2020 01: +0,1589673600
0.302,6,May 18 2020 01: +0,1589760000
0.286,9,May 19 2020 01: +0,1589846400
0.246,18,May 20 2020 01: +0,1589932800
0.257,9,May 21 2020 01: +0,1590019200
0.266,4,May 22 2020 01: +0,1590105600
0.246,7,May 23 2020 01: +0,1590192000
0.243,7,May 24 2020 01: +0,1590278400
0.241,16,May 25 2020 01: +0,1590364800
0.237,15,May 26 2020 01: +0,1590451200
0.243,8,May 27 2020 01: +0,1590537600
0.236,10,May 28 2020 01: +0,1590624000
0.241,11,May 29 2020 01: +0,1590710400
0.232,9,May 30 2020 01: +0,1590796800
0.235,5,May 31 2020 01: +0,1590883200
0.226,31,Jun 01 2020 01: +0,1590969600
0.237,12,Jun 02 2020 01: +0,1591056000
0.22,3,Jun 03 2020 01: +0,1591142400
0.243,18,Jun 04 2020 01: +0,1591228800
0.246,1,Jun 05 2020 01: +0,1591315200
0.255,20,Jun 06 2020 01: +0,1591401600
0.293,9,Jun 07 2020 01: +0,1591488000
0.275,3,Jun 08 2020 01: +0,1591574400
0.26,5,Jun 09 2020 01: +0,1591660800
0.277,6,Jun 10 2020 01: +0,1591747200
0.278,45,Jun 11 2020 01: +0,1591833600
0.332,20,Jun 12 2020 01: +0,1591920000
0.337,15,Jun 13 2020 01: +0,1592006400
0.357,3,Jun 14 2020 01: +0,1592092800
0.382,8,Jun 15 2020 01: +0,1592179200
0.412,3,Jun 16 2020 01: +0,1592265600
0.396,3,Jun 17 2020 01: +0,1592352000
0.383,3,Jun 18 2020 01: +0,1592438400
0.361,5,Jun 19 2020 01: +0,1592524800
0.306,5,Jun 20 2020 01: +0,1592611200
0.308,7,Jun 21 2020 01: +0,1592697600
0.324,3,Jun 22 2020 01: +0,1592784000
0.343,10,Jun 23 2020 01: +0,1592870400
0.286,7,Jun 24 2020 01: +0,1592956800
0.31,9,Jun 25 2020 01: +0,1593043200
0.314,12,Jun 26 2020 01: +0,1593129600
0.319,6,Jun 27 2020 01: +0,1593216000
0.303,5,Jun 28 2020 01: +0,1593302400
0.304,3,Jun 29 2020 01: +0,1593388800
0.323,4,Jun 30 2020 01: +0,1593475200
0.326,4,Jul 01 2020 01: +0,1593561600
0.33,4,Jul 02 2020 01: +0,1593648000
0.376,45,Jul 03 2020 01: +0,1593734400
0.422,6,Jul 04 2020 01: +0,1593820800
0.374,7,Jul 05 2020 01: +0,1593907200
0.326,2,Jul 06 2020 01: +0,1593993600
0.347,4,Jul 07 2020 01: +0,1594080000
0.381,5,Jul 08 2020 01: +0,1594166400
0.373,6,Jul 09 2020 01: +0,1594252800
0.398,3,Jul 10 2020 01: +0,1594339200
0.376,17,Jul 11 2020 01: +0,1594425600
0.379,14,Jul 12 2020 01: +0,1594512000
0.375,9,Jul 13 2020 01: +0,1594598400
0.368,21,Jul 14 2020 01: +0,1594684800
0.365,8,Jul 15 2020 01: +0,1594771200
0.438,50,Jul 16 2020 01: +0,1594857600
0.485,4,Jul 17 2020 01: +0,1594944000
0.429,2,Jul 18 2020 01: +0,1595030400
0.503,2,Jul 19 2020 01: +0,1595116800
0.635,36,Jul 20 2020 01: +0,1595203200
0.668,11,Jul 21 2020 01: +0,1595289600
0.726,9,Jul 22 2020 01: +0,1595376000
0.746,6,Jul 23 2020 01: +0,1595462400
0.722,4,Jul 24 2020 01: +0,1595548800
0.669,6,Jul 25 2020 01: +0,1595635200
0.652,3,Jul 26 2020 01: +0,1595721600
0.7,5,Jul 27 2020 01: +0,1595808000
0.695,28,Jul 28 2020 01: +0,1595894400
0.707,18,Jul 29 2020 01: +0,1595980800
0.752,8,Jul 30 2020 01: +0,1596067200
0.656,2,Jul 31 2020 01: +0,1596153600
0.652,6,Aug 01 2020 01: +0,1596240000
0.651,25,Aug 02 2020 01: +0,1596326400
0.644,10,Aug 03 2020 01: +0,1596412800
0.685,11,Aug 04 2020 01: +0,1596499200
0.664,1,Aug 05 2020 01: +0,1596585600
0.662,7,Aug 06 2020 01: +0,1596672000
0.653,5,Aug 07 2020 01: +0,1596758400
0.651,16,Aug 08 2020 01: +0,1596844800
0.646,4,Aug 09 2020 01: +0,1596931200
0.459,5,Aug 10 2020 01: +0,1597017600
0.646,2,Aug 11 2020 01: +0,1597104000
0.548,4,Aug 12 2020 01: +0,1597190400
0.582,3,Aug 13 2020 01: +0,1597276800
0.54,3,Aug 14 2020 01: +0,1597363200
0.555,4,Aug 15 2020 01: +0,1597449600
0.565,31,Aug 16 2020 01: +0,1597536000
0.491,4,Aug 17 2020 01: +0,1597622400
0.505,16,Aug 18 2020 01: +0,1597708800
0.552,1,Aug 19 2020 01: +0,1597795200
0.405,5,Aug 20 2020 01: +0,1597881600
0.478,4,Aug 21 2020 01: +0,1597968000
0.431,3,Aug 22 2020 01: +0,1598054400
0.464,2,Aug 23 2020 01: +0,1598140800
0.417,31,Aug 24 2020 01: +0,1598227200
0.397,9,Aug 25 2020 01: +0,1598313600
0.371,11,Aug 26 2020 01: +0,1598400000
0.376,6,Aug 27 2020 01: +0,1598486400
0.335,37,Aug 28 2020 01: +0,1598572800
0.361,8,Aug 29 2020 01: +0,1598659200
0.365,3,Aug 30 2020 01: +0,1598745600
0.368,9,Aug 31 2020 01: +0,1598832000
0.381,56,Sep 01 2020 01: +0,1598918400
0.462,8,Sep 02 2020 01: +0,1599004800
0.456,7,Sep 03 2020 01: +0,1599091200
0.437,28,Sep 04 2020 01: +0,1599177600
0.403,3,Sep 05 2020 01: +0,1599264000
0.421,9,Sep 06 2020 01: +0,1599350400
0.338,3,Sep 07 2020 01: +0,1599436800
0.391,5,Sep 08 2020 01: +0,1599523200
0.397,15,Sep 09 2020 01: +0,1599609600
0.318,1,Sep 10 2020 01: +0,1599696000
0.4,7,Sep 11 2020 01: +0,1599782400
0.421,9,Sep 12 2020 01: +0,1599868800
0.515,43,Sep 13 2020 01: +0,1599955200
0.5,4,Sep 14 2020 01: +0,1600041600
0.454,2,Sep 15 2020 01: +0,1600128000
0.502,1,Sep 16 2020 01: +0,1600214400
0.424,2,Sep 17 2020 01: +0,1600300800
0.434,5,Sep 18 2020 01: +0,1600387200
0.333,8,Sep 19 2020 01: +0,1600473600
0.391,7,Sep 20 2020 01: +0,1600560000
0.423,3,Sep 21 2020 01: +0,1600646400
0.409,4,Sep 22 2020 01: +0,1600732800
0.413,9,Sep 23 2020 01: +0,1600819200
0.385,7,Sep 24 2020 01: +0,1600905600
0.376,1,Sep 25 2020 01: +0,1600992000
0.341,2,Sep 26 2020 01: +0,1601078400
0.394,8,Sep 27 2020 01: +0,1601164800
0.395,5,Sep 28 2020 01: +0,1601251200
0.414,11,Sep 29 2020 01: +0,1601337600
0.44,5,Sep 30 2020 01: +0,1601424000
0.426,3,Oct 01 2020 01: +0,1601510400
0.43,4,Oct 02 2020 01: +0,1601596800
0.452,2,Oct 03 2020 01: +0,1601683200
0.412,1,Oct 04 2020 01: +0,1601769600
0.414,1,Oct 05 2020 01: +0,1601856000
0.442,1,Oct 06 2020 01: +0,1601942400
0.407,4,Oct 07 2020 01: +0,1602028800
0.389,68,Oct 08 2020 01: +0,1602115200
0.364,3,Oct 09 2020 01: +0,1602201600
0.364,3,Oct 10 2020 01: +0,1602288000
0.431,5,Oct 11 2020 01: +0,1602374400
0.341,2,Oct 12 2020 01: +0,1602460800
0.353,4,Oct 13 2020 01: +0,1602547200
0.377,8,Oct 14 2020 01: +0,1602633600
0.402,3,Oct 15 2020 01: +0,1602720000
0.385,3,Oct 16 2020 01: +0,1602806400
0.397,2,Oct 17 2020 01: +0,1602892800
0.398,4,Oct 18 2020 01: +0,1602979200
0.417,6,Oct 19 2020 01: +0,1603065600
0.405,5,Oct 20 2020 01: +0,1603152000
0.379,1,Oct 21 2020 01: +0,1603238400
0.361,2,Oct 22 2020 01: +0,1603324800
0.411,2,Oct 23 2020 01: +0,1603411200
0.445,1,Oct 24 2020 01: +0,1603497600
0.381,1,Oct 25 2020 01: +0,1603584000
0.387,19,Oct 26 2020 01: +0,1603674000
0.422,1,Oct 27 2020 01: +0,1603760400
0.41,2,Oct 28 2020 01: +0,1603846800
0.391,6,Oct 29 2020 01: +0,1603933200
0.379,2,Oct 30 2020 01: +0,1604019600
0.364,3,Oct 31 2020 01: +0,1604106000
0.362,2,Nov 01 2020 01: +0,1604192400
0.396,2,Nov 02 2020 01: +0,1604278800
0.351,5,Nov 03 2020 01: +0,1604365200
0.398,2,Nov 04 2020 01: +0,1604451600
0.388,2,Nov 06 2020 01: +0,1604624400
0.368,5,Nov 07 2020 01: +0,1604710800
0.398,3,Nov 08 2020 01: +0,1604797200
0.391,2,Nov 09 2020 01: +0,1604883600
0.387,4,Nov 10 2020 01: +0,1604970000
0.394,9,Nov 11 2020 01: +0,1605056400
0.403,6,Nov 12 2020 01: +0,1605142800
0.407,5,Nov 13 2020 01: +0,1605229200
0.394,1,Nov 14 2020 01: +0,1605315600
0.402,7,Nov 15 2020 01: +0,1605402000
0.399,11,Nov 16 2020 01: +0,1605488400
0.391,3,Nov 17 2020 01: +0,1605574800
0.408,2,Nov 18 2020 01: +0,1605661200
0.448,6,Nov 19 2020 01: +0,1605747600
0.452,3,Nov 20 2020 01: +0,1605834000
0.453,5,Nov 21 2020 01: +0,1605920400
0.461,1,Nov 22 2020 01: +0,1606006800
0.395,5,Nov 23 2020 01: +0,1606093200
0.376,6,Nov 24 2020 01: +0,1606179600
0.339,2,Nov 25 2020 01: +0,1606266000
0.335,6,Nov 26 2020 01: +0,1606352400
0.373,5,Nov 27 2020 01: +0,1606438800
0.371,4,Nov 28 2020 01: +0,1606525200
0.336,7,Nov 29 2020 01: +0,1606611600
0.408,4,Nov 30 2020 01: +0,1606698000
0.369,3,Dec 01 2020 01: +0,1606784400
0.407,6,Dec 03 2020 01: +0,1606957200
0.324,8,Dec 04 2020 01: +0,1607043600
0.291,9,Dec 05 2020 01: +0,1607130000
0.308,3,Dec 06 2020 01: +0,1607216400
0.258,5,Dec 07 2020 01: +0,1607302800
0.239,7,Dec 08 2020 01: +0,1607389200
0.231,6,Dec 09 2020 01: +0,1607475600
0.275,3,Dec 10 2020 01: +0,1607562000
0.248,2,Dec 11 2020 01: +0,1607648400
0.248,2,Dec 12 2020 01: +0,1607734800
0.245,3,Dec 13 2020 01: +0,1607821200
0.267,3,Dec 14 2020 01: +0,1607907600
0.265,5,Dec 15 2020 01: +0,1607994000
0.249,4,Dec 16 2020 01: +0,1608080400
0.241,5,Dec 17 2020 01: +0,1608166800
0.265,4,Dec 18 2020 01: +0,1608253200
0.246,5,Dec 19 2020 01: +0,1608339600
0.266,6,Dec 20 2020 01: +0,1608426000
0.256,10,Dec 21 2020 01: +0,1608512400
0.284,5,Dec 22 2020 01: +0,1608598800
0.281,1,Dec 23 2020 01: +0,1608685200
0.296,1,Dec 24 2020 01: +0,1608771600
0.316,7,Dec 26 2020 01: +0,1608944400
0.315,3,Dec 27 2020 01: +0,1609030800
0.345,6,Dec 28 2020 01: +0,1609117200
0.333,3,Dec 29 2020 01: +0,1609203600
0.376,5,Dec 30 2020 01: +0,1609290000
0.317,2,Dec 31 2020 01: +0,1609376400
0.296,6,Jan 01 2021 01: +0,1609462800
0.369,3,Jan 02 2021 01: +0,1609549200
0.347,8,Jan 04 2021 01: +0,1609722000
0.349,2,Jan 05 2021 01: +0,1609808400
0.354,6,Jan 06 2021 01: +0,1609894800
0.403,4,Jan 07 2021 01: +0,1609981200
0.365,4,Jan 08 2021 01: +0,1610067600
0.372,6,Jan 09 2021 01: +0,1610154000
0.378,2,Jan 11 2021 01: +0,1610326800
0.397,1,Jan 12 2021 01: +0,1610413200
0.327,6,Jan 13 2021 01: +0,1610499600
0.353,2,Jan 14 2021 01: +0,1610586000
0.372,4,Jan 15 2021 01: +0,1610672400
0.347,4,Jan 16 2021 01: +0,1610758800
0.406,8,Jan 17 2021 01: +0,1610845200
0.397,1,Jan 18 2021 01: +0,1610931600
0.406,3,Jan 19 2021 01: +0,1611018000
0.397,6,Jan 20 2021 01: +0,1611104400
0.42,10,Jan 21 2021 01: +0,1611190800
0.353,5,Jan 22 2021 01: +0,1611277200
0.344,5,Jan 23 2021 01: +0,1611363600
0.298,1,Jan 24 2021 01: +0,1611450000
0.347,4,Jan 25 2021 01: +0,1611536400
0.353,2,Jan 26 2021 01: +0,1611622800
0.318,2,Jan 28 2021 01: +0,1611795600
0.282,6,Jan 29 2021 01: +0,1611882000
0.252,3,Jan 30 2021 01: +0,1611968400
0.275,4,Jan 31 2021 01: +0,1612054800
0.273,9,Feb 01 2021 01: +0,1612141200
0.3,2,Feb 02 2021 01: +0,1612227600
0.29,1,Feb 03 2021 01: +0,1612314000
0.279,4,Feb 04 2021 01: +0,1612400400
0.279,1,Feb 06 2021 01: +0,1612573200
0.265,4,Feb 07 2021 01: +0,1612659600
0.251,3,Feb 08 2021 01: +0,1612746000
0.252,3,Feb 09 2021 01: +0,1612832400
0.269,10,Feb 10 2021 01: +0,1612918800
0.321,3,Feb 11 2021 01: +0,1613005200
0.287,4,Feb 12 2021 01: +0,1613091600
0.26,3,Feb 13 2021 01: +0,1613178000
0.234,6,Feb 14 2021 01: +0,1613264400
0.246,9,Feb 15 2021 01: +0,1613350800
0.314,11,Feb 16 2021 01: +0,1613437200
0.284,6,Feb 17 2021 01: +0,1613523600
0.26,4,Feb 18 2021 01: +0,1613610000
0.262,1,Feb 19 2021 01: +0,1613696400
0.206,2,Feb 20 2021 01: +0,1613782800
0.388,21,Feb 21 2021 01: +0,1613869200
0.339,5,Feb 22 2021 01: +0,1613955600
0.275,3,Feb 23 2021 01: +0,1614042000
0.265,1,Feb 24 2021 01: +0,1614128400
0.267,3,Feb 25 2021 01: +0,1614214800
0.258,8,Feb 26 2021 01: +0,1614301200
0.277,2,Feb 27 2021 01: +0,1614387600
0.223,5,Feb 28 2021 01: +0,1614474000
0.249,5,Mar 01 2021 01: +0,1614560400
0.239,4,Mar 02 2021 01: +0,1614646800
0.236,9,Mar 03 2021 01: +0,1614733200
0.241,3,Mar 04 2021 01: +0,1614819600
0.255,12,Mar 05 2021 01: +0,1614906000
0.242,6,Mar 06 2021 01: +0,1614992400
0.259,6,Mar 07 2021 01: +0,1615078800
0.262,2,Mar 08 2021 01: +0,1615165200
0.264,2,Mar 09 2021 01: +0,1615251600
0.284,4,Mar 10 2021 01: +0,1615338000
0.309,2,Mar 11 2021 01: +0,1615424400
0.315,4,Mar 12 2021 01: +0,1615510800
0.288,4,Mar 13 2021 01: +0,1615597200
0.349,1,Mar 14 2021 01: +0,1615683600
0.331,6,Mar 15 2021 01: +0,1615770000
0.344,2,Mar 16 2021 01: +0,1615856400
0.312,3,Mar 17 2021 01: +0,1615942800
0.322,3,Mar 18 2021 01: +0,1616029200
0.27,2,Mar 21 2021 01: +0,1616288400
0.296,3,Mar 22 2021 01: +0,1616374800
0.285,3,Mar 23 2021 01: +0,1616461200
0.293,4,Mar 24 2021 01: +0,1616547600
0.271,3,Mar 25 2021 01: +0,1616634000
0.278,3,Mar 26 2021 01: +0,1616720400
0.277,3,Mar 27 2021 01: +0,1616806800
0.249,1,Mar 28 2021 01: +0,1616893200
0.229,2,Mar 29 2021 01: +0,1616976000
0.261,2,Mar 30 2021 01: +0,1617062400
0.277,8,Mar 31 2021 01: +0,1617148800
0.265,1,Apr 01 2021 01: +0,1617235200
0.302,4,Apr 02 2021 01: +0,1617321600
0.311,4,Apr 03 2021 01: +0,1617408000
0.281,1,Apr 04 2021 01: +0,1617494400
0.309,4,Apr 05 2021 01: +0,1617580800
0.319,3,Apr 06 2021 01: +0,1617667200
0.278,3,Apr 07 2021 01: +0,1617753600
0.255,9,Apr 08 2021 01: +0,1617840000
0.252,5,Apr 09 2021 01: +0,1617926400
0.228,9,Apr 10 2021 01: +0,1618012800
0.254,15,Apr 11 2021 01: +0,1618099200
0.271,1,Apr 12 2021 01: +0,1618185600
0.249,9,Apr 13 2021 01: +0,1618272000
0.215,1,Apr 14 2021 01: +0,1618358400
0.244,6,Apr 15 2021 01: +0,1618444800
0.232,5,Apr 16 2021 01: +0,1618531200
0.233,10,Apr 17 2021 01: +0,1618617600
0.236,31,Apr 18 2021 01: +0,1618704000
0.248,3,Apr 19 2021 01: +0,1618790400
0.202,1,Apr 20 2021 01: +0,1618876800
0.206,2,Apr 21 2021 01: +0,1618963200
0.245,3,Apr 22 2021 01: +0,1619049600
0.253,8,Apr 23 2021 01: +0,1619136000
0.26,3,Apr 24 2021 01: +0,1619222400
0.297,8,Apr 25 2021 01: +0,1619308800
0.279,6,Apr 26 2021 01: +0,1619395200
0.273,23,Apr 27 2021 01: +0,1619481600
0.263,5,Apr 28 2021 01: +0,1619568000
0.275,15,Apr 29 2021 01: +0,1619654400
0.245,2,Apr 30 2021 01: +0,1619740800
0.269,2,May 01 2021 01: +0,1619827200
0.251,1,May 02 2021 01: +0,1619913600
0.284,1,May 03 2021 01: +0,1620000000
0.264,5,May 04 2021 01: +0,1620086400
0.25,7,May 05 2021 01: +0,1620172800
0.252,4,May 06 2021 01: +0,1620259200
0.235,6,May 07 2021 01: +0,1620345600
0.243,3,May 08 2021 01: +0,1620432000
0.232,2,May 09 2021 01: +0,1620518400
0.248,1,May 10 2021 01: +0,1620604800
0.241,3,May 11 2021 01: +0,1620691200
0.207,15,May 12 2021 01: +0,1620777600
0.245,6,May 14 2021 01: +0,1620950400
0.221,6,May 15 2021 01: +0,1621036800
0.264,18,May 16 2021 01: +0,1621123200
0.326,11,May 17 2021 01: +0,1621209600
0.393,26,May 18 2021 01: +0,1621296000
0.36,2,May 19 2021 01: +0,1621382400
0.372,3,May 20 2021 01: +0,1621468800
0.359,2,May 21 2021 01: +0,1621555200
0.36,1,May 22 2021 01: +0,1621641600
0.377,2,May 23 2021 01: +0,1621728000
0.373,18,May 24 2021 01: +0,1621814400
0.456,20,May 25 2021 01: +0,1621900800
0.5,2,May 27 2021 01: +0,1622073600
0.499,9,May 29 2021 01: +0,1622246400
0.54,5,May 30 2021 01: +0,1622332800
0.513,2,May 31 2021 01: +0,1622419200
0.521,3,Jun 01 2021 01: +0,1622505600
0.51,4,Jun 02 2021 01: +0,1622592000
0.513,1,Jun 03 2021 01: +0,1622678400
0.556,23,Jun 04 2021 01: +0,1622764800
0.355,3,Jun 05 2021 01: +0,1622851200
0.409,3,Jun 06 2021 01: +0,1622937600
0.481,8,Jun 07 2021 01: +0,1623024000
0.415,3,Jun 09 2021 01: +0,1623196800
0.402,2,Jun 11 2021 01: +0,1623369600
0.421,2,Jun 12 2021 01: +0,1623456000
0.391,3,Jun 13 2021 01: +0,1623542400
0.404,1,Jun 14 2021 01: +0,1623628800
0.431,4,Jun 15 2021 01: +0,1623715200
0.397,6,Jun 16 2021 01: +0,1623801600
0.426,1,Jun 17 2021 01: +0,1623888000
0.392,5,Jun 18 2021 01: +0,1623974400
0.372,5,Jun 19 2021 01: +0,1624060800
0.378,5,Jun 21 2021 01: +0,1624233600
0.31,3,Jun 22 2021 01: +0,1624320000
0.413,3,Jun 23 2021 01: +0,1624406400
0.305,1,Jun 24 2021 01: +0,1624492800
0.365,9,Jun 26 2021 01: +0,1624665600
0.333,1,Jun 27 2021 01: +0,1624752000
0.397,1,Jun 28 2021 01: +0,1624838400
0.342,2,Jun 29 2021 01: +0,1624924800
0.363,9,Jun 30 2021 01: +0,1625011200
0.41,16,Jul 01 2021 01: +0,1625097600
0.275,2,Jul 07 2021 01: +0,1625616000
0.277,2,Jul 08 2021 01: +0,1625702400
0.271,12,Jul 09 2021 01: +0,1625788800
0.205,2,Jul 10 2021 01: +0,1625875200
0.232,2,Jul 11 2021 01: +0,1625961600
0.279,14,Jul 12 2021 01: +0,1626048000
0.247,1,Jul 13 2021 01: +0,1626134400
0.262,3,Jul 14 2021 01: +0,1626220800
0.232,1,Jul 15 2021 01: +0,1626307200
0.271,5,Jul 17 2021 01: +0,1626480000
0.261,2,Jul 18 2021 01: +0,1626566400
0.29,1,Jul 20 2021 01: +0,1626739200
0.253,1,Jul 21 2021 01: +0,1626825600
0.249,1,Jul 22 2021 01: +0,1626912000
0.286,2,Jul 23 2021 01: +0,1626998400
0.319,5,Jul 25 2021 01: +0,1627171200
0.318,1,Jul 26 2021 01: +0,1627257600
0.312,1,Jul 27 2021 01: +0,1627344000
0.284,2,Jul 28 2021 01: +0,1627430400
0.314,1,Jul 29 2021 01: +0,1627516800
0.265,1,Jul 31 2021 01: +0,1627689600
0.251,4,Aug 01 2021 01: +0,1627776000
0.295,3,Aug 02 2021 01: +0,1627862400
0.295,3,Aug 03 2021 01: +0,1627948800
0.249,1,Aug 05 2021 01: +0,1628121600
0.25,1,Aug 06 2021 01: +0,1628208000
0.249,3,Aug 08 2021 01: +0,1628380800
0.251,2,Aug 09 2021 01: +0,1628467200
0.298,1,Aug 10 2021 01: +0,1628553600
0.248,1,Aug 12 2021 01: +0,1628726400
0.291,1,Aug 13 2021 01: +0,1628812800
0.244,7,Aug 16 2021 01: +0,1629072000
0.196,3,Aug 17 2021 01: +0,1629158400
0.233,2,Aug 19 2021 01: +0,1629331200
0.244,3,Aug 20 2021 01: +0,1629417600
0.233,1,Aug 21 2021 01: +0,1629504000
0.226,7,Aug 22 2021 01: +0,1629590400
0.218,1,Aug 24 2021 01: +0,1629763200
0.174,3,Aug 25 2021 01: +0,1629849600
0.237,2,Aug 26 2021 01: +0,1629936000
0.239,4,Aug 27 2021 01: +0,1630022400
0.236,2,Aug 28 2021 01: +0,1630108800
0.223,1,Aug 30 2021 01: +0,1630281600
0.203,2,Aug 31 2021 01: +0,1630368000
0.259,2,Sep 01 2021 01: +0,1630454400
0.226,6,Sep 02 2021 01: +0,1630540800
0.262,9,Sep 03 2021 01: +0,1630627200
0.215,1,Sep 04 2021 01: +0,1630713600
0.264,2,Sep 05 2021 01: +0,1630800000
0.261,6,Sep 06 2021 01: +0,1630886400
0.243,2,Sep 07 2021 01: +0,1630972800
0.264,2,Sep 08 2021 01: +0,1631059200
0.275,4,Sep 09 2021 01: +0,1631145600
0.276,1,Sep 10 2021 01: +0,1631232000
0.263,13,Sep 11 2021 01: +0,1631318400
0.283,6,Sep 12 2021 01: +0,1631404800
0.278,2,Sep 14 2021 01: +0,1631577600
0.281,1,Sep 15 2021 01: +0,1631664000
0.274,5,Sep 16 2021 01: +0,1631750400
0.246,2,Sep 17 2021 01: +0,1631836800
0.275,2,Sep 18 2021 01: +0,1631923200
0.226,5,Sep 19 2021 01: +0,1632009600
0.286,2,Sep 20 2021 01: +0,1632096000
0.281,1,Sep 21 2021 01: +0,1632182400
0.2,15,Sep 22 2021 01: +0,1632268800
0.116,1,Sep 23 2021 01: +0,1632355200
0.108,1,Sep 25 2021 01: +0,1632528000
0.209,2,Sep 26 2021 01: +0,1632614400
0.183,2,Sep 27 2021 01: +0,1632700800
0.19,1,Sep 28 2021 01: +0,1632787200
0.243,5,Sep 29 2021 01: +0,1632873600
0.198,4,Sep 30 2021 01: +0,1632960000
0.259,3,Oct 01 2021 01: +0,1633046400
0.276,4,Oct 02 2021 01: +0,1633132800
0.272,1,Oct 03 2021 01: +0,1633219200
0.269,1,Oct 04 2021 01: +0,1633305600
0.189,3,Oct 06 2021 01: +0,1633478400
0.196,3,Oct 07 2021 01: +0,1633564800
0.145,2,Oct 08 2021 01: +0,1633651200
0.267,4,Oct 10 2021 01: +0,1633824000
0.182,2,Oct 12 2021 01: +0,1633996800
0.204,8,Oct 13 2021 01: +0,1634083200
0.268,3,Oct 14 2021 01: +0,1634169600
0.189,2,Oct 15 2021 01: +0,1634256000
0.209,9,Oct 16 2021 01: +0,1634342400
0.23,3,Oct 17 2021 01: +0,1634428800
0.21,1,Oct 18 2021 01: +0,1634515200
0.186,1,Oct 20 2021 01: +0,1634688000
0.199,3,Oct 21 2021 01: +0,1634774400
0.173,1,Oct 22 2021 01: +0,1634860800
0.191,3,Oct 23 2021 01: +0,1634947200
0.15,4,Oct 24 2021 01: +0,1635033600
0.176,3,Oct 25 2021 01: +0,1635120000
0.197,8,Oct 26 2021 01: +0,1635206400
0.186,1,Oct 28 2021 01: +0,1635379200
0.225,4,Oct 29 2021 01: +0,1635465600
0.183,4,Oct 30 2021 01: +0,1635552000
0.265,10,Oct 31 2021 01: +0,1635638400
0.265,6,Nov 01 2021 01: +0,1635728400
0.272,30,Nov 02 2021 01: +0,1635814800
0.292,3,Nov 03 2021 01: +0,1635901200
0.284,2,Nov 04 2021 01: +0,1635987600
0.286,4,Nov 05 2021 01: +0,1636074000
0.287,6,Nov 06 2021 01: +0,1636160400
0.29,1,Nov 07 2021 01: +0,1636246800
0.268,3,Nov 08 2021 01: +0,1636333200
0.244,3,Nov 09 2021 01: +0,1636419600
0.234,5,Nov 10 2021 01: +0,1636506000
0.172,1,Nov 11 2021 01: +0,1636592400
0.204,3,Nov 12 2021 01: +0,1636678800
0.2,10,Nov 13 2021 01: +0,1636765200
0.205,1,Nov 14 2021 01: +0,1636851600
0.219,1,Nov 15 2021 01: +0,1636938000
0.219,5,Nov 16 2021 01: +0,1637024400
0.206,4,Nov 17 2021 01: +0,1637110800
0.224,1,Nov 18 2021 01: +0,1637197200
0.231,6,Nov 19 2021 01: +0,1637283600
0.271,1,Nov 20 2021 01: +0,1637370000
0.26,1,Nov 21 2021 01: +0,1637456400
0.245,3,Nov 22 2021 01: +0,1637542800
0.215,1,Nov 25 2021 01: +0,1637802000
0.264,1,Nov 26 2021 01: +0,1637888400
0.254,3,Nov 27 2021 01: +0,1637974800
0.225,1,Nov 28 2021 01: +0,1638061200
0.207,1,Nov 29 2021 01: +0,1638147600
0.184,1,Nov 30 2021 01: +0,1638234000
0.183,1,Dec 02 2021 01: +0,1638406800
0.237,2,Dec 04 2021 01: +0,1638579600
0.24,1,Dec 06 2021 01: +0,1638752400
0.224,4,Dec 08 2021 01: +0,1638925200
0.232,5,Dec 09 2021 01: +0,1639011600
0.213,7,Dec 12 2021 01: +0,1639270800
0.207,3,Dec 13 2021 01: +0,1639357200
0.241,1,Dec 15 2021 01: +0,1639530000
0.239,2,Dec 16 2021 01: +0,1639616400
0.226,6,Dec 18 2021 01: +0,1639789200
0.183,1,Dec 19 2021 01: +0,1639875600
0.183,5,Dec 20 2021 01: +0,1639962000
0.226,1,Dec 23 2021 01: +0,1640221200
0.207,6,Dec 25 2021 01: +0,1640394000
0.197,2,Dec 26 2021 01: +0,1640480400
0.184,1,Dec 28 2021 01: +0,1640653200
0.168,15,Dec 29 2021 01: +0,1640739600
0.185,4,Dec 30 2021 01: +0,1640826000
0.199,1,Dec 31 2021 01: +0,1640912400
0.195,6,Jan 01 2022 01: +0,1640998800
0.2,2,Jan 03 2022 01: +0,1641171600
0.15,4,Jan 04 2022 01: +0,1641258000
0.174,1,Jan 05 2022 01: +0,1641344400
0.193,3,Jan 06 2022 01: +0,1641430800
0.194,2,Jan 09 2022 01: +0,1641690000
0.174,1,Jan 10 2022 01: +0,1641776400
0.176,2,Jan 11 2022 01: +0,1641862800
0.181,2,Jan 12 2022 01: +0,1641949200
0.186,2,Jan 13 2022 01: +0,1642035600
0.195,1,Jan 16 2022 01: +0,1642294800
0.189,8,Jan 17 2022 01: +0,1642381200
0.168,5,Jan 18 2022 01: +0,1642467600
0.188,3,Jan 19 2022 01: +0,1642554000
0.184,6,Jan 20 2022 01: +0,1642640400
0.213,19,Jan 21 2022 01: +0,1642726800
0.211,6,Jan 22 2022 01: +0,1642813200
0.204,3,Jan 23 2022 01: +0,1642899600
0.198,3,Jan 24 2022 01: +0,1642986000
0.232,6,Jan 25 2022 01: +0,1643072400
0.237,3,Jan 26 2022 01: +0,1643158800
0.252,4,Jan 27 2022 01: +0,1643245200
0.244,3,Jan 28 2022 01: +0,1643331600
0.249,5,Jan 29 2022 01: +0,1643418000
0.247,3,Jan 30 2022 01: +0,1643504400
0.223,2,Jan 31 2022 01: +0,1643590800
0.27,4,Feb 01 2022 01: +0,1643677200
0.267,4,Feb 02 2022 01: +0,1643763600
0.287,1,Feb 03 2022 01: +0,1643850000
0.281,10,Feb 04 2022 01: +0,1643936400
0.297,1,Feb 05 2022 01: +0,1644022800
0.228,2,Feb 06 2022 01: +0,1644109200
0.241,2,Feb 08 2022 01: +0,1644282000
0.197,5,Feb 09 2022 01: +0,1644368400
0.234,2,Feb 10 2022 01: +0,1644454800
0.214,5,Feb 11 2022 01: +0,1644541200
0.267,1,Feb 12 2022 01: +0,1644627600
0.24,2,Feb 13 2022 01: +0,1644714000
0.181,4,Feb 15 2022 01: +0,1644886800
0.219,5,Feb 16 2022 01: +0,1644973200
0.185,8,Feb 18 2022 01: +0,1645146000
0.196,4,Feb 19 2022 01: +0,1645232400
0.182,2,Feb 20 2022 01: +0,1645318800
0.205,2,Feb 21 2022 01: +0,1645405200
0.162,2,Feb 22 2022 01: +0,1645491600
0.17,3,Feb 23 2022 01: +0,1645578000
0.19,6,Feb 24 2022 01: +0,1645664400
0.219,4,Feb 25 2022 01: +0,1645750800
0.223,1,Feb 27 2022 01: +0,1645923600
0.197,2,Feb 28 2022 01: +0,1646010000
0.192,2,Mar 01 2022 01: +0,1646096400
0.182,2,Mar 02 2022 01: +0,1646182800
0.206,14,Mar 03 2022 01: +0,1646269200
0.247,1,Mar 04 2022 01: +0,1646355600
0.247,1,Mar 05 2022 01: +0,1646442000
0.237,5,Mar 07 2022 01: +0,1646614800
0.209,7,Mar 08 2022 01: +0,1646701200
0.248,5,Mar 09 2022 01: +0,1646787600
0.214,8,Mar 10 2022 01: +0,1646874000
0.268,9,Mar 11 2022 01: +0,1646960400
0.275,4,Mar 12 2022 01: +0,1647046800
0.282,11,Mar 13 2022 01: +0,1647133200
0.301,7,Mar 14 2022 01: +0,1647219600
0.297,4,Mar 15 2022 01: +0,1647306000
0.297,2,Mar 16 2022 01: +0,1647392400
0.265,3,Mar 17 2022 01: +0,1647478800
0.337,8,Mar 18 2022 01: +0,1647565200
0.344,3,Mar 19 2022 01: +0,1647651600
0.395,9,Mar 20 2022 01: +0,1647738000
0.438,7,Mar 21 2022 01: +0,1647824400
0.492,4,Mar 22 2022 01: +0,1647910800
0.366,3,Mar 23 2022 01: +0,1647997200
0.347,3,Mar 24 2022 01: +0,1648083600
0.249,1,Mar 25 2022 01: +0,1648170000
0.318,1,Mar 26 2022 01: +0,1648256400
0.318,1,Mar 27 2022 01: +0,1648342800
0.268,4,Mar 29 2022 01: +0,1648512000
0.256,2,Mar 30 2022 01: +0,1648598400
0.29,3,Mar 31 2022 01: +0,1648684800
0.305,4,Apr 01 2022 01: +0,1648771200
0.342,2,Apr 02 2022 01: +0,1648857600
0.361,7,Apr 03 2022 01: +0,1648944000
0.378,3,Apr 04 2022 01: +0,1649030400
0.298,4,Apr 05 2022 01: +0,1649116800
0.424,10,Apr 06 2022 01: +0,1649203200
0.491,9,Apr 07 2022 01: +0,1649289600
0.466,18,Apr 08 2022 01: +0,1649376000
0.538,3,Apr 09 2022 01: +0,1649462400
0.532,14,Apr 10 2022 01: +0,1649548800
0.553,2,Apr 11 2022 01: +0,1649635200
0.569,6,Apr 12 2022 01: +0,1649721600
0.586,5,Apr 13 2022 01: +0,1649808000
0.579,5,Apr 14 2022 01: +0,1649894400
0.546,1,Apr 15 2022 01: +0,1649980800
0.427,4,Apr 16 2022 01: +0,1650067200
0.536,2,Apr 17 2022 01: +0,1650153600
0.518,1,Apr 18 2022 01: +0,1650240000
0.464,3,Apr 19 2022 01: +0,1650326400
0.395,2,Apr 20 2022 01: +0,1650412800
0.397,2,Apr 21 2022 01: +0,1650499200
0.432,8,Apr 22 2022 01: +0,1650585600
0.404,21,Apr 23 2022 01: +0,1650672000
0.408,6,Apr 24 2022 01: +0,1650758400
0.452,2,Apr 25 2022 01: +0,1650844800
0.418,5,Apr 26 2022 01: +0,1650931200
0.371,1,Apr 27 2022 01: +0,1651017600
0.277,3,Apr 28 2022 01: +0,1651104000
0.337,5,Apr 29 2022 01: +0,1651190400
0.333,7,Apr 30 2022 01: +0,1651276800
0.29,4,May 01 2022 01: +0,1651363200
0.274,5,May 02 2022 01: +0,1651449600
0.292,5,May 03 2022 01: +0,1651536000
0.274,3,May 04 2022 01: +0,1651622400
0.331,9,May 05 2022 01: +0,1651708800
0.351,10,May 06 2022 01: +0,1651795200
0.361,4,May 07 2022 01: +0,1651881600
0.31,7,May 08 2022 01: +0,1651968000
0.26,4,May 09 2022 01: +0,1652054400
0.256,4,May 10 2022 01: +0,1652140800
0.26,2,May 11 2022 01: +0,1652227200
0.208,1,May 12 2022 01: +0,1652313600
0.231,2,May 14 2022 01: +0,1652486400
0.198,2,May 15 2022 01: +0,1652572800
0.341,12,May 16 2022 01: +0,1652659200
0.389,3,May 17 2022 01: +0,1652745600
0.251,3,May 18 2022 01: +0,1652832000
0.229,6,May 19 2022 01: +0,1652918400
0.218,1,May 20 2022 01: +0,1653004800
0.209,10,May 23 2022 01: +0,1653264000
0.211,1,May 24 2022 01: +0,1653350400
0.193,3,May 25 2022 01: +0,1653436800
0.227,1,May 26 2022 01: +0,1653523200
0.229,4,May 27 2022 01: +0,1653609600
0.239,3,May 28 2022 01: +0,1653696000
0.213,11,May 29 2022 01: +0,1653782400
0.247,3,May 30 2022 01: +0,1653868800
0.197,1,May 31 2022 01: +0,1653955200
0.178,3,Jun 01 2022 01: +0,1654041600
0.167,4,Jun 02 2022 01: +0,1654128000
0.164,3,Jun 03 2022 01: +0,1654214400
0.188,9,Jun 04 2022 01: +0,1654300800
0.167,1,Jun 05 2022 01: +0,1654387200
0.133,1,Jun 06 2022 01: +0,1654473600
0.153,1,Jun 07 2022 01: +0,1654560000
0.201,1,Jun 09 2022 01: +0,1654732800
0.177,7,Jun 10 2022 01: +0,1654819200
0.163,2,Jun 12 2022 01: +0,1654992000
0.24,18,Jun 13 2022 01: +0,1655078400
0.292,9,Jun 14 2022 01: +0,1655164800
0.245,4,Jun 15 2022 01: +0,1655251200
0.244,8,Jun 16 2022 01: +0,1655337600
0.173,1,Jun 17 2022 01: +0,1655424000
0.219,2,Jun 18 2022 01: +0,1655510400
0.209,1,Jun 19 2022 01: +0,1655596800
0.182,1,Jun 20 2022 01: +0,1655683200
0.248,1,Jun 21 2022 01: +0,1655769600
0.256,6,Jun 22 2022 01: +0,1655856000
0.224,8,Jun 24 2022 01: +0,1656028800
0.277,6,Jun 25 2022 01: +0,1656115200
0.244,2,Jun 28 2022 01: +0,1656374400
0.215,1,Jun 29 2022 01: +0,1656460800
0.236,3,Jun 30 2022 01: +0,1656547200
0.174,1,Jul 02 2022 01: +0,1656720000
0.205,1,Jul 03 2022 01: +0,1656806400
0.157,3,Jul 05 2022 01: +0,1656979200
0.175,3,Jul 06 2022 01: +0,1657065600
0.214,5,Jul 08 2022 01: +0,1657238400
0.229,6,Jul 09 2022 01: +0,1657324800
0.252,1,Jul 11 2022 01: +0,1657497600
0.247,1,Jul 12 2022 01: +0,1657584000
0.219,3,Jul 15 2022 01: +0,1657843200
0.174,1,Jul 16 2022 01: +0,1657929600
0.225,4,Jul 17 2022 01: +0,1658016000
0.238,4,Jul 19 2022 01: +0,1658188800
0.208,3,Jul 20 2022 01: +0,1658275200
0.222,8,Jul 21 2022 01: +0,1658361600
0.245,2,Jul 22 2022 01: +0,1658448000
0.2,3,Jul 24 2022 01: +0,1658620800
0.168,2,Jul 25 2022 01: +0,1658707200
0.154,2,Jul 26 2022 01: +0,1658793600
0.176,1,Jul 27 2022 01: +0,1658880000
0.182,2,Jul 28 2022 01: +0,1658966400
0.157,1,Jul 30 2022 01: +0,1659139200
0.174,2,Jul 31 2022 01: +0,1659225600
0.165,1,Aug 01 2022 01: +0,1659312000
0.148,1,Aug 03 2022 01: +0,1659484800
0.183,2,Aug 06 2022 01: +0,1659744000
0.131,2,Aug 07 2022 01: +0,1659830400
0.156,2,Aug 09 2022 01: +0,1660003200
0.156,4,Aug 13 2022 01: +0,1660348800
0.15,2,Aug 15 2022 01: +0,1660521600
0.148,1,Aug 17 2022 01: +0,1660694400
0.174,6,Aug 18 2022 01: +0,1660780800
0.177,5,Aug 20 2022 01: +0,1660953600
0.191,1,Aug 21 2022 01: +0,1661040000
0.124,1,Aug 23 2022 01: +0,1661212800
0.181,1,Aug 24 2022 01: +0,1661299200
0.15,1,Aug 26 2022 01: +0,1661472000
0.192,1,Aug 27 2022 01: +0,1661558400
0.165,1,Aug 28 2022 01: +0,1661644800
0.186,1,Aug 29 2022 01: +0,1661731200
0.186,3,Aug 30 2022 01: +0,1661817600
0.182,2,Aug 31 2022 01: +0,1661904000
0.143,1,Sep 01 2022 01: +0,1661990400
0.158,2,Sep 03 2022 01: +0,1662163200
0.18,6,Sep 04 2022 01: +0,1662249600
0.246,42,Sep 05 2022 01: +0,1662336000
0.325,14,Sep 07 2022 01: +0,1662508800
0.187,1,Sep 10 2022 01: +0,1662768000
0.202,5,Sep 11 2022 01: +0,1662854400
0.171,1,Sep 13 2022 01: +0,1663027200
0.249,3,Sep 14 2022 01: +0,1663113600
0.222,2,Sep 16 2022 01: +0,1663286400
0.204,10,Sep 17 2022 01: +0,1663372800
0.197,3,Sep 18 2022 01: +0,1663459200
0.19,2,Sep 19 2022 01: +0,1663545600
0.191,2,Sep 22 2022 01: +0,1663804800
0.202,4,Sep 24 2022 01: +0,1663977600
0.213,2,Sep 27 2022 01: +0,1664236800
0.157,1,Sep 28 2022 01: +0,1664323200
0.139,1,Sep 30 2022 01: +0,1664496000
0.225,2,Oct 01 2022 01: +0,1664582400
0.175,1,Oct 02 2022 01: +0,1664668800
0.251,4,Oct 03 2022 01: +0,1664755200
0.268,1,Oct 04 2022 01: +0,1664841600
0.176,2,Oct 05 2022 01: +0,1664928000
0.225,2,Oct 06 2022 01: +0,1665014400
0.194,3,Oct 08 2022 01: +0,1665187200
0.243,2,Oct 09 2022 01: +0,1665273600
0.176,1,Oct 10 2022 01: +0,1665360000
0.204,13,Oct 12 2022 01: +0,1665532800
0.133,5,Oct 13 2022 01: +0,1665619200
0.177,5,Oct 14 2022 01: +0,1665705600
0.234,5,Oct 15 2022 01: +0,1665792000
0.235,3,Oct 16 2022 01: +0,1665878400
0.176,1,Oct 17 2022 01: +0,1665964800
0.173,7,Oct 21 2022 01: +0,1666310400
0.207,15,Oct 22 2022 01: +0,1666396800
0.25,5,Oct 23 2022 01: +0,1666483200
0.315,1,Oct 24 2022 01: +0,1666569600
0.265,1,Oct 25 2022 01: +0,1666656000
0.236,2,Oct 26 2022 01: +0,1666742400
0.223,1,Oct 27 2022 01: +0,1666828800
0.18,2,Oct 28 2022 01: +0,1666915200
0.297,2,Oct 29 2022 01: +0,1667001600
0.181,1,Nov 01 2022 01: +0,1667264400
0.176,2,Nov 02 2022 01: +0,1667350800
0.265,1,Nov 03 2022 01: +0,1667437200
0.211,2,Nov 06 2022 01: +0,1667696400
0.174,2,Nov 07 2022 01: +0,1667782800
0.167,2,Nov 10 2022 01: +0,1668042000
0.177,1,Nov 11 2022 01: +0,1668128400
0.253,9,Nov 12 2022 01: +0,1668214800
0.309,3,Nov 14 2022 01: +0,1668387600
0.304,3,Nov 15 2022 01: +0,1668474000
0.298,1,Nov 16 2022 01: +0,1668560400
0.298,1,Nov 17 2022 01: +0,1668646800
0.29,1,Nov 18 2022 01: +0,1668733200
0.31,3,Nov 19 2022 01: +0,1668819600
0.331,1,Nov 21 2022 01: +0,1668992400
0.312,3,Nov 22 2022 01: +0,1669078800
0.304,9,Nov 23 2022 01: +0,1669165200
0.33,1,Nov 24 2022 01: +0,1669251600
0.264,4,Nov 27 2022 01: +0,1669510800
0.205,2,Nov 29 2022 01: +0,1669683600
0.27,7,Nov 30 2022 01: +0,1669770000
0.232,1,Dec 03 2022 01: +0,1670029200
0.236,12,Dec 04 2022 01: +0,1670115600
0.297,3,Dec 05 2022 01: +0,1670202000
0.37,1,Dec 07 2022 01: +0,1670374800
0.328,1,Dec 08 2022 01: +0,1670461200
0.239,1,Dec 09 2022 01: +0,1670547600
0.401,30,Dec 10 2022 01: +0,1670634000
0.42,1,Dec 11 2022 01: +0,1670720400
0.261,1,Dec 13 2022 01: +0,1670893200
0.235,1,Dec 14 2022 01: +0,1670979600
0.246,1,Dec 15 2022 01: +0,1671066000
0.381,2,Dec 16 2022 01: +0,1671152400
0.181,1,Dec 17 2022 01: +0,1671238800
0.404,5,Dec 19 2022 01: +0,1671411600
0.323,2,Dec 20 2022 01: +0,1671498000
0.386,1,Dec 26 2022 01: +0,1672016400
0.281,1,Dec 30 2022 01: +0,1672362000
0.331,7,Jan 01 2023 01: +0,1672534800
0.371,2,Jan 02 2023 01: +0,1672621200
0.359,2,Jan 04 2023 01: +0,1672794000
0.265,1,Jan 05 2023 01: +0,1672880400
0.375,2,Jan 06 2023 01: +0,1672966800
0.295,1,Jan 10 2023 01: +0,1673312400
0.284,1,Jan 11 2023 01: +0,1673398800
0.302,2,Jan 12 2023 01: +0,1673485200
0.301,2,Jan 14 2023 01: +0,1673658000
0.331,3,Jan 15 2023 01: +0,1673744400
0.335,4,Jan 17 2023 01: +0,1673917200
0.269,2,Jan 19 2023 01: +0,1674090000
0.279,5,Jan 21 2023 01: +0,1674262800
0.342,2,Jan 22 2023 01: +0,1674349200
0.345,2,Jan 23 2023 01: +0,1674435600
0.206,1,Jan 24 2023 01: +0,1674522000
0.256,6,Jan 26 2023 01: +0,1674694800
0.324,1,Jan 27 2023 01: +0,1674781200
0.217,2,Jan 29 2023 01: +0,1674954000
0.24,1,Jan 30 2023 01: +0,1675040400
0.22,1,Jan 31 2023 01: +0,1675126800
0.33,2,Feb 01 2023 01: +0,1675213200
0.329,1,Feb 02 2023 01: +0,1675299600
0.231,4,Feb 03 2023 01: +0,1675386000
0.236,4,Feb 04 2023 01: +0,1675472400
0.29,1,Feb 05 2023 01: +0,1675558800
0.197,2,Feb 08 2023 01: +0,1675818000
0.31,1,Feb 09 2023 01: +0,1675904400
0.235,5,Feb 10 2023 01: +0,1675990800
0.306,3,Feb 12 2023 01: +0,1676163600
0.26,2,Feb 13 2023 01: +0,1676250000
0.259,2,Feb 14 2023 01: +0,1676336400
0.256,1,Feb 15 2023 18: +0,1676484000
0.29,3,Feb 16 2023 07: +0,1676530800
0.323,6,Feb 16 2023 08: +0,1676534400
0.159,1,Feb 16 2023 15: +0,1676559600
0.334,1,Feb 16 2023 19: +0,1676574000
0.334,1,Feb 16 2023 22: +0,1676584800
0.339,1,Feb 17 2023 13: +0,1676638800
0.347,1,Feb 18 2023 03: +0,1676689200
0.352,1,Feb 18 2023 23: +0,1676761200
0.357,1,Feb 19 2023 12: +0,1676808000
0.369,1,Feb 19 2023 19: +0,1676833200
0.339,1,Feb 20 2023 08: +0,1676880000
0.339,1,Feb 21 2023 05: +0,1676955600
0.314,1,Feb 21 2023 17: +0,1676998800
0.347,1,Feb 22 2023 16: +0,1677081600
0.356,6,Feb 23 2023 16: +0,1677168000
0.347,1,Feb 24 2023 14: +0,1677247200
0.323,1,Feb 24 2023 19: +0,1677265200
0.358,1,Feb 25 2023 13: +0,1677330000
0.298,1,Feb 25 2023 14: +0,1677333600
0.212,1,Feb 26 2023 06: +0,1677391200
0.309,1,Feb 26 2023 20: +0,1677441600
0.207,1,Feb 27 2023 22: +0,1677535200
0.215,1,Feb 28 2023 03: +0,1677553200
0.306,3,Mar 01 2023 08: +0,1677657600
0.242,1,Mar 01 2023 22: +0,1677708000
0.238,1,Mar 02 2023 08: +0,1677744000
0.238,1,Mar 02 2023 12: +0,1677758400
0.203,1,Mar 02 2023 21: +0,1677790800
0.244,2,Mar 03 2023 20: +0,1677873600
0.303,1,Mar 04 2023 02: +0,1677895200
0.251,1,Mar 04 2023 17: +0,1677949200
0.281,1,Mar 04 2023 23: +0,1677970800
0.232,1,Mar 05 2023 12: +0,1678017600
0.245,1,Mar 05 2023 13: +0,1678021200
0.248,5,Mar 05 2023 14: +0,1678024800
0.248,1,Mar 05 2023 15: +0,1678028400
0.251,1,Mar 05 2023 19: +0,1678042800
0.242,1,Mar 05 2023 21: +0,1678050000
0.24,11,Mar 06 2023 03: +0,1678071600
0.223,3,Mar 06 2023 21: +0,1678136400
0.282,2,Mar 06 2023 22: +0,1678140000
0.309,3,Mar 06 2023 23: +0,1678143600
0.258,2,Mar 07 2023 18: +0,1678212000
0.325,5,Mar 07 2023 20: +0,1678219200
0.317,1,Mar 11 2023 14: +0,1678543200
0.24,1,Mar 11 2023 16: +0,1678550400
0.248,1,Mar 11 2023 18: +0,1678557600
0.317,1,Mar 11 2023 19: +0,1678561200
0.254,1,Mar 12 2023 21: +0,1678654800
0.248,1,Mar 13 2023 05: +0,1678683600
0.26,2,Mar 13 2023 18: +0,1678730400
0.223,1,Mar 14 2023 15: +0,1678806000
0.219,1,Mar 15 2023 22: +0,1678917600
0.222,1,Mar 16 2023 01: +0,1678928400
0.221,1,Mar 16 2023 16: +0,1678982400
0.277,1,Mar 17 2023 09: +0,1679043600
0.212,1,Mar 17 2023 13: +0,1679058000
0.216,1,Mar 17 2023 14: +0,1679061600
0.239,1,Mar 18 2023 07: +0,1679122800
0.231,1,Mar 18 2023 09: +0,1679130000
0.288,14,Mar 18 2023 16: +0,1679155200
0.209,1,Mar 19 2023 21: +0,1679259600
0.189,1,Mar 20 2023 07: +0,1679295600
0.314,6,Mar 20 2023 18: +0,1679335200
0.246,1,Mar 20 2023 23: +0,1679353200
0.246,1,Mar 21 2023 03: +0,1679367600
0.253,1,Mar 21 2023 20: +0,1679428800
0.343,1,Mar 22 2023 12: +0,1679486400
0.237,1,Mar 22 2023 22: +0,1679522400
0.366,1,Mar 23 2023 10: +0,1679565600
0.274,1,Mar 23 2023 13: +0,1679576400
0.361,3,Mar 23 2023 14: +0,1679580000
0.36,4,Mar 23 2023 21: +0,1679605200
0.37,2,Mar 24 2023 17: +0,1679677200
0.376,1,Mar 24 2023 18: +0,1679680800
0.276,1,Mar 24 2023 21: +0,1679691600
0.344,2,Mar 25 2023 08: +0,1679731200
0.375,2,Mar 25 2023 22: +0,1679781600
0.273,1,Mar 26 2023 07: +0,1679810400
0.263,2,Mar 26 2023 10: +0,1679821200
0.241,1,Mar 26 2023 12: +0,1679828400
0.338,1,Mar 26 2023 13: +0,1679832000
0.23,1,Mar 26 2023 14: +0,1679835600
0.346,2,Mar 26 2023 18: +0,1679850000
0.355,1,Mar 27 2023 07: +0,1679896800
0.264,15,Mar 27 2023 21: +0,1679947200
0.324,1,Mar 28 2023 11: +0,1679997600
0.328,1,Mar 28 2023 12: +0,1680001200
0.325,1,Mar 28 2023 13: +0,1680004800
0.264,1,Mar 28 2023 16: +0,1680015600
0.321,2,Mar 28 2023 18: +0,1680022800
0.284,1,Mar 29 2023 13: +0,1680091200
0.29,1,Mar 29 2023 21: +0,1680120000
0.295,1,Mar 29 2023 23: +0,1680127200
0.265,2,Mar 30 2023 12: +0,1680174000
0.325,9,Mar 30 2023 17: +0,1680192000
0.288,1,Mar 31 2023 03: +0,1680228000
0.318,1,Mar 31 2023 06: +0,1680238800
0.321,1,Mar 31 2023 07: +0,1680242400
0.353,8,Mar 31 2023 12: +0,1680260400
0.488,28,Apr 01 2023 03: +0,1680314400
0.289,2,Apr 01 2023 04: +0,1680318000
0.505,2,Apr 02 2023 12: +0,1680433200
0.508,1,Apr 02 2023 16: +0,1680447600
0.504,1,Apr 03 2023 13: +0,1680523200
0.505,1,Apr 03 2023 17: +0,1680537600
0.354,1,Apr 03 2023 19: +0,1680544800
0.381,2,Apr 03 2023 21: +0,1680552000
0.381,1,Apr 04 2023 00: +0,1680562800
0.49,1,Apr 04 2023 11: +0,1680602400
0.367,1,Apr 04 2023 22: +0,1680642000
0.45,1,Apr 05 2023 10: +0,1680685200
0.385,3,Apr 05 2023 11: +0,1680688800
0.385,1,Apr 05 2023 20: +0,1680721200
0.386,4,Apr 06 2023 12: +0,1680778800
0.478,1,Apr 06 2023 13: +0,1680782400
0.393,3,Apr 06 2023 23: +0,1680818400
0.476,2,Apr 07 2023 20: +0,1680894000
0.393,2,Apr 07 2023 21: +0,1680897600
0.476,4,Apr 07 2023 22: +0,1680901200
0.48,4,Apr 07 2023 23: +0,1680904800
0.496,1,Apr 08 2023 06: +0,1680930000
0.496,1,Apr 08 2023 11: +0,1680948000
0.496,1,Apr 08 2023 22: +0,1680987600
0.402,1,Apr 10 2023 10: +0,1681117200
0.47,1,Apr 10 2023 12: +0,1681124400
0.465,1,Apr 10 2023 15: +0,1681135200
0.405,1,Apr 10 2023 22: +0,1681160400
0.483,10,Apr 11 2023 21: +0,1681243200
0.342,1,Apr 12 2023 20: +0,1681326000
0.383,1,Apr 12 2023 23: +0,1681336800
0.434,4,Apr 13 2023 15: +0,1681394400
0.401,1,Apr 14 2023 12: +0,1681470000
0.42,1,Apr 14 2023 21: +0,1681502400
0.492,3,Apr 15 2023 03: +0,1681524000
0.401,2,Apr 15 2023 06: +0,1681534800
0.38,2,Apr 15 2023 07: +0,1681538400
0.503,1,Apr 16 2023 20: +0,1681671600
0.627,18,Apr 17 2023 09: +0,1681718400
3.343,12,Apr 17 2023 10: +0,1681722000
0.677,10,Apr 18 2023 05: +0,1681790400
0.686,1,Apr 18 2023 08: +0,1681801200
0.889,2,Apr 18 2023 09: +0,1681804800
1.132,3,Apr 18 2023 17: +0,1681833600
1.132,1,Apr 18 2023 19: +0,1681840800
0.444,4,Apr 19 2023 09: +0,1681891200
0.403,1,Apr 20 2023 04: +0,1681959600
0.403,4,Apr 21 2023 10: +0,1682067600
0.403,1,Apr 21 2023 11: +0,1682071200
0.481,1,Apr 21 2023 16: +0,1682089200
0.322,1,Apr 22 2023 05: +0,1682136000
0.278,1,Apr 22 2023 17: +0,1682179200
0.385,1,Apr 23 2023 02: +0,1682211600
0.509,3,Apr 23 2023 11: +0,1682244000
0.386,1,Apr 24 2023 11: +0,1682330400
0.386,1,Apr 24 2023 18: +0,1682355600
0.512,2,Apr 24 2023 20: +0,1682362800
0.33,1,Apr 25 2023 01: +0,1682380800
0.346,1,Apr 25 2023 04: +0,1682391600
0.508,1,Apr 25 2023 10: +0,1682413200
0.505,1,Apr 25 2023 11: +0,1682416800
0.133,1,Apr 26 2023 02: +0,1682470800
0.319,1,Apr 26 2023 06: +0,1682485200
0.367,7,Apr 26 2023 14: +0,1682514000
0.319,1,Apr 26 2023 16: +0,1682521200
0.247,2,Apr 26 2023 17: +0,1682524800
0.336,1,Apr 27 2023 08: +0,1682578800
0.458,1,Apr 28 2023 11: +0,1682676000
0.328,1,Apr 28 2023 20: +0,1682708400
0.395,1,Apr 29 2023 02: +0,1682730000
0.326,1,Apr 29 2023 14: +0,1682773200
0.426,14,Apr 29 2023 15: +0,1682776800
0.603,1,Apr 29 2023 16: +0,1682780400
0.452,1,May 01 2023 09: +0,1682928000
0.408,1,May 01 2023 10: +0,1682931600
0.335,1,May 01 2023 22: +0,1682974800
0.325,1,May 02 2023 13: +0,1683028800
0.377,2,May 02 2023 16: +0,1683039600
0.428,5,May 02 2023 23: +0,1683064800
0.336,1,May 03 2023 06: +0,1683090000
0.423,1,May 03 2023 07: +0,1683093600
0.328,1,May 03 2023 08: +0,1683097200
0.297,1,May 03 2023 09: +0,1683100800
0.28,1,May 03 2023 18: +0,1683133200
0.428,1,May 03 2023 23: +0,1683151200
0.335,1,May 04 2023 01: +0,1683158400
0.325,1,May 04 2023 21: +0,1683230400
0.32,2,May 05 2023 09: +0,1683273600
0.366,1,May 05 2023 13: +0,1683288000
0.315,2,May 05 2023 18: +0,1683306000
0.315,1,May 05 2023 20: +0,1683313200
0.318,1,May 06 2023 11: +0,1683367200
0.306,1,May 06 2023 13: +0,1683374400
0.318,1,May 06 2023 22: +0,1683406800
0.312,2,May 07 2023 07: +0,1683439200
0.313,1,May 07 2023 15: +0,1683468000
0.314,1,May 07 2023 17: +0,1683475200
0.278,1,May 07 2023 22: +0,1683493200
0.271,1,May 08 2023 07: +0,1683525600
0.285,1,May 08 2023 17: +0,1683561600
0.236,1,May 08 2023 20: +0,1683572400
0.277,1,May 09 2023 13: +0,1683633600
0.237,1,May 09 2023 21: +0,1683662400
0.279,1,May 09 2023 22: +0,1683666000
0.302,4,May 10 2023 03: +0,1683684000
0.349,4,May 12 2023 14: +0,1683896400
0.382,9,May 12 2023 16: +0,1683903600
0.276,1,May 13 2023 03: +0,1683943200
0.279,1,May 14 2023 10: +0,1684054800
0.304,2,May 14 2023 11: +0,1684058400
0.235,1,May 14 2023 21: +0,1684094400
0.256,1,May 15 2023 12: +0,1684148400
0.329,1,May 16 2023 21: +0,1684267200
0.328,4,May 18 2023 12: +0,1684407600
0.33,1,May 18 2023 13: +0,1684411200
0.313,2,May 20 2023 08: +0,1684566000
0.281,1,May 21 2023 14: +0,1684674000
0.281,1,May 22 2023 19: +0,1684778400
0.338,9,May 22 2023 23: +0,1684792800
0.281,1,May 23 2023 11: +0,1684836000
0.341,1,May 23 2023 12: +0,1684839600
0.281,1,May 24 2023 02: +0,1684890000
0.243,1,May 26 2023 21: +0,1685131200
0.283,1,May 27 2023 21: +0,1685217600
0.245,1,May 28 2023 06: +0,1685250000
0.283,1,May 28 2023 12: +0,1685271600
0.33,1,May 28 2023 22: +0,1685307600
0.328,2,May 29 2023 00: +0,1685314800
0.332,1,May 29 2023 06: +0,1685336400
0.347,3,May 29 2023 17: +0,1685376000
0.332,1,May 30 2023 10: +0,1685437200
0.28,1,Jun 01 2023 20: +0,1685646000
0.28,1,Jun 02 2023 00: +0,1685660400
0.403,1,Jun 02 2023 19: +0,1685728800
0.28,3,Jun 04 2023 13: +0,1685880000
0.37,1,Jun 05 2023 11: +0,1685959200
0.266,1,Jun 05 2023 13: +0,1685966400
0.287,1,Jun 05 2023 16: +0,1685977200
0.291,1,Jun 06 2023 08: +0,1686034800
0.272,1,Jun 06 2023 16: +0,1686063600
0.371,2,Jun 06 2023 22: +0,1686085200
0.398,3,Jun 07 2023 12: +0,1686135600
0.288,1,Jun 08 2023 01: +0,1686182400
0.247,1,Jun 09 2023 12: +0,1686308400
0.39,1,Jun 10 2023 07: +0,1686376800
0.394,1,Jun 11 2023 17: +0,1686499200
0.4,1,Jun 11 2023 23: +0,1686520800
0.288,1,Jun 13 2023 00: +0,1686610800
0.392,1,Jun 14 2023 15: +0,1686751200
0.288,1,Jun 14 2023 23: +0,1686780000
0.403,1,Jun 15 2023 07: +0,1686808800
0.287,1,Jun 16 2023 00: +0,1686870000
0.29,1,Jun 17 2023 11: +0,1686996000
0.35,1,Jun 18 2023 01: +0,1687046400
0.263,1,Jun 18 2023 17: +0,1687104000
0.29,1,Jun 18 2023 22: +0,1687122000
0.29,1,Jun 19 2023 08: +0,1687158000
0.341,4,Jun 19 2023 14: +0,1687179600
0.405,18,Jun 20 2023 02: +0,1687222800
0.29,1,Jun 20 2023 18: +0,1687280400
0.29,1,Jun 22 2023 00: +0,1687388400
0.489,1,Jun 22 2023 13: +0,1687435200
0.481,1,Jun 23 2023 10: +0,1687510800
0.284,2,Jun 26 2023 15: +0,1687788000
0.277,1,Jun 26 2023 16: +0,1687791600
0.286,1,Jun 26 2023 23: +0,1687816800
0.307,1,Jun 27 2023 15: +0,1687874400
0.292,2,Jun 27 2023 16: +0,1687878000
0.338,1,Jun 29 2023 15: +0,1688047200
0.267,1,Jul 01 2023 14: +0,1688216400
0.262,1,Jul 02 2023 07: +0,1688277600
0.336,1,Jul 02 2023 22: +0,1688331600
0.29,1,Jul 04 2023 20: +0,1688497200
0.326,3,Jul 04 2023 22: +0,1688504400
0.276,1,Jul 05 2023 18: +0,1688576400
0.217,1,Jul 06 2023 06: +0,1688619600
0.276,1,Jul 06 2023 19: +0,1688666400
0.261,1,Jul 08 2023 14: +0,1688821200
0.274,1,Jul 08 2023 16: +0,1688828400
0.196,1,Jul 09 2023 04: +0,1688871600
0.265,1,Jul 09 2023 15: +0,1688911200
0.269,3,Jul 10 2023 00: +0,1688943600
0.27,1,Jul 11 2023 02: +0,1689037200
0.315,1,Jul 13 2023 05: +0,1689220800
0.229,1,Jul 15 2023 03: +0,1689386400
0.267,1,Jul 15 2023 18: +0,1689440400
0.267,1,Jul 16 2023 20: +0,1689534000
0.284,4,Jul 17 2023 17: +0,1689609600
0.158,1,Jul 18 2023 04: +0,1689649200
0.321,1,Jul 18 2023 21: +0,1689710400
0.272,1,Jul 22 2023 15: +0,1690034400
0.272,1,Jul 22 2023 16: +0,1690038000
0.273,1,Jul 23 2023 14: +0,1690117200
0.214,1,Jul 24 2023 12: +0,1690196400
0.312,3,Jul 25 2023 04: +0,1690254000
0.217,5,Jul 26 2023 11: +0,1690365600
0.236,1,Jul 30 2023 06: +0,1690693200
0.323,1,Jul 31 2023 00: +0,1690758000
0.315,1,Jul 31 2023 06: +0,1690779600
0.231,1,Aug 01 2023 01: +0,1690848000
0.095,1,Aug 01 2023 23: +0,1690927200
0.319,1,Aug 02 2023 20: +0,1691002800
0.252,2,Aug 04 2023 12: +0,1691146800
0.217,1,Aug 05 2023 03: +0,1691200800
0.262,1,Aug 05 2023 08: +0,1691218800
0.205,1,Aug 05 2023 17: +0,1691251200
0.262,1,Aug 06 2023 01: +0,1691280000
0.22,1,Aug 08 2023 01: +0,1691452800
0.193,1,Aug 10 2023 08: +0,1691650800
0.193,1,Aug 11 2023 07: +0,1691733600
0.304,4,Aug 11 2023 19: +0,1691776800
0.291,1,Aug 13 2023 14: +0,1691931600
0.198,1,Aug 13 2023 23: +0,1691964000
0.23,1,Aug 14 2023 19: +0,1692036000
0.228,1,Aug 15 2023 08: +0,1692082800
0.322,1,Aug 16 2023 06: +0,1692162000
0.229,2,Aug 16 2023 18: +0,1692205200
0.236,1,Aug 17 2023 18: +0,1692291600
0.236,1,Aug 18 2023 07: +0,1692338400
0.313,1,Aug 19 2023 01: +0,1692403200
0.307,1,Aug 19 2023 15: +0,1692453600
0.22,1,Aug 21 2023 10: +0,1692608400
0.222,2,Aug 23 2023 11: +0,1692784800
0.296,1,Aug 26 2023 08: +0,1693033200
0.267,1,Aug 27 2023 09: +0,1693123200
0.213,8,Aug 29 2023 01: +0,1693267200
0.29,1,Aug 29 2023 10: +0,1693299600
0.293,4,Aug 29 2023 15: +0,1693317600
0.263,1,Aug 29 2023 19: +0,1693332000
0.3,1,Aug 31 2023 02: +0,1693443600
0.129,2,Aug 31 2023 13: +0,1693483200
0.273,2,Aug 31 2023 19: +0,1693504800
0.317,3,Sep 01 2023 07: +0,1693548000
0.178,2,Sep 02 2023 09: +0,1693641600
0.33,1,Sep 02 2023 10: +0,1693645200
0.283,1,Sep 03 2023 10: +0,1693731600
0.21,1,Sep 04 2023 02: +0,1693789200
0.274,1,Sep 04 2023 06: +0,1693803600
0.287,4,Sep 04 2023 09: +0,1693814400
0.321,1,Sep 05 2023 00: +0,1693868400
0.33,1,Sep 05 2023 07: +0,1693893600
0.362,1,Sep 05 2023 20: +0,1693940400
0.233,1,Sep 07 2023 06: +0,1694062800
0.358,1,Sep 07 2023 10: +0,1694077200
0.264,1,Sep 07 2023 21: +0,1694116800
0.349,2,Sep 08 2023 16: +0,1694185200
0.269,1,Sep 10 2023 22: +0,1694379600
0.241,1,Sep 13 2023 14: +0,1694610000
0.236,1,Sep 13 2023 17: +0,1694620800
0.354,2,Sep 14 2023 07: +0,1694671200
0.316,2,Sep 18 2023 17: +0,1695052800
0.275,1,Sep 18 2023 18: +0,1695056400
0.221,1,Sep 18 2023 22: +0,1695070800
0.322,1,Sep 19 2023 18: +0,1695142800
0.35,4,Sep 20 2023 10: +0,1695200400
0.385,1,Sep 20 2023 13: +0,1695211200
0.415,2,Sep 20 2023 16: +0,1695222000
0.303,1,Sep 21 2023 00: +0,1695250800
0.418,4,Sep 21 2023 23: +0,1695333600
0.287,8,Sep 22 2023 22: +0,1695416400
0.336,1,Sep 23 2023 20: +0,1695495600
0.336,2,Sep 24 2023 05: +0,1695528000
0.462,1,Sep 25 2023 08: +0,1695625200
0.467,3,Sep 25 2023 22: +0,1695675600
0.475,4,Sep 26 2023 01: +0,1695686400
0.475,1,Sep 26 2023 10: +0,1695718800
0.405,1,Sep 28 2023 17: +0,1695916800
0.387,1,Oct 04 2023 04: +0,1696388400
0.324,6,Oct 04 2023 14: +0,1696424400
0.288,1,Oct 04 2023 23: +0,1696456800
0.377,1,Oct 05 2023 01: +0,1696464000
0.295,1,Oct 05 2023 15: +0,1696514400
0.294,1,Oct 07 2023 08: +0,1696662000
0.36,2,Oct 10 2023 12: +0,1696935600
0.372,1,Oct 11 2023 07: +0,1697004000
0.31,1,Oct 11 2023 09: +0,1697011200
0.312,1,Oct 11 2023 22: +0,1697058000
0.381,1,Oct 12 2023 06: +0,1697086800
0.379,4,Oct 14 2023 21: +0,1697313600
0.452,4,Oct 15 2023 06: +0,1697346000
0.321,1,Oct 17 2023 13: +0,1697544000
0.459,1,Oct 17 2023 16: +0,1697554800
0.337,1,Oct 17 2023 22: +0,1697576400
0.329,1,Oct 19 2023 12: +0,1697713200
0.329,1,Oct 19 2023 14: +0,1697720400
0.379,1,Oct 19 2023 16: +0,1697727600
0.388,5,Oct 19 2023 17: +0,1697731200
0.442,1,Oct 20 2023 22: +0,1697835600
0.33,1,Oct 21 2023 19: +0,1697911200
0.456,4,Oct 22 2023 00: +0,1697929200
0.525,1,Oct 23 2023 14: +0,1698066000
0.398,1,Oct 25 2023 10: +0,1698224400
0.548,1,Oct 25 2023 11: +0,1698228000
0.56,1,Oct 26 2023 00: +0,1698274800
0.411,1,Oct 29 2023 04: +0,1698552000
0.361,1,Oct 30 2023 00: +0,1698624000
0.358,1,Oct 30 2023 13: +0,1698670800
0.421,1,Oct 30 2023 20: +0,1698696000
0.407,1,Nov 01 2023 16: +0,1698854400
0.292,1,Nov 02 2023 02: +0,1698890400
0.422,3,Nov 03 2023 18: +0,1699034400
0.422,1,Nov 04 2023 14: +0,1699106400
0.409,1,Nov 08 2023 05: +0,1699419600
0.355,1,Nov 09 2023 00: +0,1699488000
0.404,1,Nov 10 2023 18: +0,1699639200
0.414,1,Nov 11 2023 13: +0,1699707600
0.334,1,Nov 11 2023 21: +0,1699736400
0.413,2,Nov 15 2023 03: +0,1700017200
0.377,2,Nov 15 2023 11: +0,1700046000
0.311,1,Nov 17 2023 08: +0,1700208000
0.351,1,Nov 18 2023 06: +0,1700287200
0.309,1,Nov 18 2023 22: +0,1700344800
0.311,1,Nov 19 2023 10: +0,1700388000
0.391,1,Nov 20 2023 22: +0,1700517600
0.421,5,Nov 22 2023 13: +0,1700658000
0.319,1,Nov 27 2023 09: +0,1701075600
0.321,2,Nov 29 2023 05: +0,1701234000
0.321,1,Nov 29 2023 06: +0,1701237600
0.324,1,Nov 29 2023 21: +0,1701291600
0.325,1,Dec 02 2023 15: +0,1701529200
0.312,4,Dec 03 2023 06: +0,1701583200
0.318,1,Dec 04 2023 08: +0,1701676800
0.269,1,Dec 04 2023 13: +0,1701694800
0.317,1,Dec 04 2023 17: +0,1701709200
0.314,1,Dec 05 2023 05: +0,1701752400
0.289,4,Dec 05 2023 07: +0,1701759600
0.296,1,Dec 10 2023 04: +0,1702180800
0.288,1,Dec 10 2023 09: +0,1702198800
0.28,1,Dec 12 2023 22: +0,1702418400
0.2,1,Dec 13 2023 21: +0,1702501200
0.287,2,Dec 16 2023 12: +0,1702728000
0.287,1,Dec 16 2023 13: +0,1702731600
0.284,1,Dec 17 2023 00: +0,1702771200
0.28,2,Dec 17 2023 05: +0,1702789200
0.223,11,Dec 18 2023 16: +0,1702915200
0.225,1,Dec 18 2023 21: +0,1702933200
0.261,4,Dec 21 2023 16: +0,1703174400
0.262,2,Dec 21 2023 17: +0,1703178000
0.255,1,Dec 22 2023 17: +0,1703264400
0.268,1,Dec 24 2023 08: +0,1703404800
0.269,1,Dec 27 2023 20: +0,1703707200
0.27,1,Dec 29 2023 00: +0,1703808000
0.211,2,Dec 30 2023 08: +0,1703923200
0.278,1,Dec 30 2023 19: +0,1703962800
0.275,1,Jan 03 2024 16: +0,1704297600
0.202,1,Jan 04 2024 13: +0,1704373200
0.269,4,Jan 05 2024 08: +0,1704441600
0.214,1,Jan 06 2024 21: +0,1704574800
0.228,10,Jan 06 2024 23: +0,1704582000
0.207,1,Jan 07 2024 01: +0,1704589200
0.198,1,Jan 08 2024 18: +0,1704736800
0.267,4,Jan 09 2024 20: +0,1704830400
0.198,2,Jan 10 2024 00: +0,1704844800
0.185,2,Jan 10 2024 14: +0,1704895200
0.196,2,Jan 11 2024 20: +0,1705003200
0.285,11,Jan 12 2024 03: +0,1705028400
0.284,1,Jan 13 2024 21: +0,1705179600
0.18,1,Jan 17 2024 20: +0,1705521600
0.19,1,Jan 18 2024 10: +0,1705572000
0.197,1,Jan 19 2024 20: +0,1705694400
0.278,10,Jan 19 2024 21: +0,1705698000
0.283,2,Jan 19 2024 23: +0,1705705200
0.154,1,Jan 22 2024 00: +0,1705881600
0.189,3,Jan 23 2024 08: +0,1705996800
0.187,1,Jan 25 2024 17: +0,1706202000
0.187,1,Jan 29 2024 18: +0,1706551200
0.205,1,Jan 30 2024 19: +0,1706641200
0.201,1,Feb 02 2024 04: +0,1706846400
0.236,3,Feb 04 2024 11: +0,1707044400
0.247,1,Feb 05 2024 10: +0,1707127200
0.23,1,Feb 07 2024 02: +0,1707271200
0.18,1,Feb 07 2024 10: +0,1707300000
0.23,1,Feb 07 2024 11: +0,1707303600
0.235,1,Feb 07 2024 12: +0,1707307200
0.255,1,Feb 07 2024 14: +0,1707314400
0.255,1,Feb 07 2024 17: +0,1707325200
0.26,1,Feb 07 2024 21: +0,1707339600
0.257,1,Feb 08 2024 04: +0,1707364800
0.27,1,Feb 08 2024 08: +0,1707379200
0.271,1,Feb 08 2024 09: +0,1707382800
0.271,1,Feb 08 2024 13: +0,1707397200
0.277,1,Feb 08 2024 14: +0,1707400800
0.286,1,Feb 08 2024 15: +0,1707404400
0.191,1,Feb 08 2024 20: +0,1707422400
0.277,2,Feb 09 2024 02: +0,1707444000
0.294,1,Feb 09 2024 05: +0,1707454800
0.3,1,Feb 09 2024 21: +0,1707512400
0.295,1,Feb 10 2024 12: +0,1707566400
0.292,2,Feb 10 2024 14: +0,1707573600
0.361,2,Feb 10 2024 16: +0,1707580800
0.446,3,Feb 10 2024 17: +0,1707584400
0.464,1,Feb 10 2024 19: +0,1707591600
0.47,1,Feb 10 2024 22: +0,1707602400
0.498,1,Feb 10 2024 23: +0,1707606000
0.523,1,Feb 11 2024 00: +0,1707609600
0.515,1,Feb 11 2024 02: +0,1707616800
0.525,1,Feb 11 2024 16: +0,1707667200
0.532,1,Feb 11 2024 21: +0,1707685200
0.526,1,Feb 12 2024 14: +0,1707746400
0.55,1,Feb 13 2024 07: +0,1707807600
0.542,1,Feb 13 2024 08: +0,1707811200
0.382,1,Feb 13 2024 13: +0,1707829200
0.665,2,Feb 13 2024 18: +0,1707847200
0.38,1,Feb 14 2024 08: +0,1707897600
0.208,1,Feb 14 2024 15: +0,1707922800
0.661,2,Feb 14 2024 18: +0,1707933600
0.683,1,Feb 15 2024 03: +0,1707966000
0.41,6,Feb 15 2024 11: +0,1707994800
0.208,1,Feb 15 2024 19: +0,1708023600
0.681,1,Feb 16 2024 18: +0,1708106400
0.67,2,Feb 17 2024 10: +0,1708164000
0.598,1,Feb 17 2024 12: +0,1708171200
0.633,2,Feb 18 2024 18: +0,1708279200
0.339,1,Feb 20 2024 08: +0,1708416000
0.355,8,Feb 20 2024 14: +0,1708437600
0.331,1,Feb 20 2024 18: +0,1708452000
0.339,1,Feb 20 2024 19: +0,1708455600
0.357,1,Feb 20 2024 20: +0,1708459200
0.39,2,Feb 21 2024 09: +0,1708506000
0.426,1,Feb 22 2024 18: +0,1708624800
0.432,1,Feb 22 2024 23: +0,1708642800
0.422,1,Feb 23 2024 17: +0,1708707600
0.339,1,Feb 24 2024 10: +0,1708768800
0.427,1,Feb 25 2024 01: +0,1708822800
0.34,1,Feb 27 2024 12: +0,1709035200
0.418,1,Feb 27 2024 17: +0,1709053200
0.419,1,Feb 27 2024 22: +0,1709071200
0.466,4,Feb 28 2024 12: +0,1709121600
0.34,1,Feb 29 2024 11: +0,1709204400
0.363,1,Mar 01 2024 08: +0,1709280000
0.363,3,Mar 01 2024 09: +0,1709283600
0.438,1,Mar 01 2024 14: +0,1709301600
0.427,1,Mar 01 2024 20: +0,1709323200
0.214,1,Mar 03 2024 23: +0,1709506800
0.36,1,Mar 04 2024 17: +0,1709571600
0.279,1,Mar 04 2024 21: +0,1709586000
0.421,1,Mar 05 2024 11: +0,1709636400
0.406,1,Mar 08 2024 06: +0,1709877600
0.32,1,Mar 09 2024 15: +0,1709996400
0.339,1,Mar 14 2024 08: +0,1710403200
0.339,1,Mar 14 2024 17: +0,1710435600
0.323,1,Mar 16 2024 02: +0,1710554400
0.339,1,Mar 16 2024 22: +0,1710626400
0.36,1,Mar 16 2024 23: +0,1710630000
0.367,1,Mar 17 2024 08: +0,1710662400
0.331,7,Mar 17 2024 09: +0,1710666000
0.353,1,Mar 18 2024 17: +0,1710781200
0.356,1,Mar 19 2024 17: +0,1710867600
0.295,1,Mar 19 2024 20: +0,1710878400
0.372,2,Mar 21 2024 02: +0,1710986400
0.38,1,Mar 21 2024 04: +0,1710993600
0.38,1,Mar 21 2024 11: +0,1711018800
0.388,1,Mar 21 2024 21: +0,1711054800
0.295,1,Mar 23 2024 18: +0,1711216800
0.03,1,Mar 24 2024 17: +0,1711299600
0.319,3,Mar 24 2024 21: +0,1711314000
0.38,1,Mar 26 2024 00: +0,1711411200
0.291,2,Mar 29 2024 04: +0,1711684800
0.396,1,Mar 29 2024 15: +0,1711724400
0.294,1,Mar 31 2024 01: +0,1711846800
0.35,1,Apr 02 2024 20: +0,1712084400
0.348,1,Apr 03 2024 07: +0,1712124000
0.395,2,Apr 03 2024 09: +0,1712131200
0.307,2,Apr 04 2024 02: +0,1712192400
0.307,1,Apr 04 2024 13: +0,1712232000
0.312,1,Apr 05 2024 22: +0,1712350800
0.312,1,Apr 06 2024 19: +0,1712426400
0.312,1,Apr 06 2024 23: +0,1712440800
0.371,1,Apr 09 2024 15: +0,1712671200
0.298,1,Apr 11 2024 19: +0,1712858400
0.31,1,Apr 12 2024 16: +0,1712934000
0.367,1,Apr 13 2024 23: +0,1713045600
0.377,1,Apr 14 2024 01: +0,1713052800
0.313,1,Apr 14 2024 16: +0,1713106800
0.354,1,Apr 16 2024 04: +0,1713236400
0.308,1,Apr 16 2024 12: +0,1713265200
0.297,1,Apr 16 2024 20: +0,1713294000
0.35,2,Apr 17 2024 17: +0,1713369600
0.372,1,Apr 18 2024 17: +0,1713456000
0.305,1,Apr 20 2024 20: +0,1713639600
0.377,1,Apr 21 2024 17: +0,1713715200
0.375,1,Apr 21 2024 20: +0,1713726000
0.295,1,Apr 21 2024 22: +0,1713733200
0.303,6,Apr 23 2024 08: +0,1713855600
0.297,3,Apr 23 2024 11: +0,1713866400
0.367,1,Apr 25 2024 20: +0,1714071600
0.358,1,Apr 26 2024 19: +0,1714154400
0.376,1,Apr 27 2024 04: +0,1714186800
0.367,1,Apr 29 2024 11: +0,1714384800
0.295,1,Apr 30 2024 12: +0,1714474800
0.278,1,May 04 2024 16: +0,1714834800
0.258,1,May 06 2024 19: +0,1715018400
0.312,1,May 07 2024 08: +0,1715065200
0.344,1,May 07 2024 23: +0,1715119200
0.346,1,May 08 2024 23: +0,1715205600
0.34,1,May 10 2024 10: +0,1715331600
0.255,1,May 10 2024 12: +0,1715338800
0.304,1,May 13 2024 23: +0,1715637600
0.306,1,May 15 2024 19: +0,1715796000
0.351,1,May 16 2024 03: +0,1715824800
0.323,1,May 19 2024 15: +0,1716127200
0.338,2,May 21 2024 13: +0,1716292800
0.327,1,May 25 2024 09: +0,1716624000
0.304,1,May 26 2024 13: +0,1716724800
0.322,4,Jun 01 2024 08: +0,1717225200
0.332,1,Jun 05 2024 06: +0,1717563600
0.327,1,Jun 05 2024 22: +0,1717621200
0.29,1,Jun 09 2024 11: +0,1717927200
0.292,1,Jun 10 2024 16: +0,1718031600
0.277,1,Jun 12 2024 01: +0,1718150400
