price,quantity,date,unix timestamp
3.03,22,Apr 28 2016 01: +0,1461801600
3.007,27,Apr 29 2016 01: +0,1461888000
2.637,39,Apr 30 2016 01: +0,1461974400
2.517,31,May 01 2016 01: +0,1462060800
2.515,23,May 02 2016 01: +0,1462147200
2.289,29,May 03 2016 01: +0,1462233600
2.189,18,May 04 2016 01: +0,1462320000
1.987,20,May 05 2016 01: +0,1462406400
1.845,28,May 06 2016 01: +0,1462492800
1.864,26,May 07 2016 01: +0,1462579200
1.673,23,May 08 2016 01: +0,1462665600
1.595,38,May 09 2016 01: +0,1462752000
1.559,34,May 10 2016 01: +0,1462838400
1.595,16,May 11 2016 01: +0,1462924800
1.609,24,May 12 2016 01: +0,1463011200
1.445,22,May 13 2016 01: +0,1463097600
1.469,29,May 14 2016 01: +0,1463184000
1.31,34,May 15 2016 01: +0,1463270400
1.367,36,May 16 2016 01: +0,1463356800
1.248,23,May 17 2016 01: +0,1463443200
1.262,21,May 18 2016 01: +0,1463529600
1.318,27,May 19 2016 01: +0,1463616000
1.203,27,May 20 2016 01: +0,1463702400
1.179,38,May 21 2016 01: +0,1463788800
1.141,37,May 22 2016 01: +0,1463875200
1.165,21,May 23 2016 01: +0,1463961600
1.163,18,May 24 2016 01: +0,1464048000
1.098,26,May 25 2016 01: +0,1464134400
1.027,29,May 26 2016 01: +0,1464220800
1.071,41,May 27 2016 01: +0,1464307200
1.146,32,May 28 2016 01: +0,1464393600
1.142,21,May 29 2016 01: +0,1464480000
1.074,23,May 30 2016 01: +0,1464566400
1.059,24,May 31 2016 01: +0,1464652800
0.938,31,Jun 01 2016 01: +0,1464739200
0.911,36,Jun 02 2016 01: +0,1464825600
0.884,41,Jun 03 2016 01: +0,1464912000
0.919,46,Jun 04 2016 01: +0,1464998400
0.91,39,Jun 05 2016 01: +0,1465084800
0.977,25,Jun 06 2016 01: +0,1465171200
0.819,20,Jun 07 2016 01: +0,1465257600
0.894,23,Jun 08 2016 01: +0,1465344000
0.875,20,Jun 09 2016 01: +0,1465430400
0.892,28,Jun 10 2016 01: +0,1465516800
0.876,25,Jun 11 2016 01: +0,1465603200
0.866,35,Jun 12 2016 01: +0,1465689600
0.842,36,Jun 13 2016 01: +0,1465776000
0.779,32,Jun 14 2016 01: +0,1465862400
0.786,35,Jun 15 2016 01: +0,1465948800
0.773,45,Jun 16 2016 01: +0,1466035200
0.685,41,Jun 17 2016 01: +0,1466121600
0.645,49,Jun 18 2016 01: +0,1466208000
0.644,42,Jun 19 2016 01: +0,1466294400
0.596,57,Jun 20 2016 01: +0,1466380800
0.615,43,Jun 21 2016 01: +0,1466467200
0.536,40,Jun 22 2016 01: +0,1466553600
0.542,46,Jun 23 2016 01: +0,1466640000
0.469,44,Jun 24 2016 01: +0,1466726400
0.448,48,Jun 25 2016 01: +0,1466812800
0.481,41,Jun 26 2016 01: +0,1466899200
0.446,53,Jun 27 2016 01: +0,1466985600
0.442,52,Jun 28 2016 01: +0,1467072000
0.407,53,Jun 29 2016 01: +0,1467158400
0.41,54,Jun 30 2016 01: +0,1467244800
0.472,45,Jul 01 2016 01: +0,1467331200
0.494,67,Jul 02 2016 01: +0,1467417600
0.469,40,Jul 03 2016 01: +0,1467504000
0.448,59,Jul 04 2016 01: +0,1467590400
0.461,63,Jul 05 2016 01: +0,1467676800
0.531,49,Jul 06 2016 01: +0,1467763200
0.676,33,Jul 07 2016 01: +0,1467849600
0.698,43,Jul 08 2016 01: +0,1467936000
0.602,46,Jul 09 2016 01: +0,1468022400
0.538,43,Jul 10 2016 01: +0,1468108800
0.458,53,Jul 11 2016 01: +0,1468195200
0.589,52,Jul 12 2016 01: +0,1468281600
0.543,30,Jul 13 2016 01: +0,1468368000
0.49,41,Jul 14 2016 01: +0,1468454400
0.544,43,Jul 15 2016 01: +0,1468540800
0.552,44,Jul 16 2016 01: +0,1468627200
0.536,47,Jul 17 2016 01: +0,1468713600
0.544,42,Jul 18 2016 01: +0,1468800000
0.524,42,Jul 19 2016 01: +0,1468886400
0.525,47,Jul 20 2016 01: +0,1468972800
0.521,38,Jul 21 2016 01: +0,1469059200
0.524,37,Jul 22 2016 01: +0,1469145600
0.506,36,Jul 23 2016 01: +0,1469232000
0.496,27,Jul 24 2016 01: +0,1469318400
0.519,44,Jul 25 2016 01: +0,1469404800
0.53,29,Jul 26 2016 01: +0,1469491200
0.509,51,Jul 27 2016 01: +0,1469577600
0.578,49,Jul 28 2016 01: +0,1469664000
0.523,45,Jul 29 2016 01: +0,1469750400
0.521,50,Jul 30 2016 01: +0,1469836800
0.502,50,Jul 31 2016 01: +0,1469923200
0.581,36,Aug 01 2016 01: +0,1470009600
0.547,31,Aug 02 2016 01: +0,1470096000
0.505,47,Aug 03 2016 01: +0,1470182400
0.504,50,Aug 04 2016 01: +0,1470268800
0.526,41,Aug 05 2016 01: +0,1470355200
0.508,47,Aug 06 2016 01: +0,1470441600
0.5,33,Aug 07 2016 01: +0,1470528000
0.512,58,Aug 08 2016 01: +0,1470614400
0.603,24,Aug 09 2016 01: +0,1470700800
0.498,35,Aug 10 2016 01: +0,1470787200
0.446,43,Aug 11 2016 01: +0,1470873600
0.485,39,Aug 12 2016 01: +0,1470960000
0.472,41,Aug 13 2016 01: +0,1471046400
0.451,49,Aug 14 2016 01: +0,1471132800
0.492,40,Aug 15 2016 01: +0,1471219200
0.537,34,Aug 16 2016 01: +0,1471305600
0.543,33,Aug 17 2016 01: +0,1471392000
0.542,36,Aug 18 2016 01: +0,1471478400
0.552,35,Aug 19 2016 01: +0,1471564800
0.517,39,Aug 20 2016 01: +0,1471651200
0.494,38,Aug 21 2016 01: +0,1471737600
0.513,52,Aug 22 2016 01: +0,1471824000
0.524,38,Aug 23 2016 01: +0,1471910400
0.488,39,Aug 24 2016 01: +0,1471996800
0.51,40,Aug 25 2016 01: +0,1472083200
0.494,42,Aug 26 2016 01: +0,1472169600
0.499,48,Aug 27 2016 01: +0,1472256000
0.495,58,Aug 28 2016 01: +0,1472342400
0.492,53,Aug 29 2016 01: +0,1472428800
0.512,53,Aug 30 2016 01: +0,1472515200
0.578,34,Aug 31 2016 01: +0,1472601600
0.623,40,Sep 01 2016 01: +0,1472688000
0.603,42,Sep 02 2016 01: +0,1472774400
0.596,33,Sep 03 2016 01: +0,1472860800
0.603,34,Sep 04 2016 01: +0,1472947200
0.565,30,Sep 05 2016 01: +0,1473033600
0.528,35,Sep 06 2016 01: +0,1473120000
0.556,29,Sep 07 2016 01: +0,1473206400
0.528,43,Sep 08 2016 01: +0,1473292800
0.518,49,Sep 09 2016 01: +0,1473379200
0.514,34,Sep 10 2016 01: +0,1473465600
0.515,46,Sep 11 2016 01: +0,1473552000
0.49,32,Sep 12 2016 01: +0,1473638400
0.482,36,Sep 13 2016 01: +0,1473724800
0.5,42,Sep 14 2016 01: +0,1473811200
0.476,44,Sep 15 2016 01: +0,1473897600
0.509,38,Sep 16 2016 01: +0,1473984000
0.487,41,Sep 17 2016 01: +0,1474070400
0.465,40,Sep 18 2016 01: +0,1474156800
0.493,30,Sep 19 2016 01: +0,1474243200
0.455,45,Sep 20 2016 01: +0,1474329600
0.467,44,Sep 21 2016 01: +0,1474416000
0.42,30,Sep 22 2016 01: +0,1474502400
0.447,44,Sep 23 2016 01: +0,1474588800
0.441,58,Sep 24 2016 01: +0,1474675200
0.448,49,Sep 25 2016 01: +0,1474761600
0.435,25,Sep 26 2016 01: +0,1474848000
0.424,29,Sep 27 2016 01: +0,1474934400
0.419,44,Sep 28 2016 01: +0,1475020800
0.437,38,Sep 29 2016 01: +0,1475107200
0.435,45,Sep 30 2016 01: +0,1475193600
0.437,53,Oct 01 2016 01: +0,1475280000
0.415,48,Oct 02 2016 01: +0,1475366400
0.432,39,Oct 03 2016 01: +0,1475452800
0.427,37,Oct 04 2016 01: +0,1475539200
0.473,27,Oct 05 2016 01: +0,1475625600
0.434,19,Oct 06 2016 01: +0,1475712000
0.377,64,Oct 07 2016 01: +0,1475798400
0.388,48,Oct 08 2016 01: +0,1475884800
0.383,34,Oct 09 2016 01: +0,1475971200
0.364,43,Oct 10 2016 01: +0,1476057600
0.371,44,Oct 11 2016 01: +0,1476144000
0.374,34,Oct 12 2016 01: +0,1476230400
0.401,24,Oct 13 2016 01: +0,1476316800
0.392,32,Oct 14 2016 01: +0,1476403200
0.389,45,Oct 15 2016 01: +0,1476489600
0.378,34,Oct 16 2016 01: +0,1476576000
0.393,27,Oct 17 2016 01: +0,1476662400
0.36,17,Oct 18 2016 01: +0,1476748800
0.35,34,Oct 19 2016 01: +0,1476835200
0.369,31,Oct 20 2016 01: +0,1476921600
0.348,43,Oct 21 2016 01: +0,1477008000
0.343,38,Oct 22 2016 01: +0,1477094400
0.339,41,Oct 23 2016 01: +0,1477180800
0.376,38,Oct 24 2016 01: +0,1477267200
0.409,32,Oct 25 2016 01: +0,1477353600
0.393,35,Oct 26 2016 01: +0,1477440000
0.361,35,Oct 27 2016 01: +0,1477526400
0.364,42,Oct 28 2016 01: +0,1477612800
0.371,37,Oct 29 2016 01: +0,1477699200
0.36,54,Oct 30 2016 01: +0,1477785600
0.34,39,Oct 31 2016 01: +0,1477875600
0.349,21,Nov 01 2016 01: +0,1477962000
0.356,41,Nov 02 2016 01: +0,1478048400
0.375,25,Nov 03 2016 01: +0,1478134800
0.387,43,Nov 04 2016 01: +0,1478221200
0.392,43,Nov 05 2016 01: +0,1478307600
0.41,47,Nov 06 2016 01: +0,1478394000
0.408,31,Nov 07 2016 01: +0,1478480400
0.426,22,Nov 08 2016 01: +0,1478566800
0.42,29,Nov 09 2016 01: +0,1478653200
0.428,32,Nov 10 2016 01: +0,1478739600
0.45,26,Nov 11 2016 01: +0,1478826000
0.463,41,Nov 12 2016 01: +0,1478912400
0.461,43,Nov 13 2016 01: +0,1478998800
0.462,20,Nov 14 2016 01: +0,1479085200
0.436,18,Nov 15 2016 01: +0,1479171600
0.451,29,Nov 16 2016 01: +0,1479258000
0.42,33,Nov 17 2016 01: +0,1479344400
0.431,26,Nov 18 2016 01: +0,1479430800
0.43,44,Nov 19 2016 01: +0,1479517200
0.437,27,Nov 20 2016 01: +0,1479603600
0.398,33,Nov 21 2016 01: +0,1479690000
0.421,19,Nov 22 2016 01: +0,1479776400
0.397,32,Nov 23 2016 01: +0,1479862800
0.361,23,Nov 24 2016 01: +0,1479949200
0.412,49,Nov 25 2016 01: +0,1480035600
0.357,35,Nov 26 2016 01: +0,1480122000
0.332,36,Nov 27 2016 01: +0,1480208400
0.327,36,Nov 28 2016 01: +0,1480294800
0.325,30,Nov 29 2016 01: +0,1480381200
0.332,40,Nov 30 2016 01: +0,1480467600
0.372,42,Dec 01 2016 01: +0,1480554000
0.397,47,Dec 02 2016 01: +0,1480640400
0.434,51,Dec 03 2016 01: +0,1480726800
0.409,48,Dec 04 2016 01: +0,1480813200
0.396,42,Dec 05 2016 01: +0,1480899600
0.374,42,Dec 06 2016 01: +0,1480986000
0.385,44,Dec 07 2016 01: +0,1481072400
0.349,36,Dec 08 2016 01: +0,1481158800
0.407,39,Dec 09 2016 01: +0,1481245200
0.401,42,Dec 10 2016 01: +0,1481331600
0.442,48,Dec 11 2016 01: +0,1481418000
0.435,33,Dec 12 2016 01: +0,1481504400
0.366,41,Dec 13 2016 01: +0,1481590800
0.407,31,Dec 14 2016 01: +0,1481677200
0.453,24,Dec 15 2016 01: +0,1481763600
0.447,38,Dec 16 2016 01: +0,1481850000
0.432,37,Dec 17 2016 01: +0,1481936400
0.403,30,Dec 18 2016 01: +0,1482022800
0.387,27,Dec 19 2016 01: +0,1482109200
0.399,42,Dec 20 2016 01: +0,1482195600
0.407,35,Dec 21 2016 01: +0,1482282000
0.4,24,Dec 22 2016 01: +0,1482368400
0.367,36,Dec 23 2016 01: +0,1482454800
0.327,60,Dec 24 2016 01: +0,1482541200
0.375,60,Dec 25 2016 01: +0,1482627600
0.438,54,Dec 26 2016 01: +0,1482714000
0.437,45,Dec 27 2016 01: +0,1482800400
0.426,42,Dec 28 2016 01: +0,1482886800
0.416,50,Dec 29 2016 01: +0,1482973200
0.406,41,Dec 30 2016 01: +0,1483059600
0.402,50,Dec 31 2016 01: +0,1483146000
0.421,47,Jan 01 2017 01: +0,1483232400
0.431,47,Jan 02 2017 01: +0,1483318800
0.413,39,Jan 03 2017 01: +0,1483405200
0.424,40,Jan 04 2017 01: +0,1483491600
0.434,38,Jan 05 2017 01: +0,1483578000
0.435,37,Jan 06 2017 01: +0,1483664400
0.448,37,Jan 07 2017 01: +0,1483750800
0.445,44,Jan 08 2017 01: +0,1483837200
0.452,28,Jan 09 2017 01: +0,1483923600
0.43,45,Jan 10 2017 01: +0,1484010000
0.455,29,Jan 11 2017 01: +0,1484096400
0.446,30,Jan 12 2017 01: +0,1484182800
0.432,40,Jan 13 2017 01: +0,1484269200
0.432,46,Jan 14 2017 01: +0,1484355600
0.409,40,Jan 15 2017 01: +0,1484442000
0.463,33,Jan 16 2017 01: +0,1484528400
0.479,27,Jan 17 2017 01: +0,1484614800
0.469,26,Jan 18 2017 01: +0,1484701200
0.443,30,Jan 19 2017 01: +0,1484787600
0.436,29,Jan 20 2017 01: +0,1484874000
0.423,49,Jan 21 2017 01: +0,1484960400
0.442,35,Jan 22 2017 01: +0,1485046800
0.43,36,Jan 23 2017 01: +0,1485133200
0.486,45,Jan 24 2017 01: +0,1485219600
0.479,40,Jan 25 2017 01: +0,1485306000
0.514,46,Jan 26 2017 01: +0,1485392400
0.507,36,Jan 27 2017 01: +0,1485478800
0.516,49,Jan 28 2017 01: +0,1485565200
0.494,51,Jan 29 2017 01: +0,1485651600
0.466,43,Jan 30 2017 01: +0,1485738000
0.463,52,Jan 31 2017 01: +0,1485824400
0.527,38,Feb 01 2017 01: +0,1485910800
0.525,27,Feb 02 2017 01: +0,1485997200
0.492,29,Feb 03 2017 01: +0,1486083600
0.527,51,Feb 04 2017 01: +0,1486170000
0.53,43,Feb 05 2017 01: +0,1486256400
0.472,35,Feb 06 2017 01: +0,1486342800
0.564,32,Feb 07 2017 01: +0,1486429200
0.571,26,Feb 08 2017 01: +0,1486515600
0.554,33,Feb 09 2017 01: +0,1486602000
0.544,36,Feb 10 2017 01: +0,1486688400
0.51,36,Feb 11 2017 01: +0,1486774800
0.513,33,Feb 12 2017 01: +0,1486861200
0.507,45,Feb 13 2017 01: +0,1486947600
0.517,34,Feb 14 2017 01: +0,1487034000
0.548,19,Feb 15 2017 01: +0,1487120400
0.5,34,Feb 16 2017 01: +0,1487206800
0.498,29,Feb 17 2017 01: +0,1487293200
0.48,39,Feb 18 2017 01: +0,1487379600
0.445,36,Feb 19 2017 01: +0,1487466000
0.414,36,Feb 20 2017 01: +0,1487552400
0.451,24,Feb 21 2017 01: +0,1487638800
0.472,29,Feb 22 2017 01: +0,1487725200
0.441,35,Feb 23 2017 01: +0,1487811600
0.426,38,Feb 24 2017 01: +0,1487898000
0.463,41,Feb 25 2017 01: +0,1487984400
0.517,44,Feb 26 2017 01: +0,1488070800
0.489,36,Feb 27 2017 01: +0,1488157200
0.459,36,Feb 28 2017 01: +0,1488243600
0.419,35,Mar 01 2017 01: +0,1488330000
0.488,41,Mar 02 2017 01: +0,1488416400
0.465,51,Mar 03 2017 01: +0,1488502800
0.503,31,Mar 04 2017 01: +0,1488589200
0.455,38,Mar 05 2017 01: +0,1488675600
0.452,34,Mar 06 2017 01: +0,1488762000
0.456,36,Mar 07 2017 01: +0,1488848400
0.448,51,Mar 08 2017 01: +0,1488934800
0.474,29,Mar 09 2017 01: +0,1489021200
0.477,52,Mar 10 2017 01: +0,1489107600
0.484,53,Mar 11 2017 01: +0,1489194000
0.507,67,Mar 12 2017 01: +0,1489280400
0.579,28,Mar 13 2017 01: +0,1489366800
0.532,52,Mar 14 2017 01: +0,1489453200
0.511,28,Mar 15 2017 01: +0,1489539600
0.48,41,Mar 16 2017 01: +0,1489626000
0.486,48,Mar 17 2017 01: +0,1489712400
0.526,49,Mar 18 2017 01: +0,1489798800
0.513,41,Mar 19 2017 01: +0,1489885200
0.484,38,Mar 20 2017 01: +0,1489971600
0.524,39,Mar 21 2017 01: +0,1490058000
0.5,28,Mar 22 2017 01: +0,1490144400
0.504,37,Mar 23 2017 01: +0,1490230800
0.448,61,Mar 24 2017 01: +0,1490317200
0.472,50,Mar 25 2017 01: +0,1490403600
0.405,64,Mar 26 2017 01: +0,1490490000
0.434,57,Mar 27 2017 01: +0,1490572800
0.472,41,Mar 28 2017 01: +0,1490659200
0.483,27,Mar 29 2017 01: +0,1490745600
0.479,38,Mar 30 2017 01: +0,1490832000
0.479,44,Mar 31 2017 01: +0,1490918400
0.499,54,Apr 01 2017 01: +0,1491004800
0.472,35,Apr 02 2017 01: +0,1491091200
0.511,26,Apr 03 2017 01: +0,1491177600
0.472,25,Apr 04 2017 01: +0,1491264000
0.401,46,Apr 05 2017 01: +0,1491350400
0.397,38,Apr 06 2017 01: +0,1491436800
0.408,40,Apr 07 2017 01: +0,1491523200
0.403,63,Apr 08 2017 01: +0,1491609600
0.429,39,Apr 09 2017 01: +0,1491696000
0.437,34,Apr 10 2017 01: +0,1491782400
0.415,41,Apr 11 2017 01: +0,1491868800
0.43,40,Apr 12 2017 01: +0,1491955200
0.424,48,Apr 13 2017 01: +0,1492041600
0.457,42,Apr 14 2017 01: +0,1492128000
0.431,51,Apr 15 2017 01: +0,1492214400
0.451,38,Apr 16 2017 01: +0,1492300800
0.453,37,Apr 17 2017 01: +0,1492387200
0.437,47,Apr 18 2017 01: +0,1492473600
0.455,36,Apr 19 2017 01: +0,1492560000
0.436,24,Apr 20 2017 01: +0,1492646400
0.438,41,Apr 21 2017 01: +0,1492732800
0.443,43,Apr 22 2017 01: +0,1492819200
0.43,42,Apr 23 2017 01: +0,1492905600
0.41,38,Apr 24 2017 01: +0,1492992000
0.427,41,Apr 25 2017 01: +0,1493078400
0.411,37,Apr 26 2017 01: +0,1493164800
0.424,33,Apr 27 2017 01: +0,1493251200
0.39,40,Apr 28 2017 01: +0,1493337600
0.429,53,Apr 29 2017 01: +0,1493424000
0.408,52,Apr 30 2017 01: +0,1493510400
0.402,54,May 01 2017 01: +0,1493596800
0.419,40,May 02 2017 01: +0,1493683200
0.379,34,May 03 2017 01: +0,1493769600
0.389,30,May 04 2017 01: +0,1493856000
0.418,50,May 05 2017 01: +0,1493942400
0.419,38,May 06 2017 01: +0,1494028800
0.393,49,May 07 2017 01: +0,1494115200
0.403,48,May 08 2017 01: +0,1494201600
0.43,38,May 09 2017 01: +0,1494288000
0.43,33,May 10 2017 01: +0,1494374400
0.429,30,May 11 2017 01: +0,1494460800
0.432,59,May 12 2017 01: +0,1494547200
0.448,38,May 13 2017 01: +0,1494633600
0.441,49,May 14 2017 01: +0,1494720000
0.421,40,May 15 2017 01: +0,1494806400
0.434,47,May 16 2017 01: +0,1494892800
0.468,40,May 17 2017 01: +0,1494979200
0.462,32,May 18 2017 01: +0,1495065600
0.484,38,May 19 2017 01: +0,1495152000
0.549,40,May 20 2017 01: +0,1495238400
0.49,50,May 21 2017 01: +0,1495324800
0.499,33,May 22 2017 01: +0,1495411200
0.524,23,May 23 2017 01: +0,1495497600
0.401,45,May 24 2017 01: +0,1495584000
0.353,52,May 25 2017 01: +0,1495670400
0.404,50,May 26 2017 01: +0,1495756800
0.415,56,May 27 2017 01: +0,1495843200
0.363,39,May 28 2017 01: +0,1495929600
0.348,40,May 29 2017 01: +0,1496016000
0.364,44,May 30 2017 01: +0,1496102400
0.404,28,May 31 2017 01: +0,1496188800
0.399,40,Jun 01 2017 01: +0,1496275200
0.433,28,Jun 02 2017 01: +0,1496361600
0.414,44,Jun 03 2017 01: +0,1496448000
0.406,54,Jun 04 2017 01: +0,1496534400
0.413,30,Jun 05 2017 01: +0,1496620800
0.396,35,Jun 06 2017 01: +0,1496707200
0.385,48,Jun 07 2017 01: +0,1496793600
0.412,41,Jun 08 2017 01: +0,1496880000
0.407,38,Jun 09 2017 01: +0,1496966400
0.387,40,Jun 10 2017 01: +0,1497052800
0.403,35,Jun 11 2017 01: +0,1497139200
0.438,37,Jun 12 2017 01: +0,1497225600
0.458,29,Jun 13 2017 01: +0,1497312000
0.393,25,Jun 14 2017 01: +0,1497398400
0.401,33,Jun 15 2017 01: +0,1497484800
0.408,46,Jun 16 2017 01: +0,1497571200
0.385,31,Jun 17 2017 01: +0,1497657600
0.373,37,Jun 18 2017 01: +0,1497744000
0.374,39,Jun 19 2017 01: +0,1497830400
0.375,32,Jun 20 2017 01: +0,1497916800
0.4,34,Jun 21 2017 01: +0,1498003200
0.368,47,Jun 22 2017 01: +0,1498089600
0.333,38,Jun 23 2017 01: +0,1498176000
0.318,36,Jun 24 2017 01: +0,1498262400
0.319,57,Jun 25 2017 01: +0,1498348800
0.346,52,Jun 26 2017 01: +0,1498435200
0.309,39,Jun 27 2017 01: +0,1498521600
0.322,54,Jun 28 2017 01: +0,1498608000
0.305,39,Jun 29 2017 01: +0,1498694400
0.325,48,Jun 30 2017 01: +0,1498780800
0.365,33,Jul 01 2017 01: +0,1498867200
0.321,29,Jul 02 2017 01: +0,1498953600
0.315,55,Jul 03 2017 01: +0,1499040000
0.349,34,Jul 04 2017 01: +0,1499126400
0.374,33,Jul 05 2017 01: +0,1499212800
0.354,41,Jul 06 2017 01: +0,1499299200
0.384,38,Jul 07 2017 01: +0,1499385600
0.375,50,Jul 08 2017 01: +0,1499472000
0.432,40,Jul 09 2017 01: +0,1499558400
0.414,29,Jul 10 2017 01: +0,1499644800
0.406,34,Jul 11 2017 01: +0,1499731200
0.426,32,Jul 12 2017 01: +0,1499817600
0.413,31,Jul 13 2017 01: +0,1499904000
0.374,44,Jul 14 2017 01: +0,1499990400
0.393,36,Jul 15 2017 01: +0,1500076800
0.358,30,Jul 16 2017 01: +0,1500163200
0.383,41,Jul 17 2017 01: +0,1500249600
0.377,42,Jul 18 2017 01: +0,1500336000
0.392,57,Jul 19 2017 01: +0,1500422400
0.447,67,Jul 20 2017 01: +0,1500508800
0.448,42,Jul 21 2017 01: +0,1500595200
0.446,33,Jul 22 2017 01: +0,1500681600
0.413,35,Jul 23 2017 01: +0,1500768000
0.363,47,Jul 24 2017 01: +0,1500854400
0.396,45,Jul 25 2017 01: +0,1500940800
0.433,53,Jul 26 2017 01: +0,1501027200
0.439,44,Jul 27 2017 01: +0,1501113600
0.412,41,Jul 28 2017 01: +0,1501200000
0.416,46,Jul 29 2017 01: +0,1501286400
0.441,37,Jul 30 2017 01: +0,1501372800
0.447,43,Jul 31 2017 01: +0,1501459200
0.488,30,Aug 01 2017 01: +0,1501545600
0.474,46,Aug 02 2017 01: +0,1501632000
0.467,53,Aug 03 2017 01: +0,1501718400
0.519,35,Aug 04 2017 01: +0,1501804800
0.517,32,Aug 05 2017 01: +0,1501891200
0.488,29,Aug 06 2017 01: +0,1501977600
0.494,40,Aug 07 2017 01: +0,1502064000
0.459,31,Aug 08 2017 01: +0,1502150400
0.432,39,Aug 09 2017 01: +0,1502236800
0.426,44,Aug 10 2017 01: +0,1502323200
0.391,39,Aug 11 2017 01: +0,1502409600
0.395,53,Aug 12 2017 01: +0,1502496000
0.376,40,Aug 13 2017 01: +0,1502582400
0.407,55,Aug 14 2017 01: +0,1502668800
0.396,32,Aug 15 2017 01: +0,1502755200
0.394,39,Aug 16 2017 01: +0,1502841600
0.357,45,Aug 17 2017 01: +0,1502928000
0.353,36,Aug 18 2017 01: +0,1503014400
0.348,37,Aug 19 2017 01: +0,1503100800
0.371,33,Aug 20 2017 01: +0,1503187200
0.372,51,Aug 21 2017 01: +0,1503273600
0.36,23,Aug 22 2017 01: +0,1503360000
0.323,33,Aug 23 2017 01: +0,1503446400
0.295,26,Aug 24 2017 01: +0,1503532800
0.31,34,Aug 25 2017 01: +0,1503619200
0.346,44,Aug 26 2017 01: +0,1503705600
0.312,37,Aug 27 2017 01: +0,1503792000
0.327,32,Aug 28 2017 01: +0,1503878400
0.355,31,Aug 29 2017 01: +0,1503964800
0.311,28,Aug 30 2017 01: +0,1504051200
0.307,18,Aug 31 2017 01: +0,1504137600
0.306,41,Sep 01 2017 01: +0,1504224000
0.296,31,Sep 02 2017 01: +0,1504310400
0.275,29,Sep 03 2017 01: +0,1504396800
0.283,21,Sep 04 2017 01: +0,1504483200
0.28,36,Sep 05 2017 01: +0,1504569600
0.285,48,Sep 06 2017 01: +0,1504656000
0.301,29,Sep 07 2017 01: +0,1504742400
0.327,40,Sep 08 2017 01: +0,1504828800
0.271,35,Sep 09 2017 01: +0,1504915200
0.309,37,Sep 10 2017 01: +0,1505001600
0.323,26,Sep 11 2017 01: +0,1505088000
0.306,18,Sep 12 2017 01: +0,1505174400
0.298,38,Sep 13 2017 01: +0,1505260800
0.316,25,Sep 14 2017 01: +0,1505347200
0.312,41,Sep 15 2017 01: +0,1505433600
0.329,53,Sep 16 2017 01: +0,1505520000
0.312,42,Sep 17 2017 01: +0,1505606400
0.304,41,Sep 18 2017 01: +0,1505692800
0.311,28,Sep 19 2017 01: +0,1505779200
0.328,25,Sep 20 2017 01: +0,1505865600
0.331,21,Sep 21 2017 01: +0,1505952000
0.311,17,Sep 22 2017 01: +0,1506038400
0.316,33,Sep 23 2017 01: +0,1506124800
0.312,14,Sep 24 2017 01: +0,1506211200
0.352,17,Sep 25 2017 01: +0,1506297600
0.301,14,Sep 26 2017 01: +0,1506384000
0.272,17,Sep 27 2017 01: +0,1506470400
0.288,20,Sep 28 2017 01: +0,1506556800
0.262,51,Sep 29 2017 01: +0,1506643200
0.271,59,Sep 30 2017 01: +0,1506729600
0.282,35,Oct 01 2017 01: +0,1506816000
0.279,25,Oct 02 2017 01: +0,1506902400
0.276,15,Oct 03 2017 01: +0,1506988800
0.273,19,Oct 04 2017 01: +0,1507075200
0.292,26,Oct 05 2017 01: +0,1507161600
0.281,21,Oct 06 2017 01: +0,1507248000
0.337,33,Oct 07 2017 01: +0,1507334400
0.259,31,Oct 08 2017 01: +0,1507420800
0.276,23,Oct 09 2017 01: +0,1507507200
0.26,27,Oct 10 2017 01: +0,1507593600
0.249,12,Oct 11 2017 01: +0,1507680000
0.275,21,Oct 12 2017 01: +0,1507766400
0.264,11,Oct 13 2017 01: +0,1507852800
0.256,19,Oct 14 2017 01: +0,1507939200
0.278,32,Oct 15 2017 01: +0,1508025600
0.307,11,Oct 16 2017 01: +0,1508112000
0.274,14,Oct 17 2017 01: +0,1508198400
0.272,31,Oct 18 2017 01: +0,1508284800
0.27,25,Oct 19 2017 01: +0,1508371200
0.278,25,Oct 20 2017 01: +0,1508457600
0.319,30,Oct 21 2017 01: +0,1508544000
0.316,22,Oct 22 2017 01: +0,1508630400
0.29,25,Oct 23 2017 01: +0,1508716800
0.259,12,Oct 24 2017 01: +0,1508803200
0.261,21,Oct 25 2017 01: +0,1508889600
0.258,20,Oct 26 2017 01: +0,1508976000
0.252,30,Oct 27 2017 01: +0,1509062400
0.267,28,Oct 28 2017 01: +0,1509148800
0.28,34,Oct 29 2017 01: +0,1509235200
0.254,8,Oct 30 2017 01: +0,1509325200
0.262,20,Oct 31 2017 01: +0,1509411600
0.259,18,Nov 01 2017 01: +0,1509498000
0.287,22,Nov 02 2017 01: +0,1509584400
0.269,12,Nov 03 2017 01: +0,1509670800
0.245,15,Nov 04 2017 01: +0,1509757200
0.241,34,Nov 05 2017 01: +0,1509843600
0.237,25,Nov 06 2017 01: +0,1509930000
0.236,19,Nov 07 2017 01: +0,1510016400
0.24,26,Nov 08 2017 01: +0,1510102800
0.246,17,Nov 09 2017 01: +0,1510189200
0.254,19,Nov 10 2017 01: +0,1510275600
0.26,22,Nov 11 2017 01: +0,1510362000
0.222,19,Nov 12 2017 01: +0,1510448400
0.215,19,Nov 13 2017 01: +0,1510534800
0.247,22,Nov 14 2017 01: +0,1510621200
0.256,23,Nov 15 2017 01: +0,1510707600
0.249,16,Nov 16 2017 01: +0,1510794000
0.247,9,Nov 17 2017 01: +0,1510880400
0.249,33,Nov 18 2017 01: +0,1510966800
0.261,24,Nov 19 2017 01: +0,1511053200
0.284,11,Nov 20 2017 01: +0,1511139600
0.27,17,Nov 21 2017 01: +0,1511226000
0.271,7,Nov 22 2017 01: +0,1511312400
0.245,26,Nov 23 2017 01: +0,1511398800
0.239,6,Nov 24 2017 01: +0,1511485200
0.213,16,Nov 25 2017 01: +0,1511571600
0.204,21,Nov 26 2017 01: +0,1511658000
0.187,20,Nov 27 2017 01: +0,1511744400
0.192,19,Nov 28 2017 01: +0,1511830800
0.22,17,Nov 29 2017 01: +0,1511917200
0.23,18,Nov 30 2017 01: +0,1512003600
0.206,19,Dec 01 2017 01: +0,1512090000
0.22,35,Dec 02 2017 01: +0,1512176400
0.263,19,Dec 03 2017 01: +0,1512262800
0.234,28,Dec 04 2017 01: +0,1512349200
0.215,21,Dec 05 2017 01: +0,1512435600
0.27,18,Dec 06 2017 01: +0,1512522000
0.243,14,Dec 07 2017 01: +0,1512608400
0.284,14,Dec 08 2017 01: +0,1512694800
0.221,12,Dec 09 2017 01: +0,1512781200
0.226,14,Dec 10 2017 01: +0,1512867600
0.246,23,Dec 11 2017 01: +0,1512954000
0.255,10,Dec 12 2017 01: +0,1513040400
0.239,11,Dec 13 2017 01: +0,1513126800
0.222,17,Dec 14 2017 01: +0,1513213200
0.239,14,Dec 15 2017 01: +0,1513299600
0.269,45,Dec 16 2017 01: +0,1513386000
0.299,8,Dec 17 2017 01: +0,1513472400
0.262,16,Dec 18 2017 01: +0,1513558800
0.243,14,Dec 19 2017 01: +0,1513645200
0.272,14,Dec 20 2017 01: +0,1513731600
0.281,15,Dec 21 2017 01: +0,1513818000
0.239,22,Dec 22 2017 01: +0,1513904400
0.235,24,Dec 23 2017 01: +0,1513990800
0.213,32,Dec 24 2017 01: +0,1514077200
0.245,24,Dec 25 2017 01: +0,1514163600
0.244,22,Dec 26 2017 01: +0,1514250000
0.284,44,Dec 27 2017 01: +0,1514336400
0.3,21,Dec 28 2017 01: +0,1514422800
0.284,26,Dec 29 2017 01: +0,1514509200
0.272,16,Dec 30 2017 01: +0,1514595600
0.282,24,Dec 31 2017 01: +0,1514682000
0.278,33,Jan 01 2018 01: +0,1514768400
0.279,18,Jan 02 2018 01: +0,1514854800
0.267,17,Jan 03 2018 01: +0,1514941200
0.284,21,Jan 04 2018 01: +0,1515027600
0.315,6,Jan 05 2018 01: +0,1515114000
0.322,9,Jan 06 2018 01: +0,1515200400
0.282,21,Jan 07 2018 01: +0,1515286800
0.271,13,Jan 08 2018 01: +0,1515373200
0.277,22,Jan 09 2018 01: +0,1515459600
0.299,20,Jan 10 2018 01: +0,1515546000
0.294,17,Jan 11 2018 01: +0,1515632400
0.306,20,Jan 12 2018 01: +0,1515718800
0.319,18,Jan 13 2018 01: +0,1515805200
0.305,35,Jan 14 2018 01: +0,1515891600
0.332,15,Jan 15 2018 01: +0,1515978000
0.307,17,Jan 16 2018 01: +0,1516064400
0.282,21,Jan 17 2018 01: +0,1516150800
0.3,15,Jan 18 2018 01: +0,1516237200
0.273,26,Jan 19 2018 01: +0,1516323600
0.287,29,Jan 20 2018 01: +0,1516410000
0.277,22,Jan 21 2018 01: +0,1516496400
0.282,31,Jan 22 2018 01: +0,1516582800
0.284,33,Jan 23 2018 01: +0,1516669200
0.348,14,Jan 24 2018 01: +0,1516755600
0.339,15,Jan 25 2018 01: +0,1516842000
0.308,18,Jan 26 2018 01: +0,1516928400
0.266,22,Jan 27 2018 01: +0,1517014800
0.285,21,Jan 28 2018 01: +0,1517101200
0.272,25,Jan 29 2018 01: +0,1517187600
0.274,15,Jan 30 2018 01: +0,1517274000
0.241,20,Jan 31 2018 01: +0,1517360400
0.276,28,Feb 01 2018 01: +0,1517446800
0.309,23,Feb 02 2018 01: +0,1517533200
0.288,17,Feb 03 2018 01: +0,1517619600
0.312,23,Feb 04 2018 01: +0,1517706000
0.283,28,Feb 05 2018 01: +0,1517792400
0.299,22,Feb 06 2018 01: +0,1517878800
0.321,13,Feb 07 2018 01: +0,1517965200
0.327,20,Feb 08 2018 01: +0,1518051600
0.376,20,Feb 09 2018 01: +0,1518138000
0.339,14,Feb 10 2018 01: +0,1518224400
0.275,16,Feb 11 2018 01: +0,1518310800
0.275,9,Feb 12 2018 01: +0,1518397200
0.311,15,Feb 13 2018 01: +0,1518483600
0.335,10,Feb 14 2018 01: +0,1518570000
0.299,15,Feb 15 2018 01: +0,1518656400
0.279,10,Feb 16 2018 01: +0,1518742800
0.32,32,Feb 17 2018 01: +0,1518829200
0.291,37,Feb 18 2018 01: +0,1518915600
0.303,23,Feb 19 2018 01: +0,1519002000
0.287,20,Feb 20 2018 01: +0,1519088400
0.28,20,Feb 21 2018 01: +0,1519174800
0.297,32,Feb 22 2018 01: +0,1519261200
0.352,38,Feb 23 2018 01: +0,1519347600
0.354,23,Feb 24 2018 01: +0,1519434000
0.328,20,Feb 25 2018 01: +0,1519520400
0.323,23,Feb 26 2018 01: +0,1519606800
0.306,11,Feb 27 2018 01: +0,1519693200
0.323,7,Feb 28 2018 01: +0,1519779600
0.324,24,Mar 01 2018 01: +0,1519866000
0.318,13,Mar 02 2018 01: +0,1519952400
0.311,25,Mar 03 2018 01: +0,1520038800
0.308,21,Mar 04 2018 01: +0,1520125200
0.305,11,Mar 05 2018 01: +0,1520211600
0.297,19,Mar 06 2018 01: +0,1520298000
0.284,16,Mar 07 2018 01: +0,1520384400
0.332,58,Mar 08 2018 01: +0,1520470800
0.324,13,Mar 09 2018 01: +0,1520557200
0.282,17,Mar 10 2018 01: +0,1520643600
0.265,18,Mar 11 2018 01: +0,1520730000
0.272,18,Mar 12 2018 01: +0,1520816400
0.276,15,Mar 13 2018 01: +0,1520902800
0.297,17,Mar 14 2018 01: +0,1520989200
0.289,23,Mar 15 2018 01: +0,1521075600
0.278,18,Mar 16 2018 01: +0,1521162000
0.296,17,Mar 17 2018 01: +0,1521248400
0.264,20,Mar 18 2018 01: +0,1521334800
0.28,14,Mar 19 2018 01: +0,1521421200
0.289,13,Mar 20 2018 01: +0,1521507600
0.313,14,Mar 21 2018 01: +0,1521594000
0.287,13,Mar 22 2018 01: +0,1521680400
0.289,28,Mar 23 2018 01: +0,1521766800
0.288,21,Mar 24 2018 01: +0,1521853200
0.27,14,Mar 25 2018 01: +0,1521939600
0.27,16,Mar 26 2018 01: +0,1522022400
0.267,14,Mar 27 2018 01: +0,1522108800
0.257,11,Mar 28 2018 01: +0,1522195200
0.256,14,Mar 29 2018 01: +0,1522281600
0.242,18,Mar 30 2018 01: +0,1522368000
0.26,13,Mar 31 2018 01: +0,1522454400
0.254,23,Apr 01 2018 01: +0,1522540800
0.244,8,Apr 02 2018 01: +0,1522627200
0.306,23,Apr 03 2018 01: +0,1522713600
0.294,11,Apr 04 2018 01: +0,1522800000
0.313,14,Apr 05 2018 01: +0,1522886400
0.331,6,Apr 06 2018 01: +0,1522972800
0.316,19,Apr 07 2018 01: +0,1523059200
0.328,9,Apr 08 2018 01: +0,1523145600
0.283,10,Apr 09 2018 01: +0,1523232000
0.307,6,Apr 10 2018 01: +0,1523318400
0.306,12,Apr 11 2018 01: +0,1523404800
0.29,6,Apr 12 2018 01: +0,1523491200
0.315,10,Apr 13 2018 01: +0,1523577600
0.312,10,Apr 14 2018 01: +0,1523664000
0.325,8,Apr 15 2018 01: +0,1523750400
0.319,7,Apr 16 2018 01: +0,1523836800
0.302,12,Apr 17 2018 01: +0,1523923200
0.281,9,Apr 18 2018 01: +0,1524009600
0.241,7,Apr 19 2018 01: +0,1524096000
0.277,14,Apr 20 2018 01: +0,1524182400
0.283,17,Apr 21 2018 01: +0,1524268800
0.254,17,Apr 22 2018 01: +0,1524355200
0.261,10,Apr 23 2018 01: +0,1524441600
0.27,9,Apr 24 2018 01: +0,1524528000
0.255,6,Apr 25 2018 01: +0,1524614400
0.255,6,Apr 26 2018 01: +0,1524700800
0.27,13,Apr 27 2018 01: +0,1524787200
0.271,6,Apr 28 2018 01: +0,1524873600
0.262,9,Apr 29 2018 01: +0,1524960000
0.292,18,Apr 30 2018 01: +0,1525046400
0.287,8,May 01 2018 01: +0,1525132800
0.302,15,May 02 2018 01: +0,1525219200
0.295,17,May 03 2018 01: +0,1525305600
0.248,12,May 04 2018 01: +0,1525392000
0.28,7,May 05 2018 01: +0,1525478400
0.295,12,May 06 2018 01: +0,1525564800
0.266,6,May 07 2018 01: +0,1525651200
0.264,7,May 08 2018 01: +0,1525737600
0.261,11,May 09 2018 01: +0,1525824000
0.266,19,May 10 2018 01: +0,1525910400
0.316,6,May 11 2018 01: +0,1525996800
0.27,4,May 12 2018 01: +0,1526083200
0.269,14,May 13 2018 01: +0,1526169600
0.232,8,May 14 2018 01: +0,1526256000
0.246,7,May 15 2018 01: +0,1526342400
0.209,10,May 16 2018 01: +0,1526428800
0.276,10,May 17 2018 01: +0,1526515200
0.271,19,May 18 2018 01: +0,1526601600
0.275,7,May 19 2018 01: +0,1526688000
0.262,11,May 20 2018 01: +0,1526774400
0.254,7,May 21 2018 01: +0,1526860800
0.248,4,May 22 2018 01: +0,1526947200
0.27,15,May 23 2018 01: +0,1527033600
0.259,16,May 24 2018 01: +0,1527120000
0.232,7,May 25 2018 01: +0,1527206400
0.241,12,May 26 2018 01: +0,1527292800
0.245,16,May 27 2018 01: +0,1527379200
0.272,11,May 28 2018 01: +0,1527465600
0.251,9,May 29 2018 01: +0,1527552000
0.227,9,May 30 2018 01: +0,1527638400
0.25,9,May 31 2018 01: +0,1527724800
0.242,20,Jun 01 2018 01: +0,1527811200
0.258,17,Jun 02 2018 01: +0,1527897600
0.288,4,Jun 03 2018 01: +0,1527984000
0.246,4,Jun 04 2018 01: +0,1528070400
0.256,7,Jun 05 2018 01: +0,1528156800
0.258,5,Jun 06 2018 01: +0,1528243200
0.24,11,Jun 07 2018 01: +0,1528329600
0.241,6,Jun 08 2018 01: +0,1528416000
0.236,9,Jun 09 2018 01: +0,1528502400
0.26,13,Jun 10 2018 01: +0,1528588800
0.243,20,Jun 11 2018 01: +0,1528675200
0.213,13,Jun 12 2018 01: +0,1528761600
0.213,14,Jun 13 2018 01: +0,1528848000
0.26,16,Jun 14 2018 01: +0,1528934400
0.216,8,Jun 15 2018 01: +0,1529020800
0.263,16,Jun 16 2018 01: +0,1529107200
0.272,7,Jun 17 2018 01: +0,1529193600
0.23,6,Jun 18 2018 01: +0,1529280000
0.247,7,Jun 19 2018 01: +0,1529366400
0.266,4,Jun 20 2018 01: +0,1529452800
0.24,8,Jun 21 2018 01: +0,1529539200
0.27,9,Jun 22 2018 01: +0,1529625600
0.234,13,Jun 24 2018 01: +0,1529798400
0.221,10,Jun 25 2018 01: +0,1529884800
0.221,11,Jun 26 2018 01: +0,1529971200
0.212,14,Jun 27 2018 01: +0,1530057600
0.215,6,Jun 28 2018 01: +0,1530144000
0.231,23,Jun 29 2018 01: +0,1530230400
0.234,13,Jun 30 2018 01: +0,1530316800
0.231,14,Jul 01 2018 01: +0,1530403200
0.241,4,Jul 02 2018 01: +0,1530489600
0.21,10,Jul 03 2018 01: +0,1530576000
0.258,13,Jul 04 2018 01: +0,1530662400
0.259,12,Jul 05 2018 01: +0,1530748800
0.242,6,Jul 06 2018 01: +0,1530835200
0.259,3,Jul 07 2018 01: +0,1530921600
0.281,5,Jul 08 2018 01: +0,1531008000
0.289,3,Jul 09 2018 01: +0,1531094400
0.301,5,Jul 10 2018 01: +0,1531180800
0.291,10,Jul 11 2018 01: +0,1531267200
0.281,5,Jul 12 2018 01: +0,1531353600
0.311,16,Jul 13 2018 01: +0,1531440000
0.334,16,Jul 14 2018 01: +0,1531526400
0.28,11,Jul 15 2018 01: +0,1531612800
0.27,6,Jul 16 2018 01: +0,1531699200
0.257,10,Jul 17 2018 01: +0,1531785600
0.291,5,Jul 18 2018 01: +0,1531872000
0.258,5,Jul 19 2018 01: +0,1531958400
0.294,9,Jul 20 2018 01: +0,1532044800
0.291,8,Jul 21 2018 01: +0,1532131200
0.256,5,Jul 22 2018 01: +0,1532217600
0.315,11,Jul 23 2018 01: +0,1532304000
0.271,11,Jul 24 2018 01: +0,1532390400
0.284,5,Jul 25 2018 01: +0,1532476800
0.333,11,Jul 26 2018 01: +0,1532563200
0.28,12,Jul 27 2018 01: +0,1532649600
0.302,8,Jul 28 2018 01: +0,1532736000
0.3,8,Jul 29 2018 01: +0,1532822400
0.291,7,Jul 30 2018 01: +0,1532908800
0.293,8,Jul 31 2018 01: +0,1532995200
0.302,8,Aug 01 2018 01: +0,1533081600
0.294,8,Aug 02 2018 01: +0,1533168000
0.31,10,Aug 03 2018 01: +0,1533254400
0.339,6,Aug 04 2018 01: +0,1533340800
0.356,7,Aug 05 2018 01: +0,1533427200
0.32,12,Aug 06 2018 01: +0,1533513600
0.313,7,Aug 07 2018 01: +0,1533600000
0.333,13,Aug 08 2018 01: +0,1533686400
0.349,10,Aug 09 2018 01: +0,1533772800
0.316,8,Aug 10 2018 01: +0,1533859200
0.287,13,Aug 11 2018 01: +0,1533945600
0.301,12,Aug 12 2018 01: +0,1534032000
0.318,13,Aug 13 2018 01: +0,1534118400
0.321,21,Aug 14 2018 01: +0,1534204800
0.299,9,Aug 15 2018 01: +0,1534291200
0.297,8,Aug 16 2018 01: +0,1534377600
0.288,7,Aug 17 2018 01: +0,1534464000
0.325,9,Aug 18 2018 01: +0,1534550400
0.337,9,Aug 19 2018 01: +0,1534636800
0.395,7,Aug 20 2018 01: +0,1534723200
0.322,10,Aug 21 2018 01: +0,1534809600
0.354,9,Aug 22 2018 01: +0,1534896000
0.343,6,Aug 23 2018 01: +0,1534982400
0.323,6,Aug 24 2018 01: +0,1535068800
0.336,14,Aug 25 2018 01: +0,1535155200
0.308,11,Aug 26 2018 01: +0,1535241600
0.311,14,Aug 27 2018 01: +0,1535328000
0.286,7,Aug 28 2018 01: +0,1535414400
0.284,11,Aug 29 2018 01: +0,1535500800
0.313,6,Aug 30 2018 01: +0,1535587200
0.266,9,Aug 31 2018 01: +0,1535673600
0.268,12,Sep 01 2018 01: +0,1535760000
0.287,13,Sep 02 2018 01: +0,1535846400
0.28,11,Sep 03 2018 01: +0,1535932800
0.264,8,Sep 04 2018 01: +0,1536019200
0.263,12,Sep 05 2018 01: +0,1536105600
0.271,7,Sep 06 2018 01: +0,1536192000
0.271,7,Sep 07 2018 01: +0,1536278400
0.262,14,Sep 08 2018 01: +0,1536364800
0.244,13,Sep 09 2018 01: +0,1536451200
0.289,12,Sep 10 2018 01: +0,1536537600
0.284,11,Sep 11 2018 01: +0,1536624000
0.244,2,Sep 12 2018 01: +0,1536710400
0.25,5,Sep 13 2018 01: +0,1536796800
0.265,8,Sep 14 2018 01: +0,1536883200
0.253,9,Sep 15 2018 01: +0,1536969600
0.271,7,Sep 16 2018 01: +0,1537056000
0.299,9,Sep 17 2018 01: +0,1537142400
0.299,17,Sep 18 2018 01: +0,1537228800
0.295,4,Sep 19 2018 01: +0,1537315200
0.217,6,Sep 20 2018 01: +0,1537401600
0.247,10,Sep 21 2018 01: +0,1537488000
0.232,14,Sep 22 2018 01: +0,1537574400
0.255,6,Sep 23 2018 01: +0,1537660800
0.321,5,Sep 24 2018 01: +0,1537747200
0.296,8,Sep 25 2018 01: +0,1537833600
0.318,4,Sep 26 2018 01: +0,1537920000
0.273,1,Sep 27 2018 01: +0,1538006400
0.264,11,Sep 28 2018 01: +0,1538092800
0.271,8,Sep 29 2018 01: +0,1538179200
0.296,6,Sep 30 2018 01: +0,1538265600
0.294,11,Oct 01 2018 01: +0,1538352000
0.292,2,Oct 02 2018 01: +0,1538438400
0.312,8,Oct 03 2018 01: +0,1538524800
0.284,5,Oct 04 2018 01: +0,1538611200
0.303,13,Oct 05 2018 01: +0,1538697600
0.282,5,Oct 06 2018 01: +0,1538784000
0.266,27,Oct 07 2018 01: +0,1538870400
0.277,14,Oct 08 2018 01: +0,1538956800
0.321,14,Oct 09 2018 01: +0,1539043200
0.343,14,Oct 10 2018 01: +0,1539129600
0.406,15,Oct 11 2018 01: +0,1539216000
0.384,12,Oct 12 2018 01: +0,1539302400
0.389,5,Oct 13 2018 01: +0,1539388800
0.342,12,Oct 14 2018 01: +0,1539475200
0.365,10,Oct 15 2018 01: +0,1539561600
0.446,10,Oct 16 2018 01: +0,1539648000
0.419,4,Oct 17 2018 01: +0,1539734400
0.371,9,Oct 18 2018 01: +0,1539820800
0.388,9,Oct 19 2018 01: +0,1539907200
0.376,12,Oct 20 2018 01: +0,1539993600
0.328,5,Oct 21 2018 01: +0,1540080000
0.379,1,Oct 22 2018 01: +0,1540166400
0.363,10,Oct 23 2018 01: +0,1540252800
0.361,3,Oct 24 2018 01: +0,1540339200
0.336,11,Oct 25 2018 01: +0,1540425600
0.375,11,Oct 26 2018 01: +0,1540512000
0.432,10,Oct 27 2018 01: +0,1540598400
0.379,6,Oct 28 2018 01: +0,1540684800
0.312,7,Oct 29 2018 01: +0,1540774800
0.35,14,Oct 30 2018 01: +0,1540861200
0.279,4,Oct 31 2018 01: +0,1540947600
0.258,4,Nov 01 2018 01: +0,1541034000
0.302,9,Nov 02 2018 01: +0,1541120400
0.313,8,Nov 03 2018 01: +0,1541206800
0.316,8,Nov 04 2018 01: +0,1541293200
0.299,7,Nov 05 2018 01: +0,1541379600
0.297,7,Nov 06 2018 01: +0,1541466000
0.326,6,Nov 07 2018 01: +0,1541552400
0.333,6,Nov 08 2018 01: +0,1541638800
0.297,6,Nov 09 2018 01: +0,1541725200
0.247,10,Nov 10 2018 01: +0,1541811600
0.284,8,Nov 11 2018 01: +0,1541898000
0.288,9,Nov 12 2018 01: +0,1541984400
0.313,5,Nov 13 2018 01: +0,1542070800
0.32,7,Nov 14 2018 01: +0,1542157200
0.315,3,Nov 15 2018 01: +0,1542243600
0.348,16,Nov 16 2018 01: +0,1542330000
0.287,8,Nov 17 2018 01: +0,1542416400
0.325,14,Nov 18 2018 01: +0,1542502800
0.376,21,Nov 19 2018 01: +0,1542589200
0.379,4,Nov 20 2018 01: +0,1542675600
0.304,5,Nov 21 2018 01: +0,1542762000
0.267,8,Nov 22 2018 01: +0,1542848400
0.289,5,Nov 23 2018 01: +0,1542934800
0.259,10,Nov 24 2018 01: +0,1543021200
0.284,10,Nov 25 2018 01: +0,1543107600
0.291,4,Nov 26 2018 01: +0,1543194000
0.303,3,Nov 27 2018 01: +0,1543280400
0.298,10,Nov 28 2018 01: +0,1543366800
0.312,8,Nov 29 2018 01: +0,1543453200
0.264,8,Nov 30 2018 01: +0,1543539600
0.28,15,Dec 01 2018 01: +0,1543626000
0.272,11,Dec 02 2018 01: +0,1543712400
0.329,16,Dec 03 2018 01: +0,1543798800
0.357,4,Dec 04 2018 01: +0,1543885200
0.322,2,Dec 05 2018 01: +0,1543971600
0.34,10,Dec 06 2018 01: +0,1544058000
0.319,6,Dec 07 2018 01: +0,1544144400
0.326,10,Dec 08 2018 01: +0,1544230800
0.349,10,Dec 09 2018 01: +0,1544317200
0.386,5,Dec 10 2018 01: +0,1544403600
0.316,12,Dec 11 2018 01: +0,1544490000
0.351,10,Dec 12 2018 01: +0,1544576400
0.307,10,Dec 13 2018 01: +0,1544662800
0.369,9,Dec 14 2018 01: +0,1544749200
0.323,9,Dec 15 2018 01: +0,1544835600
0.316,4,Dec 16 2018 01: +0,1544922000
0.276,10,Dec 17 2018 01: +0,1545008400
0.293,11,Dec 18 2018 01: +0,1545094800
0.279,12,Dec 19 2018 01: +0,1545181200
0.302,7,Dec 20 2018 01: +0,1545267600
0.261,12,Dec 21 2018 01: +0,1545354000
0.26,22,Dec 22 2018 01: +0,1545440400
0.251,15,Dec 23 2018 01: +0,1545526800
0.287,9,Dec 24 2018 01: +0,1545613200
0.278,8,Dec 25 2018 01: +0,1545699600
0.326,11,Dec 26 2018 01: +0,1545786000
0.307,6,Dec 27 2018 01: +0,1545872400
0.32,9,Dec 28 2018 01: +0,1545958800
0.265,9,Dec 29 2018 01: +0,1546045200
0.265,12,Dec 30 2018 01: +0,1546131600
0.272,10,Dec 31 2018 01: +0,1546218000
0.262,8,Jan 01 2019 01: +0,1546304400
0.261,14,Jan 02 2019 01: +0,1546390800
0.306,18,Jan 03 2019 01: +0,1546477200
0.318,9,Jan 04 2019 01: +0,1546563600
0.313,13,Jan 05 2019 01: +0,1546650000
0.294,14,Jan 06 2019 01: +0,1546736400
0.393,10,Jan 07 2019 01: +0,1546822800
0.321,8,Jan 08 2019 01: +0,1546909200
0.316,10,Jan 09 2019 01: +0,1546995600
0.36,8,Jan 10 2019 01: +0,1547082000
0.357,10,Jan 11 2019 01: +0,1547168400
0.373,14,Jan 12 2019 01: +0,1547254800
0.314,17,Jan 13 2019 01: +0,1547341200
0.311,8,Jan 14 2019 01: +0,1547427600
0.322,6,Jan 15 2019 01: +0,1547514000
0.324,12,Jan 16 2019 01: +0,1547600400
0.308,8,Jan 17 2019 01: +0,1547686800
0.359,11,Jan 18 2019 01: +0,1547773200
0.369,11,Jan 19 2019 01: +0,1547859600
0.372,8,Jan 20 2019 01: +0,1547946000
0.322,10,Jan 21 2019 01: +0,1548032400
0.343,8,Jan 22 2019 01: +0,1548118800
0.333,14,Jan 23 2019 01: +0,1548205200
0.41,6,Jan 24 2019 01: +0,1548291600
0.342,12,Jan 25 2019 01: +0,1548378000
0.314,12,Jan 26 2019 01: +0,1548464400
0.351,15,Jan 27 2019 01: +0,1548550800
0.344,9,Jan 28 2019 01: +0,1548637200
0.347,10,Jan 29 2019 01: +0,1548723600
0.348,4,Jan 30 2019 01: +0,1548810000
0.329,13,Jan 31 2019 01: +0,1548896400
0.354,19,Feb 01 2019 01: +0,1548982800
0.361,16,Feb 02 2019 01: +0,1549069200
0.339,19,Feb 03 2019 01: +0,1549155600
0.316,6,Feb 04 2019 01: +0,1549242000
0.291,16,Feb 05 2019 01: +0,1549328400
0.441,4,Feb 06 2019 01: +0,1549414800
0.334,9,Feb 07 2019 01: +0,1549501200
0.338,10,Feb 08 2019 01: +0,1549587600
0.311,15,Feb 09 2019 01: +0,1549674000
0.295,8,Feb 10 2019 01: +0,1549760400
0.308,6,Feb 11 2019 01: +0,1549846800
0.344,11,Feb 12 2019 01: +0,1549933200
0.32,9,Feb 13 2019 01: +0,1550019600
0.327,11,Feb 14 2019 01: +0,1550106000
0.342,12,Feb 15 2019 01: +0,1550192400
0.337,10,Feb 16 2019 01: +0,1550278800
0.346,12,Feb 17 2019 01: +0,1550365200
0.334,9,Feb 18 2019 01: +0,1550451600
0.319,9,Feb 19 2019 01: +0,1550538000
0.336,11,Feb 20 2019 01: +0,1550624400
0.369,19,Feb 21 2019 01: +0,1550710800
0.348,14,Feb 22 2019 01: +0,1550797200
0.352,8,Feb 23 2019 01: +0,1550883600
0.387,9,Feb 24 2019 01: +0,1550970000
0.356,7,Feb 25 2019 01: +0,1551056400
0.339,11,Feb 26 2019 01: +0,1551142800
0.322,14,Feb 27 2019 01: +0,1551229200
0.372,29,Feb 28 2019 01: +0,1551315600
0.42,6,Mar 01 2019 01: +0,1551402000
0.439,27,Mar 02 2019 01: +0,1551488400
0.424,21,Mar 03 2019 01: +0,1551574800
0.375,7,Mar 04 2019 01: +0,1551661200
0.311,8,Mar 05 2019 01: +0,1551747600
0.332,7,Mar 06 2019 01: +0,1551834000
0.331,9,Mar 07 2019 01: +0,1551920400
0.328,13,Mar 08 2019 01: +0,1552006800
0.352,10,Mar 09 2019 01: +0,1552093200
0.406,26,Mar 10 2019 01: +0,1552179600
0.474,10,Mar 11 2019 01: +0,1552266000
0.412,11,Mar 12 2019 01: +0,1552352400
0.368,12,Mar 13 2019 01: +0,1552438800
0.362,11,Mar 14 2019 01: +0,1552525200
0.373,23,Mar 15 2019 01: +0,1552611600
0.388,23,Mar 16 2019 01: +0,1552698000
0.365,13,Mar 17 2019 01: +0,1552784400
0.369,10,Mar 18 2019 01: +0,1552870800
0.403,18,Mar 19 2019 01: +0,1552957200
0.438,10,Mar 20 2019 01: +0,1553043600
0.415,9,Mar 21 2019 01: +0,1553130000
0.416,21,Mar 22 2019 01: +0,1553216400
0.416,8,Mar 23 2019 01: +0,1553302800
0.424,7,Mar 24 2019 01: +0,1553389200
0.365,6,Mar 25 2019 01: +0,1553475600
0.35,17,Mar 26 2019 01: +0,1553562000
0.352,8,Mar 27 2019 01: +0,1553648400
0.343,10,Mar 28 2019 01: +0,1553734800
0.352,11,Mar 29 2019 01: +0,1553821200
0.323,32,Mar 30 2019 01: +0,1553907600
0.34,19,Mar 31 2019 01: +0,1553994000
0.361,13,Apr 01 2019 01: +0,1554076800
0.344,7,Apr 02 2019 01: +0,1554163200
0.375,4,Apr 03 2019 01: +0,1554249600
0.32,5,Apr 04 2019 01: +0,1554336000
0.342,10,Apr 05 2019 01: +0,1554422400
0.324,12,Apr 06 2019 01: +0,1554508800
0.341,12,Apr 07 2019 01: +0,1554595200
0.306,9,Apr 08 2019 01: +0,1554681600
0.348,26,Apr 09 2019 01: +0,1554768000
0.378,9,Apr 10 2019 01: +0,1554854400
0.368,12,Apr 11 2019 01: +0,1554940800
0.316,9,Apr 12 2019 01: +0,1555027200
0.298,14,Apr 13 2019 01: +0,1555113600
0.294,17,Apr 14 2019 01: +0,1555200000
0.36,12,Apr 15 2019 01: +0,1555286400
0.306,7,Apr 16 2019 01: +0,1555372800
0.338,8,Apr 17 2019 01: +0,1555459200
0.298,9,Apr 18 2019 01: +0,1555545600
0.326,27,Apr 19 2019 01: +0,1555632000
0.334,12,Apr 20 2019 01: +0,1555718400
0.32,21,Apr 21 2019 01: +0,1555804800
0.34,4,Apr 22 2019 01: +0,1555891200
0.311,6,Apr 23 2019 01: +0,1555977600
0.317,12,Apr 24 2019 01: +0,1556064000
0.301,9,Apr 25 2019 01: +0,1556150400
0.313,11,Apr 26 2019 01: +0,1556236800
0.298,15,Apr 27 2019 01: +0,1556323200
0.295,4,Apr 28 2019 01: +0,1556409600
0.314,16,Apr 29 2019 01: +0,1556496000
0.345,6,Apr 30 2019 01: +0,1556582400
0.298,4,May 01 2019 01: +0,1556668800
0.324,8,May 02 2019 01: +0,1556755200
0.327,16,May 03 2019 01: +0,1556841600
0.352,11,May 04 2019 01: +0,1556928000
0.307,8,May 05 2019 01: +0,1557014400
0.3,3,May 06 2019 01: +0,1557100800
0.345,2,May 07 2019 01: +0,1557187200
0.312,10,May 08 2019 01: +0,1557273600
0.336,4,May 09 2019 01: +0,1557360000
0.318,1,May 10 2019 01: +0,1557446400
0.328,11,May 11 2019 01: +0,1557532800
0.335,4,May 12 2019 01: +0,1557619200
0.32,5,May 13 2019 01: +0,1557705600
0.31,8,May 14 2019 01: +0,1557792000
0.32,14,May 15 2019 01: +0,1557878400
0.334,4,May 16 2019 01: +0,1557964800
0.322,8,May 17 2019 01: +0,1558051200
0.295,8,May 18 2019 01: +0,1558137600
0.267,12,May 19 2019 01: +0,1558224000
0.296,10,May 20 2019 01: +0,1558310400
0.324,17,May 21 2019 01: +0,1558396800
0.31,12,May 22 2019 01: +0,1558483200
0.351,7,May 23 2019 01: +0,1558569600
0.337,11,May 24 2019 01: +0,1558656000
0.35,10,May 25 2019 01: +0,1558742400
0.319,10,May 26 2019 01: +0,1558828800
0.344,5,May 27 2019 01: +0,1558915200
0.321,7,May 28 2019 01: +0,1559001600
0.297,15,May 29 2019 01: +0,1559088000
0.313,7,May 30 2019 01: +0,1559174400
0.301,11,May 31 2019 01: +0,1559260800
0.28,12,Jun 01 2019 01: +0,1559347200
0.684,18,Jun 02 2019 01: +0,1559433600
0.317,5,Jun 03 2019 01: +0,1559520000
0.337,9,Jun 04 2019 01: +0,1559606400
0.368,11,Jun 05 2019 01: +0,1559692800
0.401,11,Jun 06 2019 01: +0,1559779200
0.448,6,Jun 07 2019 01: +0,1559865600
0.322,4,Jun 08 2019 01: +0,1559952000
0.383,11,Jun 09 2019 01: +0,1560038400
0.358,10,Jun 10 2019 01: +0,1560124800
0.339,16,Jun 11 2019 01: +0,1560211200
0.365,5,Jun 12 2019 01: +0,1560297600
0.384,8,Jun 13 2019 01: +0,1560384000
0.35,6,Jun 14 2019 01: +0,1560470400
0.38,19,Jun 15 2019 01: +0,1560556800
0.369,12,Jun 16 2019 01: +0,1560643200
0.342,11,Jun 17 2019 01: +0,1560729600
0.353,3,Jun 18 2019 01: +0,1560816000
0.387,12,Jun 19 2019 01: +0,1560902400
0.417,9,Jun 20 2019 01: +0,1560988800
0.351,11,Jun 21 2019 01: +0,1561075200
0.319,7,Jun 22 2019 01: +0,1561161600
0.373,8,Jun 23 2019 01: +0,1561248000
0.38,7,Jun 24 2019 01: +0,1561334400
0.305,8,Jun 25 2019 01: +0,1561420800
0.328,6,Jun 26 2019 01: +0,1561507200
0.363,8,Jun 27 2019 01: +0,1561593600
0.356,7,Jun 28 2019 01: +0,1561680000
0.371,14,Jun 29 2019 01: +0,1561766400
0.334,12,Jun 30 2019 01: +0,1561852800
0.347,13,Jul 01 2019 01: +0,1561939200
0.352,10,Jul 02 2019 01: +0,1562025600
0.361,6,Jul 03 2019 01: +0,1562112000
0.343,8,Jul 04 2019 01: +0,1562198400
0.343,5,Jul 05 2019 01: +0,1562284800
0.358,11,Jul 06 2019 01: +0,1562371200
0.392,2,Jul 07 2019 01: +0,1562457600
0.325,9,Jul 08 2019 01: +0,1562544000
0.36,14,Jul 09 2019 01: +0,1562630400
0.32,4,Jul 10 2019 01: +0,1562716800
0.343,11,Jul 11 2019 01: +0,1562803200
0.361,7,Jul 12 2019 01: +0,1562889600
0.346,7,Jul 13 2019 01: +0,1562976000
0.336,5,Jul 14 2019 01: +0,1563062400
0.341,15,Jul 15 2019 01: +0,1563148800
0.327,8,Jul 16 2019 01: +0,1563235200
0.359,9,Jul 17 2019 01: +0,1563321600
0.378,10,Jul 18 2019 01: +0,1563408000
0.457,3,Jul 19 2019 01: +0,1563494400
0.293,5,Jul 20 2019 01: +0,1563580800
0.376,18,Jul 21 2019 01: +0,1563667200
0.381,5,Jul 22 2019 01: +0,1563753600
0.392,7,Jul 23 2019 01: +0,1563840000
0.375,8,Jul 24 2019 01: +0,1563926400
0.385,5,Jul 25 2019 01: +0,1564012800
0.409,9,Jul 26 2019 01: +0,1564099200
0.356,7,Jul 27 2019 01: +0,1564185600
0.353,9,Jul 28 2019 01: +0,1564272000
0.372,16,Jul 29 2019 01: +0,1564358400
0.376,4,Jul 30 2019 01: +0,1564444800
0.392,10,Jul 31 2019 01: +0,1564531200
0.396,8,Aug 01 2019 01: +0,1564617600
0.418,7,Aug 02 2019 01: +0,1564704000
0.375,9,Aug 03 2019 01: +0,1564790400
0.412,2,Aug 04 2019 01: +0,1564876800
0.413,21,Aug 05 2019 01: +0,1564963200
0.38,4,Aug 06 2019 01: +0,1565049600
0.367,8,Aug 07 2019 01: +0,1565136000
0.391,12,Aug 08 2019 01: +0,1565222400
0.402,7,Aug 09 2019 01: +0,1565308800
0.385,9,Aug 10 2019 01: +0,1565395200
0.347,10,Aug 11 2019 01: +0,1565481600
0.381,7,Aug 12 2019 01: +0,1565568000
0.355,8,Aug 13 2019 01: +0,1565654400
0.412,15,Aug 14 2019 01: +0,1565740800
0.371,10,Aug 15 2019 01: +0,1565827200
0.367,8,Aug 16 2019 01: +0,1565913600
0.352,7,Aug 17 2019 01: +0,1566000000
0.376,11,Aug 18 2019 01: +0,1566086400
0.381,7,Aug 19 2019 01: +0,1566172800
0.371,10,Aug 20 2019 01: +0,1566259200
0.361,9,Aug 21 2019 01: +0,1566345600
0.348,9,Aug 22 2019 01: +0,1566432000
0.349,6,Aug 23 2019 01: +0,1566518400
0.34,6,Aug 24 2019 01: +0,1566604800
0.386,4,Aug 25 2019 01: +0,1566691200
0.351,7,Aug 26 2019 01: +0,1566777600
0.352,15,Aug 27 2019 01: +0,1566864000
0.384,10,Aug 28 2019 01: +0,1566950400
0.387,10,Aug 29 2019 01: +0,1567036800
0.376,16,Aug 30 2019 01: +0,1567123200
0.374,7,Aug 31 2019 01: +0,1567209600
0.396,11,Sep 01 2019 01: +0,1567296000
0.356,13,Sep 02 2019 01: +0,1567382400
0.365,9,Sep 03 2019 01: +0,1567468800
0.356,14,Sep 04 2019 01: +0,1567555200
0.355,11,Sep 05 2019 01: +0,1567641600
0.337,9,Sep 06 2019 01: +0,1567728000
0.351,10,Sep 07 2019 01: +0,1567814400
0.37,15,Sep 08 2019 01: +0,1567900800
0.335,7,Sep 09 2019 01: +0,1567987200
0.341,7,Sep 10 2019 01: +0,1568073600
0.337,10,Sep 11 2019 01: +0,1568160000
0.368,5,Sep 12 2019 01: +0,1568246400
0.333,10,Sep 13 2019 01: +0,1568332800
0.372,10,Sep 14 2019 01: +0,1568419200
0.414,11,Sep 15 2019 01: +0,1568505600
0.325,12,Sep 16 2019 01: +0,1568592000
0.349,11,Sep 17 2019 01: +0,1568678400
0.353,9,Sep 18 2019 01: +0,1568764800
0.379,8,Sep 19 2019 01: +0,1568851200
0.358,6,Sep 20 2019 01: +0,1568937600
0.39,9,Sep 21 2019 01: +0,1569024000
0.369,17,Sep 22 2019 01: +0,1569110400
0.391,4,Sep 23 2019 01: +0,1569196800
0.348,8,Sep 24 2019 01: +0,1569283200
0.356,5,Sep 25 2019 01: +0,1569369600
0.382,9,Sep 26 2019 01: +0,1569456000
0.362,13,Sep 27 2019 01: +0,1569542400
0.374,10,Sep 28 2019 01: +0,1569628800
0.385,8,Sep 29 2019 01: +0,1569715200
0.372,14,Sep 30 2019 01: +0,1569801600
0.442,9,Oct 01 2019 01: +0,1569888000
0.35,7,Oct 02 2019 01: +0,1569974400
0.372,17,Oct 03 2019 01: +0,1570060800
0.368,9,Oct 04 2019 01: +0,1570147200
0.316,17,Oct 05 2019 01: +0,1570233600
0.361,5,Oct 06 2019 01: +0,1570320000
0.421,11,Oct 07 2019 01: +0,1570406400
0.359,6,Oct 08 2019 01: +0,1570492800
0.415,15,Oct 09 2019 01: +0,1570579200
0.44,5,Oct 10 2019 01: +0,1570665600
0.386,4,Oct 11 2019 01: +0,1570752000
0.429,14,Oct 12 2019 01: +0,1570838400
0.374,3,Oct 13 2019 01: +0,1570924800
0.404,11,Oct 14 2019 01: +0,1571011200
0.432,7,Oct 15 2019 01: +0,1571097600
0.43,6,Oct 16 2019 01: +0,1571184000
0.42,1,Oct 17 2019 01: +0,1571270400
0.376,9,Oct 18 2019 01: +0,1571356800
0.396,18,Oct 19 2019 01: +0,1571443200
0.372,19,Oct 20 2019 01: +0,1571529600
0.376,9,Oct 21 2019 01: +0,1571616000
0.378,12,Oct 22 2019 01: +0,1571702400
0.369,4,Oct 23 2019 01: +0,1571788800
0.361,8,Oct 24 2019 01: +0,1571875200
0.411,17,Oct 25 2019 01: +0,1571961600
0.394,16,Oct 26 2019 01: +0,1572048000
0.323,12,Oct 27 2019 01: +0,1572134400
0.35,11,Oct 28 2019 01: +0,1572224400
0.337,9,Oct 29 2019 01: +0,1572310800
0.375,15,Oct 30 2019 01: +0,1572397200
0.347,18,Oct 31 2019 01: +0,1572483600
0.364,4,Nov 01 2019 01: +0,1572570000
0.386,12,Nov 02 2019 01: +0,1572656400
0.393,13,Nov 03 2019 01: +0,1572742800
0.385,9,Nov 04 2019 01: +0,1572829200
0.362,8,Nov 05 2019 01: +0,1572915600
0.39,7,Nov 06 2019 01: +0,1573002000
0.36,8,Nov 07 2019 01: +0,1573088400
0.378,10,Nov 08 2019 01: +0,1573174800
0.356,12,Nov 09 2019 01: +0,1573261200
0.345,11,Nov 10 2019 01: +0,1573347600
0.384,4,Nov 11 2019 01: +0,1573434000
0.366,8,Nov 12 2019 01: +0,1573520400
0.334,7,Nov 13 2019 01: +0,1573606800
0.336,6,Nov 14 2019 01: +0,1573693200
0.34,16,Nov 15 2019 01: +0,1573779600
0.35,15,Nov 16 2019 01: +0,1573866000
0.39,13,Nov 17 2019 01: +0,1573952400
0.405,8,Nov 18 2019 01: +0,1574038800
0.331,17,Nov 19 2019 01: +0,1574125200
0.311,9,Nov 20 2019 01: +0,1574211600
0.348,7,Nov 21 2019 01: +0,1574298000
0.314,12,Nov 22 2019 01: +0,1574384400
0.33,10,Nov 23 2019 01: +0,1574470800
0.333,9,Nov 24 2019 01: +0,1574557200
0.305,5,Nov 25 2019 01: +0,1574643600
0.373,20,Nov 26 2019 01: +0,1574730000
0.321,10,Nov 27 2019 01: +0,1574816400
0.318,14,Nov 28 2019 01: +0,1574902800
0.353,6,Nov 29 2019 01: +0,1574989200
0.331,9,Nov 30 2019 01: +0,1575075600
0.333,13,Dec 01 2019 01: +0,1575162000
0.288,8,Dec 02 2019 01: +0,1575248400
0.331,9,Dec 03 2019 01: +0,1575334800
0.338,10,Dec 04 2019 01: +0,1575421200
0.356,4,Dec 05 2019 01: +0,1575507600
0.382,5,Dec 06 2019 01: +0,1575594000
0.327,9,Dec 07 2019 01: +0,1575680400
0.34,17,Dec 08 2019 01: +0,1575766800
0.368,4,Dec 09 2019 01: +0,1575853200
0.352,8,Dec 10 2019 01: +0,1575939600
0.367,8,Dec 11 2019 01: +0,1576026000
0.351,9,Dec 12 2019 01: +0,1576112400
0.364,11,Dec 13 2019 01: +0,1576198800
0.355,16,Dec 14 2019 01: +0,1576285200
0.37,7,Dec 15 2019 01: +0,1576371600
0.373,10,Dec 16 2019 01: +0,1576458000
0.392,9,Dec 17 2019 01: +0,1576544400
0.382,7,Dec 18 2019 01: +0,1576630800
0.395,11,Dec 19 2019 01: +0,1576717200
0.401,12,Dec 20 2019 01: +0,1576803600
0.396,9,Dec 21 2019 01: +0,1576890000
0.398,9,Dec 22 2019 01: +0,1576976400
0.344,8,Dec 23 2019 01: +0,1577062800
0.382,15,Dec 24 2019 01: +0,1577149200
0.367,11,Dec 25 2019 01: +0,1577235600
0.886,18,Dec 26 2019 01: +0,1577322000
0.354,8,Dec 27 2019 01: +0,1577408400
0.401,12,Dec 28 2019 01: +0,1577494800
0.369,13,Dec 29 2019 01: +0,1577581200
0.402,14,Dec 30 2019 01: +0,1577667600
0.404,12,Dec 31 2019 01: +0,1577754000
0.439,10,Jan 01 2020 01: +0,1577840400
0.435,12,Jan 02 2020 01: +0,1577926800
0.444,4,Jan 03 2020 01: +0,1578013200
0.42,8,Jan 04 2020 01: +0,1578099600
0.459,8,Jan 05 2020 01: +0,1578186000
0.429,7,Jan 06 2020 01: +0,1578272400
0.419,9,Jan 07 2020 01: +0,1578358800
0.404,6,Jan 08 2020 01: +0,1578445200
0.476,9,Jan 09 2020 01: +0,1578531600
0.516,9,Jan 10 2020 01: +0,1578618000
0.467,5,Jan 11 2020 01: +0,1578704400
0.443,18,Jan 12 2020 01: +0,1578790800
0.414,13,Jan 13 2020 01: +0,1578877200
0.562,4,Jan 14 2020 01: +0,1578963600
0.477,5,Jan 15 2020 01: +0,1579050000
0.448,11,Jan 16 2020 01: +0,1579136400
0.409,10,Jan 17 2020 01: +0,1579222800
0.519,15,Jan 18 2020 01: +0,1579309200
0.443,11,Jan 19 2020 01: +0,1579395600
0.501,4,Jan 20 2020 01: +0,1579482000
0.508,6,Jan 21 2020 01: +0,1579568400
0.48,10,Jan 22 2020 01: +0,1579654800
0.46,7,Jan 23 2020 01: +0,1579741200
0.469,3,Jan 24 2020 01: +0,1579827600
0.439,13,Jan 25 2020 01: +0,1579914000
0.364,16,Jan 26 2020 01: +0,1580000400
0.339,7,Jan 27 2020 01: +0,1580086800
0.354,11,Jan 28 2020 01: +0,1580173200
0.342,6,Jan 29 2020 01: +0,1580259600
0.38,6,Jan 30 2020 01: +0,1580346000
0.392,6,Jan 31 2020 01: +0,1580432400
0.411,11,Feb 01 2020 01: +0,1580518800
0.358,10,Feb 02 2020 01: +0,1580605200
0.442,6,Feb 03 2020 01: +0,1580691600
0.404,11,Feb 04 2020 01: +0,1580778000
0.401,9,Feb 05 2020 01: +0,1580864400
0.464,22,Feb 06 2020 01: +0,1580950800
0.476,6,Feb 07 2020 01: +0,1581037200
0.404,17,Feb 08 2020 01: +0,1581123600
0.402,10,Feb 09 2020 01: +0,1581210000
0.422,7,Feb 10 2020 01: +0,1581296400
0.478,9,Feb 11 2020 01: +0,1581382800
0.423,10,Feb 12 2020 01: +0,1581469200
0.425,10,Feb 13 2020 01: +0,1581555600
0.42,9,Feb 14 2020 01: +0,1581642000
0.387,17,Feb 15 2020 01: +0,1581728400
0.406,8,Feb 16 2020 01: +0,1581814800
0.415,12,Feb 17 2020 01: +0,1581901200
0.393,9,Feb 18 2020 01: +0,1581987600
0.379,8,Feb 19 2020 01: +0,1582074000
0.389,9,Feb 20 2020 01: +0,1582160400
0.412,20,Feb 21 2020 01: +0,1582246800
0.428,13,Feb 22 2020 01: +0,1582333200
0.426,9,Feb 23 2020 01: +0,1582419600
0.397,36,Feb 24 2020 01: +0,1582506000
0.409,12,Feb 25 2020 01: +0,1582592400
0.364,10,Feb 26 2020 01: +0,1582678800
0.417,15,Feb 27 2020 01: +0,1582765200
0.406,21,Feb 28 2020 01: +0,1582851600
0.429,16,Feb 29 2020 01: +0,1582938000
0.43,14,Mar 01 2020 01: +0,1583024400
0.414,12,Mar 02 2020 01: +0,1583110800
0.403,12,Mar 03 2020 01: +0,1583197200
0.433,12,Mar 04 2020 01: +0,1583283600
0.468,11,Mar 05 2020 01: +0,1583370000
0.437,10,Mar 06 2020 01: +0,1583456400
0.441,27,Mar 07 2020 01: +0,1583542800
0.443,15,Mar 08 2020 01: +0,1583629200
0.432,12,Mar 09 2020 01: +0,1583715600
0.455,4,Mar 10 2020 01: +0,1583802000
0.419,12,Mar 11 2020 01: +0,1583888400
0.465,15,Mar 12 2020 01: +0,1583974800
0.432,12,Mar 13 2020 01: +0,1584061200
0.454,26,Mar 14 2020 01: +0,1584147600
0.459,21,Mar 15 2020 01: +0,1584234000
0.455,15,Mar 16 2020 01: +0,1584320400
0.48,13,Mar 17 2020 01: +0,1584406800
0.499,20,Mar 18 2020 01: +0,1584493200
0.517,7,Mar 19 2020 01: +0,1584579600
0.387,14,Mar 20 2020 01: +0,1584666000
0.428,14,Mar 21 2020 01: +0,1584752400
0.434,15,Mar 22 2020 01: +0,1584838800
0.445,24,Mar 23 2020 01: +0,1584925200
0.443,12,Mar 24 2020 01: +0,1585011600
0.411,5,Mar 25 2020 01: +0,1585098000
0.432,7,Mar 26 2020 01: +0,1585184400
0.457,21,Mar 27 2020 01: +0,1585270800
0.393,13,Mar 28 2020 01: +0,1585357200
0.449,18,Mar 29 2020 01: +0,1585443600
0.451,9,Mar 30 2020 01: +0,1585526400
0.419,16,Mar 31 2020 01: +0,1585612800
0.416,19,Apr 01 2020 01: +0,1585699200
0.43,21,Apr 02 2020 01: +0,1585785600
0.442,12,Apr 03 2020 01: +0,1585872000
0.46,25,Apr 04 2020 01: +0,1585958400
0.452,22,Apr 05 2020 01: +0,1586044800
0.474,19,Apr 06 2020 01: +0,1586131200
0.468,19,Apr 07 2020 01: +0,1586217600
0.477,10,Apr 08 2020 01: +0,1586304000
0.438,18,Apr 09 2020 01: +0,1586390400
0.432,15,Apr 10 2020 01: +0,1586476800
0.538,37,Apr 11 2020 01: +0,1586563200
0.615,23,Apr 12 2020 01: +0,1586649600
0.548,22,Apr 13 2020 01: +0,1586736000
0.589,16,Apr 14 2020 01: +0,1586822400
0.575,23,Apr 15 2020 01: +0,1586908800
0.629,19,Apr 16 2020 01: +0,1586995200
0.608,18,Apr 17 2020 01: +0,1587081600
0.641,21,Apr 18 2020 01: +0,1587168000
0.567,19,Apr 19 2020 01: +0,1587254400
0.676,17,Apr 20 2020 01: +0,1587340800
0.599,16,Apr 21 2020 01: +0,1587427200
0.612,19,Apr 22 2020 01: +0,1587513600
0.562,25,Apr 23 2020 01: +0,1587600000
0.579,25,Apr 24 2020 01: +0,1587686400
0.6,20,Apr 25 2020 01: +0,1587772800
0.583,12,Apr 26 2020 01: +0,1587859200
0.585,17,Apr 27 2020 01: +0,1587945600
0.589,19,Apr 28 2020 01: +0,1588032000
0.589,27,Apr 29 2020 01: +0,1588118400
0.632,20,Apr 30 2020 01: +0,1588204800
0.588,15,May 01 2020 01: +0,1588291200
0.615,23,May 02 2020 01: +0,1588377600
0.645,15,May 03 2020 01: +0,1588464000
0.633,17,May 04 2020 01: +0,1588550400
0.631,16,May 05 2020 01: +0,1588636800
0.693,18,May 06 2020 01: +0,1588723200
0.587,12,May 07 2020 01: +0,1588809600
0.573,16,May 08 2020 01: +0,1588896000
0.582,10,May 09 2020 01: +0,1588982400
0.56,18,May 10 2020 01: +0,1589068800
0.541,11,May 11 2020 01: +0,1589155200
0.554,20,May 12 2020 01: +0,1589241600
0.574,20,May 13 2020 01: +0,1589328000
0.583,15,May 14 2020 01: +0,1589414400
0.562,11,May 15 2020 01: +0,1589500800
0.589,12,May 16 2020 01: +0,1589587200
0.561,15,May 17 2020 01: +0,1589673600
0.572,12,May 18 2020 01: +0,1589760000
0.588,6,May 19 2020 01: +0,1589846400
0.536,18,May 20 2020 01: +0,1589932800
0.562,8,May 21 2020 01: +0,1590019200
0.547,16,May 22 2020 01: +0,1590105600
0.549,15,May 23 2020 01: +0,1590192000
0.527,11,May 24 2020 01: +0,1590278400
0.609,13,May 25 2020 01: +0,1590364800
0.561,8,May 26 2020 01: +0,1590451200
0.499,9,May 27 2020 01: +0,1590537600
0.524,17,May 28 2020 01: +0,1590624000
0.477,20,May 29 2020 01: +0,1590710400
0.509,13,May 30 2020 01: +0,1590796800
0.51,19,May 31 2020 01: +0,1590883200
0.541,16,Jun 01 2020 01: +0,1590969600
0.493,16,Jun 02 2020 01: +0,1591056000
0.489,8,Jun 03 2020 01: +0,1591142400
0.536,20,Jun 04 2020 01: +0,1591228800
0.53,19,Jun 05 2020 01: +0,1591315200
0.493,15,Jun 06 2020 01: +0,1591401600
0.49,16,Jun 07 2020 01: +0,1591488000
0.525,17,Jun 08 2020 01: +0,1591574400
0.473,20,Jun 09 2020 01: +0,1591660800
0.48,15,Jun 10 2020 01: +0,1591747200
0.487,10,Jun 11 2020 01: +0,1591833600
0.472,16,Jun 12 2020 01: +0,1591920000
0.476,13,Jun 13 2020 01: +0,1592006400
0.482,12,Jun 14 2020 01: +0,1592092800
0.478,17,Jun 15 2020 01: +0,1592179200
0.467,16,Jun 16 2020 01: +0,1592265600
0.459,19,Jun 17 2020 01: +0,1592352000
0.485,15,Jun 18 2020 01: +0,1592438400
0.48,11,Jun 19 2020 01: +0,1592524800
0.479,18,Jun 20 2020 01: +0,1592611200
0.487,18,Jun 21 2020 01: +0,1592697600
0.472,11,Jun 22 2020 01: +0,1592784000
0.475,12,Jun 23 2020 01: +0,1592870400
0.5,17,Jun 24 2020 01: +0,1592956800
0.449,14,Jun 25 2020 01: +0,1593043200
0.46,17,Jun 26 2020 01: +0,1593129600
0.448,13,Jun 27 2020 01: +0,1593216000
0.449,14,Jun 28 2020 01: +0,1593302400
0.465,15,Jun 29 2020 01: +0,1593388800
0.445,7,Jun 30 2020 01: +0,1593475200
0.46,25,Jul 01 2020 01: +0,1593561600
0.521,17,Jul 02 2020 01: +0,1593648000
0.451,15,Jul 03 2020 01: +0,1593734400
0.415,13,Jul 04 2020 01: +0,1593820800
0.43,17,Jul 05 2020 01: +0,1593907200
0.46,19,Jul 06 2020 01: +0,1593993600
0.456,15,Jul 07 2020 01: +0,1594080000
0.437,13,Jul 08 2020 01: +0,1594166400
0.451,13,Jul 09 2020 01: +0,1594252800
0.475,19,Jul 10 2020 01: +0,1594339200
0.479,17,Jul 11 2020 01: +0,1594425600
0.516,10,Jul 12 2020 01: +0,1594512000
0.488,15,Jul 13 2020 01: +0,1594598400
0.457,12,Jul 14 2020 01: +0,1594684800
0.475,4,Jul 15 2020 01: +0,1594771200
0.459,17,Jul 16 2020 01: +0,1594857600
0.499,17,Jul 17 2020 01: +0,1594944000
0.508,11,Jul 18 2020 01: +0,1595030400
0.438,8,Jul 19 2020 01: +0,1595116800
0.523,10,Jul 20 2020 01: +0,1595203200
0.53,9,Jul 21 2020 01: +0,1595289600
0.487,11,Jul 22 2020 01: +0,1595376000
0.469,6,Jul 23 2020 01: +0,1595462400
0.474,13,Jul 24 2020 01: +0,1595548800
0.467,8,Jul 25 2020 01: +0,1595635200
0.444,15,Jul 26 2020 01: +0,1595721600
0.488,9,Jul 27 2020 01: +0,1595808000
0.517,17,Jul 28 2020 01: +0,1595894400
0.461,12,Jul 29 2020 01: +0,1595980800
0.439,17,Jul 30 2020 01: +0,1596067200
0.45,16,Jul 31 2020 01: +0,1596153600
0.451,13,Aug 01 2020 01: +0,1596240000
0.456,13,Aug 02 2020 01: +0,1596326400
0.465,14,Aug 03 2020 01: +0,1596412800
0.484,20,Aug 04 2020 01: +0,1596499200
0.465,19,Aug 05 2020 01: +0,1596585600
0.461,14,Aug 06 2020 01: +0,1596672000
0.498,13,Aug 07 2020 01: +0,1596758400
0.523,10,Aug 08 2020 01: +0,1596844800
0.459,19,Aug 09 2020 01: +0,1596931200
0.46,16,Aug 10 2020 01: +0,1597017600
0.443,27,Aug 11 2020 01: +0,1597104000
0.428,19,Aug 12 2020 01: +0,1597190400
0.429,17,Aug 13 2020 01: +0,1597276800
0.423,13,Aug 14 2020 01: +0,1597363200
0.41,12,Aug 15 2020 01: +0,1597449600
0.417,9,Aug 16 2020 01: +0,1597536000
0.438,15,Aug 17 2020 01: +0,1597622400
0.477,22,Aug 18 2020 01: +0,1597708800
0.465,12,Aug 19 2020 01: +0,1597795200
0.407,16,Aug 20 2020 01: +0,1597881600
0.447,12,Aug 21 2020 01: +0,1597968000
0.432,17,Aug 22 2020 01: +0,1598054400
0.407,15,Aug 23 2020 01: +0,1598140800
0.453,19,Aug 24 2020 01: +0,1598227200
0.441,21,Aug 25 2020 01: +0,1598313600
0.453,10,Aug 26 2020 01: +0,1598400000
0.445,7,Aug 27 2020 01: +0,1598486400
0.431,14,Aug 28 2020 01: +0,1598572800
0.425,12,Aug 29 2020 01: +0,1598659200
0.469,7,Aug 30 2020 01: +0,1598745600
0.439,9,Aug 31 2020 01: +0,1598832000
0.414,15,Sep 01 2020 01: +0,1598918400
0.435,18,Sep 02 2020 01: +0,1599004800
0.466,10,Sep 03 2020 01: +0,1599091200
0.461,8,Sep 04 2020 01: +0,1599177600
0.404,15,Sep 05 2020 01: +0,1599264000
0.425,11,Sep 06 2020 01: +0,1599350400
0.425,15,Sep 07 2020 01: +0,1599436800
0.423,9,Sep 08 2020 01: +0,1599523200
0.453,23,Sep 09 2020 01: +0,1599609600
0.433,11,Sep 10 2020 01: +0,1599696000
0.417,17,Sep 11 2020 01: +0,1599782400
0.449,12,Sep 12 2020 01: +0,1599868800
0.457,12,Sep 13 2020 01: +0,1599955200
0.467,15,Sep 14 2020 01: +0,1600041600
0.458,12,Sep 15 2020 01: +0,1600128000
0.481,6,Sep 16 2020 01: +0,1600214400
0.414,13,Sep 17 2020 01: +0,1600300800
0.453,14,Sep 18 2020 01: +0,1600387200
0.457,13,Sep 19 2020 01: +0,1600473600
0.45,14,Sep 20 2020 01: +0,1600560000
0.454,10,Sep 21 2020 01: +0,1600646400
0.438,15,Sep 22 2020 01: +0,1600732800
0.416,11,Sep 23 2020 01: +0,1600819200
0.415,13,Sep 24 2020 01: +0,1600905600
0.434,25,Sep 25 2020 01: +0,1600992000
0.44,24,Sep 26 2020 01: +0,1601078400
0.454,14,Sep 27 2020 01: +0,1601164800
0.465,19,Sep 28 2020 01: +0,1601251200
0.446,10,Sep 29 2020 01: +0,1601337600
0.425,5,Sep 30 2020 01: +0,1601424000
0.461,17,Oct 01 2020 01: +0,1601510400
0.424,8,Oct 02 2020 01: +0,1601596800
0.432,13,Oct 03 2020 01: +0,1601683200
0.438,17,Oct 04 2020 01: +0,1601769600
0.423,13,Oct 05 2020 01: +0,1601856000
0.402,11,Oct 06 2020 01: +0,1601942400
0.423,18,Oct 07 2020 01: +0,1602028800
0.411,13,Oct 08 2020 01: +0,1602115200
0.427,17,Oct 09 2020 01: +0,1602201600
0.434,12,Oct 10 2020 01: +0,1602288000
0.443,13,Oct 11 2020 01: +0,1602374400
0.438,15,Oct 12 2020 01: +0,1602460800
0.412,13,Oct 13 2020 01: +0,1602547200
0.414,12,Oct 14 2020 01: +0,1602633600
0.408,8,Oct 15 2020 01: +0,1602720000
0.416,15,Oct 16 2020 01: +0,1602806400
0.465,17,Oct 17 2020 01: +0,1602892800
0.4,13,Oct 18 2020 01: +0,1602979200
0.417,16,Oct 19 2020 01: +0,1603065600
0.413,14,Oct 20 2020 01: +0,1603152000
0.451,6,Oct 21 2020 01: +0,1603238400
0.455,8,Oct 22 2020 01: +0,1603324800
0.438,17,Oct 23 2020 01: +0,1603411200
0.429,14,Oct 24 2020 01: +0,1603497600
0.423,13,Oct 25 2020 01: +0,1603584000
0.424,18,Oct 26 2020 01: +0,1603674000
0.393,9,Oct 27 2020 01: +0,1603760400
0.432,16,Oct 28 2020 01: +0,1603846800
0.399,14,Oct 29 2020 01: +0,1603933200
0.403,19,Oct 30 2020 01: +0,1604019600
0.404,14,Oct 31 2020 01: +0,1604106000
0.414,12,Nov 01 2020 01: +0,1604192400
0.422,13,Nov 02 2020 01: +0,1604278800
0.424,14,Nov 03 2020 01: +0,1604365200
0.425,16,Nov 04 2020 01: +0,1604451600
0.403,8,Nov 05 2020 01: +0,1604538000
0.44,15,Nov 06 2020 01: +0,1604624400
0.507,17,Nov 07 2020 01: +0,1604710800
0.45,14,Nov 08 2020 01: +0,1604797200
0.446,16,Nov 09 2020 01: +0,1604883600
0.421,11,Nov 10 2020 01: +0,1604970000
0.419,11,Nov 11 2020 01: +0,1605056400
0.424,6,Nov 12 2020 01: +0,1605142800
0.413,21,Nov 13 2020 01: +0,1605229200
0.399,13,Nov 14 2020 01: +0,1605315600
0.407,15,Nov 15 2020 01: +0,1605402000
0.404,14,Nov 16 2020 01: +0,1605488400
0.437,20,Nov 17 2020 01: +0,1605574800
0.408,13,Nov 18 2020 01: +0,1605661200
0.447,16,Nov 19 2020 01: +0,1605747600
0.392,13,Nov 20 2020 01: +0,1605834000
0.427,17,Nov 21 2020 01: +0,1605920400
0.407,19,Nov 22 2020 01: +0,1606006800
0.387,18,Nov 23 2020 01: +0,1606093200
0.432,14,Nov 24 2020 01: +0,1606179600
0.498,18,Nov 25 2020 01: +0,1606266000
0.377,23,Nov 26 2020 01: +0,1606352400
0.396,27,Nov 27 2020 01: +0,1606438800
0.399,18,Nov 28 2020 01: +0,1606525200
0.413,21,Nov 29 2020 01: +0,1606611600
0.405,9,Nov 30 2020 01: +0,1606698000
0.394,18,Dec 01 2020 01: +0,1606784400
0.414,17,Dec 02 2020 01: +0,1606870800
0.427,10,Dec 03 2020 01: +0,1606957200
0.363,18,Dec 04 2020 01: +0,1607043600
0.405,24,Dec 05 2020 01: +0,1607130000
0.377,10,Dec 06 2020 01: +0,1607216400
0.388,9,Dec 07 2020 01: +0,1607302800
0.379,25,Dec 08 2020 01: +0,1607389200
0.39,12,Dec 09 2020 01: +0,1607475600
0.379,10,Dec 10 2020 01: +0,1607562000
0.396,7,Dec 11 2020 01: +0,1607648400
0.357,18,Dec 12 2020 01: +0,1607734800
0.361,9,Dec 13 2020 01: +0,1607821200
0.365,23,Dec 14 2020 01: +0,1607907600
0.368,14,Dec 15 2020 01: +0,1607994000
0.375,27,Dec 16 2020 01: +0,1608080400
0.396,14,Dec 17 2020 01: +0,1608166800
0.387,19,Dec 18 2020 01: +0,1608253200
0.39,20,Dec 19 2020 01: +0,1608339600
0.414,8,Dec 20 2020 01: +0,1608426000
0.394,9,Dec 21 2020 01: +0,1608512400
0.362,16,Dec 22 2020 01: +0,1608598800
0.38,18,Dec 23 2020 01: +0,1608685200
0.368,15,Dec 24 2020 01: +0,1608771600
0.348,18,Dec 25 2020 01: +0,1608858000
0.371,19,Dec 26 2020 01: +0,1608944400
0.389,13,Dec 27 2020 01: +0,1609030800
0.402,22,Dec 28 2020 01: +0,1609117200
0.398,31,Dec 29 2020 01: +0,1609203600
0.387,21,Dec 30 2020 01: +0,1609290000
0.398,16,Dec 31 2020 01: +0,1609376400
0.393,17,Jan 01 2021 01: +0,1609462800
0.406,31,Jan 02 2021 01: +0,1609549200
0.407,20,Jan 03 2021 01: +0,1609635600
0.386,25,Jan 04 2021 01: +0,1609722000
0.43,14,Jan 05 2021 01: +0,1609808400
0.433,28,Jan 06 2021 01: +0,1609894800
0.404,7,Jan 07 2021 01: +0,1609981200
0.413,20,Jan 08 2021 01: +0,1610067600
0.46,17,Jan 09 2021 01: +0,1610154000
0.435,26,Jan 10 2021 01: +0,1610240400
0.479,22,Jan 11 2021 01: +0,1610326800
0.466,25,Jan 12 2021 01: +0,1610413200
0.511,31,Jan 13 2021 01: +0,1610499600
0.536,35,Jan 14 2021 01: +0,1610586000
0.539,29,Jan 15 2021 01: +0,1610672400
0.572,20,Jan 16 2021 01: +0,1610758800
0.537,8,Jan 17 2021 01: +0,1610845200
0.565,15,Jan 18 2021 01: +0,1610931600
0.565,14,Jan 19 2021 01: +0,1611018000
0.621,14,Jan 20 2021 01: +0,1611104400
0.576,9,Jan 21 2021 01: +0,1611190800
0.511,25,Jan 22 2021 01: +0,1611277200
0.534,19,Jan 23 2021 01: +0,1611363600
0.51,16,Jan 24 2021 01: +0,1611450000
0.507,24,Jan 25 2021 01: +0,1611536400
0.507,18,Jan 26 2021 01: +0,1611622800
0.52,24,Jan 27 2021 01: +0,1611709200
0.482,26,Jan 28 2021 01: +0,1611795600
0.48,27,Jan 29 2021 01: +0,1611882000
0.499,21,Jan 30 2021 01: +0,1611968400
0.469,13,Jan 31 2021 01: +0,1612054800
0.5,14,Feb 01 2021 01: +0,1612141200
0.49,11,Feb 02 2021 01: +0,1612227600
0.508,14,Feb 03 2021 01: +0,1612314000
0.448,16,Feb 04 2021 01: +0,1612400400
0.43,17,Feb 05 2021 01: +0,1612486800
0.45,16,Feb 06 2021 01: +0,1612573200
0.45,27,Feb 07 2021 01: +0,1612659600
0.538,12,Feb 08 2021 01: +0,1612746000
0.479,22,Feb 09 2021 01: +0,1612832400
0.453,21,Feb 10 2021 01: +0,1612918800
0.434,10,Feb 11 2021 01: +0,1613005200
0.421,26,Feb 12 2021 01: +0,1613091600
0.458,24,Feb 13 2021 01: +0,1613178000
0.443,11,Feb 14 2021 01: +0,1613264400
0.429,20,Feb 15 2021 01: +0,1613350800
0.41,17,Feb 16 2021 01: +0,1613437200
0.417,25,Feb 17 2021 01: +0,1613523600
0.432,20,Feb 18 2021 01: +0,1613610000
0.382,16,Feb 19 2021 01: +0,1613696400
0.415,19,Feb 20 2021 01: +0,1613782800
0.445,15,Feb 21 2021 01: +0,1613869200
0.411,16,Feb 22 2021 01: +0,1613955600
0.46,14,Feb 23 2021 01: +0,1614042000
0.429,29,Feb 24 2021 01: +0,1614128400
0.435,12,Feb 25 2021 01: +0,1614214800
0.459,22,Feb 26 2021 01: +0,1614301200
0.453,23,Feb 27 2021 01: +0,1614387600
0.453,28,Feb 28 2021 01: +0,1614474000
0.481,14,Mar 01 2021 01: +0,1614560400
0.46,17,Mar 02 2021 01: +0,1614646800
0.465,30,Mar 03 2021 01: +0,1614733200
0.454,23,Mar 04 2021 01: +0,1614819600
0.48,21,Mar 05 2021 01: +0,1614906000
0.486,21,Mar 06 2021 01: +0,1614992400
0.488,19,Mar 07 2021 01: +0,1615078800
0.464,21,Mar 08 2021 01: +0,1615165200
0.471,15,Mar 09 2021 01: +0,1615251600
0.483,22,Mar 10 2021 01: +0,1615338000
0.491,43,Mar 11 2021 01: +0,1615424400
0.511,28,Mar 12 2021 01: +0,1615510800
0.47,23,Mar 13 2021 01: +0,1615597200
0.476,19,Mar 14 2021 01: +0,1615683600
0.472,27,Mar 15 2021 01: +0,1615770000
0.448,25,Mar 16 2021 01: +0,1615856400
0.459,17,Mar 17 2021 01: +0,1615942800
0.427,21,Mar 18 2021 01: +0,1616029200
0.421,22,Mar 19 2021 01: +0,1616115600
0.429,44,Mar 20 2021 01: +0,1616202000
0.453,16,Mar 21 2021 01: +0,1616288400
0.435,23,Mar 22 2021 01: +0,1616374800
0.45,33,Mar 23 2021 01: +0,1616461200
0.433,34,Mar 24 2021 01: +0,1616547600
0.417,19,Mar 25 2021 01: +0,1616634000
0.425,19,Mar 26 2021 01: +0,1616720400
0.435,27,Mar 27 2021 01: +0,1616806800
0.44,24,Mar 28 2021 01: +0,1616893200
0.444,24,Mar 29 2021 01: +0,1616976000
0.429,32,Mar 30 2021 01: +0,1617062400
0.468,34,Mar 31 2021 01: +0,1617148800
0.482,25,Apr 01 2021 01: +0,1617235200
0.495,37,Apr 02 2021 01: +0,1617321600
0.499,32,Apr 03 2021 01: +0,1617408000
0.525,24,Apr 04 2021 01: +0,1617494400
0.681,19,Apr 05 2021 01: +0,1617580800
0.502,21,Apr 06 2021 01: +0,1617667200
0.479,13,Apr 07 2021 01: +0,1617753600
0.411,14,Apr 08 2021 01: +0,1617840000
0.417,37,Apr 09 2021 01: +0,1617926400
0.35,29,Apr 10 2021 01: +0,1618012800
0.354,21,Apr 11 2021 01: +0,1618099200
0.353,30,Apr 12 2021 01: +0,1618185600
0.347,16,Apr 13 2021 01: +0,1618272000
0.326,7,Apr 14 2021 01: +0,1618358400
0.435,18,Apr 15 2021 01: +0,1618444800
0.358,22,Apr 16 2021 01: +0,1618531200
0.317,13,Apr 17 2021 01: +0,1618617600
0.297,19,Apr 18 2021 01: +0,1618704000
0.325,14,Apr 19 2021 01: +0,1618790400
0.296,23,Apr 20 2021 01: +0,1618876800
0.289,26,Apr 21 2021 01: +0,1618963200
0.278,12,Apr 22 2021 01: +0,1619049600
0.283,31,Apr 23 2021 01: +0,1619136000
0.286,21,Apr 24 2021 01: +0,1619222400
0.291,16,Apr 25 2021 01: +0,1619308800
0.297,42,Apr 26 2021 01: +0,1619395200
0.292,23,Apr 27 2021 01: +0,1619481600
0.293,34,Apr 28 2021 01: +0,1619568000
0.336,25,Apr 29 2021 01: +0,1619654400
0.312,25,Apr 30 2021 01: +0,1619740800
0.325,36,May 01 2021 01: +0,1619827200
0.319,21,May 02 2021 01: +0,1619913600
0.327,22,May 03 2021 01: +0,1620000000
0.335,22,May 04 2021 01: +0,1620086400
0.344,26,May 05 2021 01: +0,1620172800
0.356,34,May 06 2021 01: +0,1620259200
0.353,19,May 07 2021 01: +0,1620345600
0.303,9,May 08 2021 01: +0,1620432000
0.32,17,May 09 2021 01: +0,1620518400
0.318,27,May 10 2021 01: +0,1620604800
0.336,23,May 11 2021 01: +0,1620691200
0.329,18,May 12 2021 01: +0,1620777600
0.33,32,May 13 2021 01: +0,1620864000
0.32,24,May 14 2021 01: +0,1620950400
0.307,20,May 15 2021 01: +0,1621036800
0.313,10,May 16 2021 01: +0,1621123200
0.287,20,May 17 2021 01: +0,1621209600
0.277,30,May 18 2021 01: +0,1621296000
0.336,22,May 19 2021 01: +0,1621382400
0.302,33,May 20 2021 01: +0,1621468800
0.306,29,May 21 2021 01: +0,1621555200
0.328,67,May 22 2021 01: +0,1621641600
0.334,45,May 23 2021 01: +0,1621728000
0.355,42,May 24 2021 01: +0,1621814400
0.367,26,May 25 2021 01: +0,1621900800
0.371,14,May 26 2021 01: +0,1621987200
0.359,23,May 27 2021 01: +0,1622073600
0.385,27,May 28 2021 01: +0,1622160000
0.346,27,May 29 2021 01: +0,1622246400
0.355,22,May 30 2021 01: +0,1622332800
0.355,12,May 31 2021 01: +0,1622419200
0.374,14,Jun 01 2021 01: +0,1622505600
0.358,12,Jun 02 2021 01: +0,1622592000
0.317,24,Jun 03 2021 01: +0,1622678400
0.345,28,Jun 04 2021 01: +0,1622764800
0.313,24,Jun 05 2021 01: +0,1622851200
0.327,25,Jun 06 2021 01: +0,1622937600
0.305,15,Jun 07 2021 01: +0,1623024000
0.283,23,Jun 08 2021 01: +0,1623110400
0.26,25,Jun 09 2021 01: +0,1623196800
0.27,33,Jun 10 2021 01: +0,1623283200
0.274,28,Jun 11 2021 01: +0,1623369600
0.276,43,Jun 12 2021 01: +0,1623456000
0.277,46,Jun 13 2021 01: +0,1623542400
0.295,22,Jun 14 2021 01: +0,1623628800
0.277,21,Jun 15 2021 01: +0,1623715200
0.286,33,Jun 16 2021 01: +0,1623801600
0.277,20,Jun 17 2021 01: +0,1623888000
0.283,26,Jun 18 2021 01: +0,1623974400
0.268,23,Jun 19 2021 01: +0,1624060800
0.271,23,Jun 20 2021 01: +0,1624147200
0.274,25,Jun 21 2021 01: +0,1624233600
0.277,21,Jun 22 2021 01: +0,1624320000
0.278,12,Jun 23 2021 01: +0,1624406400
0.253,31,Jun 24 2021 01: +0,1624492800
0.24,30,Jun 25 2021 01: +0,1624579200
0.222,17,Jun 26 2021 01: +0,1624665600
0.242,30,Jun 27 2021 01: +0,1624752000
0.232,44,Jun 28 2021 01: +0,1624838400
0.224,27,Jun 29 2021 01: +0,1624924800
0.244,35,Jun 30 2021 01: +0,1625011200
0.227,14,Jul 01 2021 01: +0,1625097600
0.244,25,Jul 02 2021 01: +0,1625184000
0.233,16,Jul 03 2021 01: +0,1625270400
0.23,28,Jul 04 2021 01: +0,1625356800
0.237,21,Jul 05 2021 01: +0,1625443200
0.235,18,Jul 06 2021 01: +0,1625529600
0.229,19,Jul 07 2021 01: +0,1625616000
0.249,28,Jul 08 2021 01: +0,1625702400
0.241,21,Jul 09 2021 01: +0,1625788800
0.222,12,Jul 10 2021 01: +0,1625875200
0.234,17,Jul 11 2021 01: +0,1625961600
0.221,16,Jul 12 2021 01: +0,1626048000
0.218,21,Jul 13 2021 01: +0,1626134400
0.23,25,Jul 14 2021 01: +0,1626220800
0.228,33,Jul 15 2021 01: +0,1626307200
0.231,15,Jul 16 2021 01: +0,1626393600
0.231,20,Jul 17 2021 01: +0,1626480000
0.227,18,Jul 18 2021 01: +0,1626566400
0.235,18,Jul 19 2021 01: +0,1626652800
0.245,25,Jul 20 2021 01: +0,1626739200
0.243,19,Jul 21 2021 01: +0,1626825600
0.248,20,Jul 22 2021 01: +0,1626912000
0.255,14,Jul 23 2021 01: +0,1626998400
0.238,23,Jul 24 2021 01: +0,1627084800
0.228,18,Jul 25 2021 01: +0,1627171200
0.226,19,Jul 26 2021 01: +0,1627257600
0.284,6,Jul 27 2021 01: +0,1627344000
0.256,23,Jul 28 2021 01: +0,1627430400
0.248,38,Jul 29 2021 01: +0,1627516800
0.26,15,Jul 30 2021 01: +0,1627603200
0.251,14,Jul 31 2021 01: +0,1627689600
0.261,19,Aug 01 2021 01: +0,1627776000
0.253,29,Aug 02 2021 01: +0,1627862400
0.261,16,Aug 03 2021 01: +0,1627948800
0.258,22,Aug 04 2021 01: +0,1628035200
0.263,11,Aug 05 2021 01: +0,1628121600
0.242,24,Aug 06 2021 01: +0,1628208000
0.285,21,Aug 07 2021 01: +0,1628294400
0.227,22,Aug 08 2021 01: +0,1628380800
0.241,19,Aug 09 2021 01: +0,1628467200
0.244,18,Aug 10 2021 01: +0,1628553600
0.252,24,Aug 11 2021 01: +0,1628640000
0.243,20,Aug 12 2021 01: +0,1628726400
0.238,36,Aug 13 2021 01: +0,1628812800
0.235,21,Aug 14 2021 01: +0,1628899200
0.239,43,Aug 15 2021 01: +0,1628985600
0.251,18,Aug 16 2021 01: +0,1629072000
0.252,12,Aug 17 2021 01: +0,1629158400
0.259,35,Aug 18 2021 01: +0,1629244800
0.262,17,Aug 19 2021 01: +0,1629331200
0.272,19,Aug 20 2021 01: +0,1629417600
0.262,13,Aug 21 2021 01: +0,1629504000
0.254,18,Aug 22 2021 01: +0,1629590400
0.26,20,Aug 23 2021 01: +0,1629676800
0.263,20,Aug 24 2021 01: +0,1629763200
0.245,23,Aug 25 2021 01: +0,1629849600
0.265,21,Aug 26 2021 01: +0,1629936000
0.303,24,Aug 27 2021 01: +0,1630022400
0.242,13,Aug 28 2021 01: +0,1630108800
0.253,13,Aug 29 2021 01: +0,1630195200
0.24,14,Aug 30 2021 01: +0,1630281600
0.247,12,Aug 31 2021 01: +0,1630368000
0.25,16,Sep 01 2021 01: +0,1630454400
0.258,15,Sep 02 2021 01: +0,1630540800
0.257,15,Sep 03 2021 01: +0,1630627200
0.269,25,Sep 04 2021 01: +0,1630713600
0.286,25,Sep 05 2021 01: +0,1630800000
0.294,12,Sep 06 2021 01: +0,1630886400
0.275,22,Sep 07 2021 01: +0,1630972800
0.272,15,Sep 08 2021 01: +0,1631059200
0.271,17,Sep 09 2021 01: +0,1631145600
0.262,21,Sep 10 2021 01: +0,1631232000
0.269,22,Sep 11 2021 01: +0,1631318400
0.268,20,Sep 12 2021 01: +0,1631404800
0.26,19,Sep 13 2021 01: +0,1631491200
0.271,11,Sep 14 2021 01: +0,1631577600
0.254,10,Sep 15 2021 01: +0,1631664000
0.273,23,Sep 16 2021 01: +0,1631750400
0.258,15,Sep 17 2021 01: +0,1631836800
0.269,22,Sep 18 2021 01: +0,1631923200
0.269,18,Sep 19 2021 01: +0,1632009600
0.26,25,Sep 20 2021 01: +0,1632096000
0.251,29,Sep 21 2021 01: +0,1632182400
0.235,32,Sep 22 2021 01: +0,1632268800
0.213,20,Sep 23 2021 01: +0,1632355200
0.215,20,Sep 24 2021 01: +0,1632441600
0.214,20,Sep 25 2021 01: +0,1632528000
0.211,20,Sep 26 2021 01: +0,1632614400
0.237,20,Sep 27 2021 01: +0,1632700800
0.264,14,Sep 28 2021 01: +0,1632787200
0.24,15,Sep 29 2021 01: +0,1632873600
0.257,12,Sep 30 2021 01: +0,1632960000
0.244,14,Oct 01 2021 01: +0,1633046400
0.25,35,Oct 02 2021 01: +0,1633132800
0.241,14,Oct 03 2021 01: +0,1633219200
0.256,16,Oct 04 2021 01: +0,1633305600
0.245,13,Oct 05 2021 01: +0,1633392000
0.249,20,Oct 06 2021 01: +0,1633478400
0.217,18,Oct 07 2021 01: +0,1633564800
0.25,32,Oct 08 2021 01: +0,1633651200
0.273,16,Oct 09 2021 01: +0,1633737600
0.264,14,Oct 10 2021 01: +0,1633824000
0.268,11,Oct 11 2021 01: +0,1633910400
0.285,13,Oct 12 2021 01: +0,1633996800
0.28,21,Oct 13 2021 01: +0,1634083200
0.27,22,Oct 14 2021 01: +0,1634169600
0.306,15,Oct 15 2021 01: +0,1634256000
0.292,13,Oct 16 2021 01: +0,1634342400
0.291,16,Oct 17 2021 01: +0,1634428800
0.273,17,Oct 18 2021 01: +0,1634515200
0.267,17,Oct 19 2021 01: +0,1634601600
0.281,30,Oct 20 2021 01: +0,1634688000
0.272,14,Oct 21 2021 01: +0,1634774400
0.267,18,Oct 22 2021 01: +0,1634860800
0.243,26,Oct 23 2021 01: +0,1634947200
0.24,18,Oct 24 2021 01: +0,1635033600
0.246,17,Oct 25 2021 01: +0,1635120000
0.241,27,Oct 26 2021 01: +0,1635206400
0.248,19,Oct 27 2021 01: +0,1635292800
0.254,18,Oct 28 2021 01: +0,1635379200
0.255,16,Oct 29 2021 01: +0,1635465600
0.269,24,Oct 30 2021 01: +0,1635552000
0.281,23,Oct 31 2021 01: +0,1635638400
0.272,20,Nov 01 2021 01: +0,1635728400
0.315,11,Nov 02 2021 01: +0,1635814800
0.289,18,Nov 03 2021 01: +0,1635901200
0.284,23,Nov 04 2021 01: +0,1635987600
0.28,16,Nov 05 2021 01: +0,1636074000
0.289,23,Nov 06 2021 01: +0,1636160400
0.293,18,Nov 07 2021 01: +0,1636246800
0.305,24,Nov 08 2021 01: +0,1636333200
0.302,14,Nov 09 2021 01: +0,1636419600
0.279,18,Nov 10 2021 01: +0,1636506000
0.3,24,Nov 11 2021 01: +0,1636592400
0.294,14,Nov 12 2021 01: +0,1636678800
0.303,22,Nov 13 2021 01: +0,1636765200
0.309,26,Nov 14 2021 01: +0,1636851600
0.307,18,Nov 15 2021 01: +0,1636938000
0.299,12,Nov 16 2021 01: +0,1637024400
0.311,31,Nov 17 2021 01: +0,1637110800
0.294,9,Nov 18 2021 01: +0,1637197200
0.304,19,Nov 19 2021 01: +0,1637283600
0.302,23,Nov 20 2021 01: +0,1637370000
0.306,14,Nov 21 2021 01: +0,1637456400
0.305,14,Nov 22 2021 01: +0,1637542800
0.301,13,Nov 23 2021 01: +0,1637629200
0.307,16,Nov 24 2021 01: +0,1637715600
0.291,18,Nov 25 2021 01: +0,1637802000
0.288,21,Nov 26 2021 01: +0,1637888400
0.298,25,Nov 27 2021 01: +0,1637974800
0.316,25,Nov 28 2021 01: +0,1638061200
0.305,17,Nov 29 2021 01: +0,1638147600
0.265,27,Nov 30 2021 01: +0,1638234000
0.286,21,Dec 01 2021 01: +0,1638320400
0.292,25,Dec 02 2021 01: +0,1638406800
0.295,23,Dec 03 2021 01: +0,1638493200
0.283,28,Dec 04 2021 01: +0,1638579600
0.303,27,Dec 05 2021 01: +0,1638666000
0.293,19,Dec 06 2021 01: +0,1638752400
0.293,26,Dec 07 2021 01: +0,1638838800
0.283,18,Dec 08 2021 01: +0,1638925200
0.293,18,Dec 09 2021 01: +0,1639011600
0.305,29,Dec 10 2021 01: +0,1639098000
0.337,34,Dec 11 2021 01: +0,1639184400
0.3,16,Dec 12 2021 01: +0,1639270800
0.32,20,Dec 13 2021 01: +0,1639357200
0.318,20,Dec 14 2021 01: +0,1639443600
0.303,11,Dec 15 2021 01: +0,1639530000
0.291,14,Dec 16 2021 01: +0,1639616400
0.307,18,Dec 17 2021 01: +0,1639702800
0.302,21,Dec 18 2021 01: +0,1639789200
0.312,23,Dec 19 2021 01: +0,1639875600
0.304,13,Dec 20 2021 01: +0,1639962000
0.327,28,Dec 21 2021 01: +0,1640048400
0.297,19,Dec 22 2021 01: +0,1640134800
0.304,22,Dec 23 2021 01: +0,1640221200
0.311,32,Dec 24 2021 01: +0,1640307600
0.327,20,Dec 25 2021 01: +0,1640394000
0.307,19,Dec 26 2021 01: +0,1640480400
0.309,26,Dec 27 2021 01: +0,1640566800
0.387,34,Dec 28 2021 01: +0,1640653200
0.375,27,Dec 29 2021 01: +0,1640739600
0.369,28,Dec 30 2021 01: +0,1640826000
0.343,19,Dec 31 2021 01: +0,1640912400
0.364,32,Jan 01 2022 01: +0,1640998800
0.395,21,Jan 02 2022 01: +0,1641085200
0.363,25,Jan 03 2022 01: +0,1641171600
0.353,25,Jan 04 2022 01: +0,1641258000
0.354,26,Jan 05 2022 01: +0,1641344400
0.361,35,Jan 06 2022 01: +0,1641430800
0.372,25,Jan 07 2022 01: +0,1641517200
0.345,23,Jan 08 2022 01: +0,1641603600
0.387,18,Jan 09 2022 01: +0,1641690000
0.379,30,Jan 10 2022 01: +0,1641776400
0.383,14,Jan 11 2022 01: +0,1641862800
0.371,24,Jan 12 2022 01: +0,1641949200
0.376,27,Jan 13 2022 01: +0,1642035600
0.367,17,Jan 14 2022 01: +0,1642122000
0.369,29,Jan 15 2022 01: +0,1642208400
0.42,27,Jan 16 2022 01: +0,1642294800
0.461,12,Jan 17 2022 01: +0,1642381200
0.432,15,Jan 18 2022 01: +0,1642467600
0.419,19,Jan 19 2022 01: +0,1642554000
0.443,19,Jan 20 2022 01: +0,1642640400
0.428,17,Jan 21 2022 01: +0,1642726800
0.394,25,Jan 22 2022 01: +0,1642813200
0.408,23,Jan 23 2022 01: +0,1642899600
0.397,20,Jan 24 2022 01: +0,1642986000
0.372,28,Jan 25 2022 01: +0,1643072400
0.407,44,Jan 26 2022 01: +0,1643158800
0.398,24,Jan 27 2022 01: +0,1643245200
0.385,28,Jan 28 2022 01: +0,1643331600
0.388,22,Jan 29 2022 01: +0,1643418000
0.375,33,Jan 30 2022 01: +0,1643504400
0.399,18,Jan 31 2022 01: +0,1643590800
0.392,27,Feb 01 2022 01: +0,1643677200
0.376,35,Feb 02 2022 01: +0,1643763600
0.416,25,Feb 03 2022 01: +0,1643850000
0.378,19,Feb 04 2022 01: +0,1643936400
0.407,21,Feb 05 2022 01: +0,1644022800
0.409,27,Feb 06 2022 01: +0,1644109200
0.393,26,Feb 07 2022 01: +0,1644195600
0.399,28,Feb 08 2022 01: +0,1644282000
0.42,24,Feb 09 2022 01: +0,1644368400
0.413,22,Feb 10 2022 01: +0,1644454800
0.389,21,Feb 11 2022 01: +0,1644541200
0.372,19,Feb 12 2022 01: +0,1644627600
0.399,12,Feb 13 2022 01: +0,1644714000
0.373,24,Feb 14 2022 01: +0,1644800400
0.391,33,Feb 15 2022 01: +0,1644886800
0.394,19,Feb 16 2022 01: +0,1644973200
0.382,33,Feb 17 2022 01: +0,1645059600
0.392,19,Feb 18 2022 01: +0,1645146000
0.378,11,Feb 19 2022 01: +0,1645232400
0.394,29,Feb 20 2022 01: +0,1645318800
0.375,27,Feb 21 2022 01: +0,1645405200
0.375,43,Feb 22 2022 01: +0,1645491600
0.392,26,Feb 23 2022 01: +0,1645578000
0.394,13,Feb 24 2022 01: +0,1645664400
0.37,20,Feb 25 2022 01: +0,1645750800
0.371,25,Feb 26 2022 01: +0,1645837200
0.378,24,Feb 27 2022 01: +0,1645923600
0.351,13,Feb 28 2022 01: +0,1646010000
0.381,12,Mar 01 2022 01: +0,1646096400
0.381,18,Mar 02 2022 01: +0,1646182800
0.372,16,Mar 03 2022 01: +0,1646269200
0.377,34,Mar 04 2022 01: +0,1646355600
0.39,23,Mar 05 2022 01: +0,1646442000
0.4,14,Mar 06 2022 01: +0,1646528400
0.376,24,Mar 07 2022 01: +0,1646614800
0.381,17,Mar 08 2022 01: +0,1646701200
0.394,30,Mar 09 2022 01: +0,1646787600
0.4,26,Mar 10 2022 01: +0,1646874000
0.368,13,Mar 11 2022 01: +0,1646960400
0.387,43,Mar 12 2022 01: +0,1647046800
0.415,20,Mar 13 2022 01: +0,1647133200
0.441,16,Mar 14 2022 01: +0,1647219600
0.397,20,Mar 15 2022 01: +0,1647306000
0.4,18,Mar 16 2022 01: +0,1647392400
0.391,13,Mar 17 2022 01: +0,1647478800
0.378,27,Mar 18 2022 01: +0,1647565200
0.384,26,Mar 19 2022 01: +0,1647651600
0.406,29,Mar 20 2022 01: +0,1647738000
0.373,10,Mar 21 2022 01: +0,1647824400
0.369,21,Mar 22 2022 01: +0,1647910800
0.362,20,Mar 23 2022 01: +0,1647997200
0.397,14,Mar 24 2022 01: +0,1648083600
0.373,15,Mar 25 2022 01: +0,1648170000
0.405,20,Mar 26 2022 01: +0,1648256400
0.405,23,Mar 27 2022 01: +0,1648342800
0.372,18,Mar 28 2022 01: +0,1648425600
0.371,20,Mar 29 2022 01: +0,1648512000
0.373,39,Mar 30 2022 01: +0,1648598400
0.389,20,Mar 31 2022 01: +0,1648684800
0.386,24,Apr 01 2022 01: +0,1648771200
0.369,31,Apr 02 2022 01: +0,1648857600
0.375,22,Apr 03 2022 01: +0,1648944000
0.381,18,Apr 04 2022 01: +0,1649030400
0.378,16,Apr 05 2022 01: +0,1649116800
0.385,25,Apr 06 2022 01: +0,1649203200
0.387,20,Apr 07 2022 01: +0,1649289600
0.403,21,Apr 08 2022 01: +0,1649376000
0.392,19,Apr 09 2022 01: +0,1649462400
0.382,17,Apr 10 2022 01: +0,1649548800
0.397,17,Apr 11 2022 01: +0,1649635200
0.429,14,Apr 12 2022 01: +0,1649721600
0.381,21,Apr 13 2022 01: +0,1649808000
0.38,21,Apr 14 2022 01: +0,1649894400
0.397,26,Apr 15 2022 01: +0,1649980800
0.368,32,Apr 16 2022 01: +0,1650067200
0.385,23,Apr 17 2022 01: +0,1650153600
0.398,22,Apr 18 2022 01: +0,1650240000
0.392,31,Apr 19 2022 01: +0,1650326400
0.365,25,Apr 20 2022 01: +0,1650412800
0.352,16,Apr 21 2022 01: +0,1650499200
0.374,28,Apr 22 2022 01: +0,1650585600
0.393,32,Apr 23 2022 01: +0,1650672000
0.429,9,Apr 24 2022 01: +0,1650758400
0.389,25,Apr 25 2022 01: +0,1650844800
0.402,33,Apr 26 2022 01: +0,1650931200
0.392,19,Apr 27 2022 01: +0,1651017600
0.396,16,Apr 28 2022 01: +0,1651104000
0.366,24,Apr 29 2022 01: +0,1651190400
0.385,25,Apr 30 2022 01: +0,1651276800
0.375,18,May 01 2022 01: +0,1651363200
0.388,29,May 02 2022 01: +0,1651449600
0.397,47,May 03 2022 01: +0,1651536000
0.39,24,May 04 2022 01: +0,1651622400
0.37,13,May 05 2022 01: +0,1651708800
0.331,18,May 06 2022 01: +0,1651795200
0.341,26,May 07 2022 01: +0,1651881600
0.335,24,May 08 2022 01: +0,1651968000
0.326,19,May 09 2022 01: +0,1652054400
0.345,16,May 10 2022 01: +0,1652140800
0.336,12,May 11 2022 01: +0,1652227200
0.326,31,May 12 2022 01: +0,1652313600
0.346,37,May 13 2022 01: +0,1652400000
0.372,27,May 14 2022 01: +0,1652486400
0.357,19,May 15 2022 01: +0,1652572800
0.364,19,May 16 2022 01: +0,1652659200
0.364,30,May 17 2022 01: +0,1652745600
0.372,18,May 18 2022 01: +0,1652832000
0.382,22,May 19 2022 01: +0,1652918400
0.349,18,May 20 2022 01: +0,1653004800
0.38,31,May 21 2022 01: +0,1653091200
0.381,17,May 22 2022 01: +0,1653177600
0.352,16,May 23 2022 01: +0,1653264000
0.364,14,May 24 2022 01: +0,1653350400
0.371,20,May 25 2022 01: +0,1653436800
0.339,41,May 26 2022 01: +0,1653523200
0.339,26,May 27 2022 01: +0,1653609600
0.328,19,May 28 2022 01: +0,1653696000
0.336,23,May 29 2022 01: +0,1653782400
0.348,25,May 30 2022 01: +0,1653868800
0.341,14,May 31 2022 01: +0,1653955200
0.349,10,Jun 01 2022 01: +0,1654041600
0.364,27,Jun 02 2022 01: +0,1654128000
0.346,27,Jun 03 2022 01: +0,1654214400
0.356,27,Jun 04 2022 01: +0,1654300800
0.365,13,Jun 05 2022 01: +0,1654387200
0.372,17,Jun 06 2022 01: +0,1654473600
0.354,13,Jun 07 2022 01: +0,1654560000
0.382,10,Jun 08 2022 01: +0,1654646400
0.352,21,Jun 09 2022 01: +0,1654732800
0.368,22,Jun 10 2022 01: +0,1654819200
0.385,19,Jun 11 2022 01: +0,1654905600
0.356,18,Jun 12 2022 01: +0,1654992000
0.361,16,Jun 13 2022 01: +0,1655078400
0.364,14,Jun 14 2022 01: +0,1655164800
0.338,15,Jun 15 2022 01: +0,1655251200
0.336,26,Jun 16 2022 01: +0,1655337600
0.345,25,Jun 17 2022 01: +0,1655424000
0.354,19,Jun 18 2022 01: +0,1655510400
0.34,17,Jun 19 2022 01: +0,1655596800
0.33,24,Jun 20 2022 01: +0,1655683200
0.336,25,Jun 21 2022 01: +0,1655769600
0.346,18,Jun 22 2022 01: +0,1655856000
0.34,10,Jun 23 2022 01: +0,1655942400
0.316,15,Jun 24 2022 01: +0,1656028800
0.327,12,Jun 25 2022 01: +0,1656115200
0.314,20,Jun 26 2022 01: +0,1656201600
0.282,17,Jun 27 2022 01: +0,1656288000
0.281,17,Jun 28 2022 01: +0,1656374400
0.319,22,Jun 29 2022 01: +0,1656460800
0.276,26,Jun 30 2022 01: +0,1656547200
0.278,16,Jul 01 2022 01: +0,1656633600
0.255,26,Jul 02 2022 01: +0,1656720000
0.28,17,Jul 03 2022 01: +0,1656806400
0.275,22,Jul 04 2022 01: +0,1656892800
0.303,41,Jul 05 2022 01: +0,1656979200
0.295,63,Jul 06 2022 01: +0,1657065600
0.327,27,Jul 07 2022 01: +0,1657152000
0.327,45,Jul 08 2022 01: +0,1657238400
0.336,29,Jul 09 2022 01: +0,1657324800
0.343,15,Jul 10 2022 01: +0,1657411200
0.338,28,Jul 11 2022 01: +0,1657497600
0.315,30,Jul 12 2022 01: +0,1657584000
0.343,21,Jul 13 2022 01: +0,1657670400
0.323,30,Jul 14 2022 01: +0,1657756800
0.332,30,Jul 15 2022 01: +0,1657843200
0.324,21,Jul 16 2022 01: +0,1657929600
0.34,17,Jul 17 2022 01: +0,1658016000
0.33,30,Jul 18 2022 01: +0,1658102400
0.329,41,Jul 19 2022 01: +0,1658188800
0.399,40,Jul 20 2022 01: +0,1658275200
0.41,21,Jul 21 2022 01: +0,1658361600
0.377,26,Jul 22 2022 01: +0,1658448000
0.369,20,Jul 23 2022 01: +0,1658534400
0.376,31,Jul 24 2022 01: +0,1658620800
0.381,20,Jul 25 2022 01: +0,1658707200
0.361,18,Jul 26 2022 01: +0,1658793600
0.382,22,Jul 27 2022 01: +0,1658880000
0.388,29,Jul 28 2022 01: +0,1658966400
0.379,31,Jul 29 2022 01: +0,1659052800
0.416,38,Jul 30 2022 01: +0,1659139200
0.398,28,Jul 31 2022 01: +0,1659225600
0.411,25,Aug 01 2022 01: +0,1659312000
0.389,23,Aug 02 2022 01: +0,1659398400
0.431,36,Aug 03 2022 01: +0,1659484800
0.435,21,Aug 04 2022 01: +0,1659571200
0.436,32,Aug 05 2022 01: +0,1659657600
0.379,11,Aug 06 2022 01: +0,1659744000
0.45,13,Aug 07 2022 01: +0,1659830400
0.44,19,Aug 08 2022 01: +0,1659916800
0.471,7,Aug 09 2022 01: +0,1660003200
0.455,26,Aug 10 2022 01: +0,1660089600
0.425,14,Aug 11 2022 01: +0,1660176000
0.431,20,Aug 12 2022 01: +0,1660262400
0.437,21,Aug 13 2022 01: +0,1660348800
1.033,24,Aug 14 2022 01: +0,1660435200
0.426,26,Aug 15 2022 01: +0,1660521600
0.443,20,Aug 16 2022 01: +0,1660608000
0.452,29,Aug 17 2022 01: +0,1660694400
0.43,22,Aug 18 2022 01: +0,1660780800
0.45,18,Aug 19 2022 01: +0,1660867200
0.435,40,Aug 20 2022 01: +0,1660953600
0.462,11,Aug 21 2022 01: +0,1661040000
0.446,10,Aug 22 2022 01: +0,1661126400
0.46,14,Aug 23 2022 01: +0,1661212800
0.446,24,Aug 24 2022 01: +0,1661299200
0.425,21,Aug 25 2022 01: +0,1661385600
0.444,24,Aug 26 2022 01: +0,1661472000
0.441,20,Aug 27 2022 01: +0,1661558400
0.423,23,Aug 28 2022 01: +0,1661644800
0.449,25,Aug 29 2022 01: +0,1661731200
0.429,24,Aug 30 2022 01: +0,1661817600
0.406,17,Aug 31 2022 01: +0,1661904000
0.419,25,Sep 01 2022 01: +0,1661990400
0.404,20,Sep 02 2022 01: +0,1662076800
0.427,24,Sep 03 2022 01: +0,1662163200
0.402,20,Sep 04 2022 01: +0,1662249600
0.43,42,Sep 05 2022 01: +0,1662336000
0.417,14,Sep 06 2022 01: +0,1662422400
0.42,15,Sep 07 2022 01: +0,1662508800
0.396,26,Sep 08 2022 01: +0,1662595200
0.409,21,Sep 09 2022 01: +0,1662681600
0.391,28,Sep 10 2022 01: +0,1662768000
0.411,21,Sep 11 2022 01: +0,1662854400
0.429,15,Sep 12 2022 01: +0,1662940800
0.4,17,Sep 13 2022 01: +0,1663027200
0.408,16,Sep 14 2022 01: +0,1663113600
0.414,15,Sep 15 2022 01: +0,1663200000
0.421,22,Sep 16 2022 01: +0,1663286400
0.39,14,Sep 17 2022 01: +0,1663372800
0.408,26,Sep 18 2022 01: +0,1663459200
0.434,24,Sep 19 2022 01: +0,1663545600
0.426,15,Sep 20 2022 01: +0,1663632000
0.429,17,Sep 21 2022 01: +0,1663718400
0.429,16,Sep 22 2022 01: +0,1663804800
0.425,26,Sep 23 2022 01: +0,1663891200
0.417,27,Sep 24 2022 01: +0,1663977600
0.409,24,Sep 25 2022 01: +0,1664064000
0.396,18,Sep 26 2022 01: +0,1664150400
0.397,24,Sep 27 2022 01: +0,1664236800
0.397,22,Sep 28 2022 01: +0,1664323200
0.442,36,Sep 29 2022 01: +0,1664409600
0.42,21,Sep 30 2022 01: +0,1664496000
0.414,19,Oct 01 2022 01: +0,1664582400
0.392,19,Oct 02 2022 01: +0,1664668800
0.4,17,Oct 03 2022 01: +0,1664755200
0.407,24,Oct 04 2022 01: +0,1664841600
0.407,15,Oct 05 2022 01: +0,1664928000
0.415,16,Oct 06 2022 01: +0,1665014400
0.409,21,Oct 07 2022 01: +0,1665100800
0.402,12,Oct 08 2022 01: +0,1665187200
0.431,27,Oct 09 2022 01: +0,1665273600
0.429,28,Oct 10 2022 01: +0,1665360000
0.42,25,Oct 11 2022 01: +0,1665446400
0.41,17,Oct 12 2022 01: +0,1665532800
0.394,31,Oct 13 2022 01: +0,1665619200
0.382,8,Oct 14 2022 01: +0,1665705600
0.379,24,Oct 15 2022 01: +0,1665792000
0.371,21,Oct 16 2022 01: +0,1665878400
0.415,20,Oct 17 2022 01: +0,1665964800
0.419,22,Oct 18 2022 01: +0,1666051200
0.414,7,Oct 19 2022 01: +0,1666137600
0.43,16,Oct 20 2022 01: +0,1666224000
0.374,18,Oct 21 2022 01: +0,1666310400
0.767,16,Oct 22 2022 01: +0,1666396800
0.395,25,Oct 23 2022 01: +0,1666483200
0.372,14,Oct 24 2022 01: +0,1666569600
0.387,26,Oct 25 2022 01: +0,1666656000
0.383,9,Oct 26 2022 01: +0,1666742400
0.386,11,Oct 27 2022 01: +0,1666828800
0.353,10,Oct 28 2022 01: +0,1666915200
0.342,24,Oct 29 2022 01: +0,1667001600
0.327,17,Oct 30 2022 01: +0,1667088000
0.317,26,Oct 31 2022 01: +0,1667178000
0.321,13,Nov 01 2022 01: +0,1667264400
0.359,19,Nov 02 2022 01: +0,1667350800
0.351,22,Nov 03 2022 01: +0,1667437200
0.362,20,Nov 04 2022 01: +0,1667523600
0.363,19,Nov 05 2022 01: +0,1667610000
0.358,28,Nov 06 2022 01: +0,1667696400
0.366,19,Nov 07 2022 01: +0,1667782800
0.378,26,Nov 08 2022 01: +0,1667869200
0.396,14,Nov 09 2022 01: +0,1667955600
0.381,34,Nov 10 2022 01: +0,1668042000
0.384,31,Nov 11 2022 01: +0,1668128400
0.394,13,Nov 12 2022 01: +0,1668214800
0.384,19,Nov 13 2022 01: +0,1668301200
0.392,15,Nov 14 2022 01: +0,1668387600
0.391,21,Nov 15 2022 01: +0,1668474000
0.364,17,Nov 16 2022 01: +0,1668560400
0.385,15,Nov 17 2022 01: +0,1668646800
0.376,24,Nov 18 2022 01: +0,1668733200
0.371,14,Nov 19 2022 01: +0,1668819600
0.376,14,Nov 20 2022 01: +0,1668906000
0.37,18,Nov 21 2022 01: +0,1668992400
0.37,16,Nov 22 2022 01: +0,1669078800
0.318,30,Nov 23 2022 01: +0,1669165200
0.301,29,Nov 24 2022 01: +0,1669251600
0.299,34,Nov 25 2022 01: +0,1669338000
0.287,23,Nov 26 2022 01: +0,1669424400
0.305,23,Nov 27 2022 01: +0,1669510800
0.273,24,Nov 28 2022 01: +0,1669597200
0.302,32,Nov 29 2022 01: +0,1669683600
0.306,22,Nov 30 2022 01: +0,1669770000
0.315,15,Dec 01 2022 01: +0,1669856400
0.312,29,Dec 02 2022 01: +0,1669942800
0.314,26,Dec 03 2022 01: +0,1670029200
0.311,35,Dec 04 2022 01: +0,1670115600
0.318,42,Dec 05 2022 01: +0,1670202000
0.353,39,Dec 06 2022 01: +0,1670288400
0.362,26,Dec 07 2022 01: +0,1670374800
0.392,19,Dec 08 2022 01: +0,1670461200
0.405,24,Dec 09 2022 01: +0,1670547600
0.418,18,Dec 10 2022 01: +0,1670634000
0.37,28,Dec 11 2022 01: +0,1670720400
0.395,27,Dec 12 2022 01: +0,1670806800
0.4,19,Dec 13 2022 01: +0,1670893200
0.362,17,Dec 14 2022 01: +0,1670979600
0.367,17,Dec 15 2022 01: +0,1671066000
0.369,23,Dec 16 2022 01: +0,1671152400
0.365,22,Dec 17 2022 01: +0,1671238800
0.345,28,Dec 18 2022 01: +0,1671325200
0.354,24,Dec 19 2022 01: +0,1671411600
0.349,18,Dec 20 2022 01: +0,1671498000
0.345,21,Dec 21 2022 01: +0,1671584400
0.344,18,Dec 22 2022 01: +0,1671670800
0.328,34,Dec 23 2022 01: +0,1671757200
0.317,37,Dec 24 2022 01: +0,1671843600
0.314,32,Dec 25 2022 01: +0,1671930000
0.317,26,Dec 26 2022 01: +0,1672016400
0.331,29,Dec 27 2022 01: +0,1672102800
0.322,32,Dec 28 2022 01: +0,1672189200
0.311,22,Dec 29 2022 01: +0,1672275600
0.313,21,Dec 30 2022 01: +0,1672362000
0.294,23,Dec 31 2022 01: +0,1672448400
0.284,28,Jan 01 2023 01: +0,1672534800
0.279,22,Jan 02 2023 01: +0,1672621200
0.29,24,Jan 03 2023 01: +0,1672707600
0.29,24,Jan 04 2023 01: +0,1672794000
0.302,27,Jan 05 2023 01: +0,1672880400
0.281,21,Jan 06 2023 01: +0,1672966800
0.274,34,Jan 07 2023 01: +0,1673053200
0.284,26,Jan 08 2023 01: +0,1673139600
0.293,23,Jan 09 2023 01: +0,1673226000
0.289,35,Jan 10 2023 01: +0,1673312400
0.296,44,Jan 11 2023 01: +0,1673398800
0.313,28,Jan 12 2023 01: +0,1673485200
0.312,28,Jan 13 2023 01: +0,1673571600
0.322,24,Jan 14 2023 01: +0,1673658000
0.32,38,Jan 15 2023 01: +0,1673744400
0.323,37,Jan 16 2023 01: +0,1673830800
0.331,23,Jan 17 2023 01: +0,1673917200
0.314,28,Jan 18 2023 01: +0,1674003600
0.349,28,Jan 19 2023 01: +0,1674090000
0.337,22,Jan 20 2023 01: +0,1674176400
0.345,24,Jan 21 2023 01: +0,1674262800
0.346,15,Jan 22 2023 01: +0,1674349200
0.334,30,Jan 23 2023 01: +0,1674435600
0.354,43,Jan 24 2023 01: +0,1674522000
0.35,38,Jan 25 2023 01: +0,1674608400
0.347,38,Jan 26 2023 01: +0,1674694800
0.344,35,Jan 27 2023 01: +0,1674781200
0.345,27,Jan 28 2023 01: +0,1674867600
0.349,24,Jan 29 2023 01: +0,1674954000
0.339,21,Jan 30 2023 01: +0,1675040400
0.341,37,Jan 31 2023 01: +0,1675126800
0.345,35,Feb 01 2023 01: +0,1675213200
0.348,23,Feb 02 2023 01: +0,1675299600
0.355,19,Feb 03 2023 01: +0,1675386000
0.359,31,Feb 04 2023 01: +0,1675472400
0.354,23,Feb 05 2023 01: +0,1675558800
0.345,23,Feb 06 2023 01: +0,1675645200
0.35,32,Feb 07 2023 01: +0,1675731600
0.35,26,Feb 08 2023 01: +0,1675818000
0.332,30,Feb 09 2023 01: +0,1675904400
0.34,50,Feb 10 2023 01: +0,1675990800
0.35,40,Feb 11 2023 01: +0,1676077200
0.364,34,Feb 12 2023 01: +0,1676163600
0.363,29,Feb 13 2023 01: +0,1676250000
0.376,33,Feb 14 2023 01: +0,1676336400
0.375,2,Feb 14 2023 22: +0,1676412000
0.379,2,Feb 14 2023 23: +0,1676415600
0.417,20,Feb 15 2023 00: +0,1676419200
0.347,1,Feb 15 2023 05: +0,1676437200
0.356,3,Feb 15 2023 09: +0,1676451600
0.388,1,Feb 15 2023 10: +0,1676455200
0.428,1,Feb 15 2023 13: +0,1676466000
0.361,2,Feb 15 2023 14: +0,1676469600
0.338,1,Feb 15 2023 15: +0,1676473200
0.395,2,Feb 15 2023 16: +0,1676476800
0.336,2,Feb 15 2023 17: +0,1676480400
0.378,3,Feb 15 2023 18: +0,1676484000
0.405,3,Feb 15 2023 19: +0,1676487600
0.383,5,Feb 15 2023 20: +0,1676491200
0.371,3,Feb 15 2023 21: +0,1676494800
0.362,5,Feb 15 2023 22: +0,1676498400
0.367,1,Feb 15 2023 23: +0,1676502000
0.359,4,Feb 16 2023 00: +0,1676505600
0.331,1,Feb 16 2023 01: +0,1676509200
0.333,1,Feb 16 2023 04: +0,1676520000
0.333,1,Feb 16 2023 05: +0,1676523600
0.392,2,Feb 16 2023 06: +0,1676527200
0.367,1,Feb 16 2023 08: +0,1676534400
0.352,1,Feb 16 2023 09: +0,1676538000
0.383,2,Feb 16 2023 10: +0,1676541600
0.222,1,Feb 16 2023 11: +0,1676545200
0.333,1,Feb 16 2023 12: +0,1676548800
0.331,2,Feb 16 2023 13: +0,1676552400
0.397,2,Feb 16 2023 14: +0,1676556000
0.343,4,Feb 16 2023 15: +0,1676559600
0.38,6,Feb 16 2023 16: +0,1676563200
0.364,2,Feb 16 2023 17: +0,1676566800
0.347,3,Feb 16 2023 18: +0,1676570400
0.375,2,Feb 16 2023 19: +0,1676574000
0.373,1,Feb 16 2023 20: +0,1676577600
0.364,3,Feb 16 2023 21: +0,1676581200
0.407,3,Feb 16 2023 22: +0,1676584800
0.39,1,Feb 17 2023 07: +0,1676617200
0.395,1,Feb 17 2023 08: +0,1676620800
0.395,3,Feb 17 2023 09: +0,1676624400
0.346,2,Feb 17 2023 11: +0,1676631600
0.397,12,Feb 17 2023 12: +0,1676635200
0.387,1,Feb 17 2023 13: +0,1676638800
0.358,1,Feb 17 2023 14: +0,1676642400
0.371,3,Feb 17 2023 16: +0,1676649600
0.36,2,Feb 17 2023 17: +0,1676653200
0.351,2,Feb 17 2023 18: +0,1676656800
0.37,2,Feb 17 2023 19: +0,1676660400
0.346,6,Feb 17 2023 20: +0,1676664000
0.376,7,Feb 17 2023 21: +0,1676667600
0.314,3,Feb 17 2023 22: +0,1676671200
0.333,1,Feb 17 2023 23: +0,1676674800
0.371,2,Feb 18 2023 00: +0,1676678400
0.366,1,Feb 18 2023 01: +0,1676682000
0.306,1,Feb 18 2023 03: +0,1676689200
0.352,2,Feb 18 2023 04: +0,1676692800
0.358,1,Feb 18 2023 05: +0,1676696400
0.364,4,Feb 18 2023 09: +0,1676710800
0.378,3,Feb 18 2023 10: +0,1676714400
0.409,3,Feb 18 2023 11: +0,1676718000
0.405,1,Feb 18 2023 12: +0,1676721600
0.343,2,Feb 18 2023 13: +0,1676725200
0.38,4,Feb 18 2023 14: +0,1676728800
0.347,1,Feb 18 2023 15: +0,1676732400
0.37,3,Feb 18 2023 16: +0,1676736000
0.398,4,Feb 18 2023 17: +0,1676739600
0.409,1,Feb 18 2023 18: +0,1676743200
0.415,1,Feb 18 2023 19: +0,1676746800
0.37,1,Feb 18 2023 20: +0,1676750400
0.416,9,Feb 18 2023 21: +0,1676754000
0.376,2,Feb 18 2023 22: +0,1676757600
0.431,3,Feb 19 2023 00: +0,1676764800
0.627,1,Feb 19 2023 04: +0,1676779200
0.395,1,Feb 19 2023 06: +0,1676786400
0.371,1,Feb 19 2023 12: +0,1676808000
0.314,3,Feb 19 2023 13: +0,1676811600
0.364,4,Feb 19 2023 14: +0,1676815200
0.38,1,Feb 19 2023 15: +0,1676818800
0.369,5,Feb 19 2023 16: +0,1676822400
0.428,1,Feb 19 2023 17: +0,1676826000
0.373,1,Feb 19 2023 18: +0,1676829600
0.364,3,Feb 19 2023 19: +0,1676833200
0.422,11,Feb 19 2023 20: +0,1676836800
0.364,2,Feb 19 2023 22: +0,1676844000
0.36,1,Feb 20 2023 00: +0,1676851200
0.389,1,Feb 20 2023 08: +0,1676880000
0.395,1,Feb 20 2023 09: +0,1676883600
0.427,2,Feb 20 2023 10: +0,1676887200
0.427,2,Feb 20 2023 13: +0,1676898000
0.374,2,Feb 20 2023 14: +0,1676901600
0.356,1,Feb 20 2023 15: +0,1676905200
0.428,1,Feb 20 2023 16: +0,1676908800
0.352,1,Feb 20 2023 17: +0,1676912400
0.425,1,Feb 20 2023 18: +0,1676916000
0.367,2,Feb 20 2023 19: +0,1676919600
0.371,3,Feb 20 2023 20: +0,1676923200
0.392,2,Feb 20 2023 21: +0,1676926800
0.407,1,Feb 20 2023 23: +0,1676934000
0.39,2,Feb 21 2023 06: +0,1676959200
0.42,2,Feb 21 2023 07: +0,1676962800
0.428,1,Feb 21 2023 08: +0,1676966400
0.414,6,Feb 21 2023 11: +0,1676977200
0.431,4,Feb 21 2023 12: +0,1676980800
0.31,2,Feb 21 2023 13: +0,1676984400
0.356,2,Feb 21 2023 14: +0,1676988000
0.394,2,Feb 21 2023 15: +0,1676991600
0.36,3,Feb 21 2023 17: +0,1676998800
0.356,3,Feb 21 2023 18: +0,1677002400
0.333,1,Feb 21 2023 19: +0,1677006000
0.357,2,Feb 21 2023 20: +0,1677009600
0.354,3,Feb 21 2023 21: +0,1677013200
0.361,3,Feb 21 2023 22: +0,1677016800
0.375,2,Feb 21 2023 23: +0,1677020400
0.375,2,Feb 22 2023 07: +0,1677049200
0.401,1,Feb 22 2023 10: +0,1677060000
0.383,1,Feb 22 2023 13: +0,1677070800
0.378,3,Feb 22 2023 14: +0,1677074400
0.402,1,Feb 22 2023 15: +0,1677078000
0.403,3,Feb 22 2023 16: +0,1677081600
0.356,1,Feb 22 2023 17: +0,1677085200
0.405,2,Feb 22 2023 18: +0,1677088800
0.401,1,Feb 22 2023 19: +0,1677092400
0.356,1,Feb 22 2023 20: +0,1677096000
0.339,3,Feb 22 2023 21: +0,1677099600
0.359,1,Feb 22 2023 22: +0,1677103200
0.353,3,Feb 23 2023 03: +0,1677121200
0.397,3,Feb 23 2023 04: +0,1677124800
0.339,3,Feb 23 2023 06: +0,1677132000
0.417,1,Feb 23 2023 08: +0,1677139200
0.395,2,Feb 23 2023 09: +0,1677142800
0.405,1,Feb 23 2023 10: +0,1677146400
0.405,1,Feb 23 2023 11: +0,1677150000
0.356,3,Feb 23 2023 12: +0,1677153600
0.356,5,Feb 23 2023 14: +0,1677160800
0.385,2,Feb 23 2023 15: +0,1677164400
0.405,12,Feb 23 2023 16: +0,1677168000
0.335,1,Feb 23 2023 17: +0,1677171600
0.362,3,Feb 23 2023 18: +0,1677175200
0.339,3,Feb 23 2023 20: +0,1677182400
0.38,5,Feb 23 2023 21: +0,1677186000
0.38,2,Feb 23 2023 23: +0,1677193200
0.265,1,Feb 24 2023 01: +0,1677200400
0.371,1,Feb 24 2023 04: +0,1677211200
0.399,1,Feb 24 2023 06: +0,1677218400
0.404,1,Feb 24 2023 08: +0,1677225600
0.359,1,Feb 24 2023 10: +0,1677232800
0.377,3,Feb 24 2023 11: +0,1677236400
0.382,1,Feb 24 2023 12: +0,1677240000
0.403,1,Feb 24 2023 13: +0,1677243600
0.377,2,Feb 24 2023 14: +0,1677247200
0.372,2,Feb 24 2023 15: +0,1677250800
0.38,2,Feb 24 2023 16: +0,1677254400
0.351,2,Feb 24 2023 17: +0,1677258000
0.466,1,Feb 24 2023 18: +0,1677261600
0.388,2,Feb 24 2023 19: +0,1677265200
0.39,2,Feb 24 2023 20: +0,1677268800
0.382,1,Feb 24 2023 22: +0,1677276000
0.366,1,Feb 24 2023 23: +0,1677279600
0.366,1,Feb 25 2023 02: +0,1677290400
0.386,2,Feb 25 2023 08: +0,1677312000
0.39,1,Feb 25 2023 10: +0,1677319200
0.401,1,Feb 25 2023 11: +0,1677322800
0.366,1,Feb 25 2023 12: +0,1677326400
0.353,4,Feb 25 2023 13: +0,1677330000
0.408,2,Feb 25 2023 14: +0,1677333600
0.38,3,Feb 25 2023 15: +0,1677337200
0.374,4,Feb 25 2023 18: +0,1677348000
0.36,4,Feb 25 2023 20: +0,1677355200
0.782,2,Feb 25 2023 22: +0,1677362400
0.359,1,Feb 25 2023 23: +0,1677366000
0.361,1,Feb 26 2023 02: +0,1677376800
0.359,1,Feb 26 2023 06: +0,1677391200
0.386,2,Feb 26 2023 07: +0,1677394800
0.365,3,Feb 26 2023 11: +0,1677409200
0.373,2,Feb 26 2023 12: +0,1677412800
0.373,2,Feb 26 2023 14: +0,1677420000
0.389,4,Feb 26 2023 15: +0,1677423600
0.329,2,Feb 26 2023 16: +0,1677427200
0.38,3,Feb 26 2023 17: +0,1677430800
0.357,4,Feb 26 2023 18: +0,1677434400
0.356,1,Feb 26 2023 19: +0,1677438000
0.325,1,Feb 26 2023 20: +0,1677441600
0.367,2,Feb 26 2023 21: +0,1677445200
0.344,2,Feb 26 2023 22: +0,1677448800
0.358,1,Feb 27 2023 01: +0,1677459600
0.374,1,Feb 27 2023 02: +0,1677463200
0.332,1,Feb 27 2023 04: +0,1677470400
0.332,1,Feb 27 2023 08: +0,1677484800
0.326,1,Feb 27 2023 11: +0,1677495600
0.391,1,Feb 27 2023 12: +0,1677499200
0.391,4,Feb 27 2023 13: +0,1677502800
0.399,1,Feb 27 2023 14: +0,1677506400
0.397,1,Feb 27 2023 15: +0,1677510000
0.4,2,Feb 27 2023 16: +0,1677513600
0.384,2,Feb 27 2023 17: +0,1677517200
0.34,3,Feb 27 2023 18: +0,1677520800
0.394,1,Feb 27 2023 19: +0,1677524400
0.401,1,Feb 27 2023 20: +0,1677528000
0.375,1,Feb 27 2023 21: +0,1677531600
0.33,1,Feb 27 2023 22: +0,1677535200
0.341,2,Feb 27 2023 23: +0,1677538800
0.376,1,Feb 28 2023 00: +0,1677542400
0.36,2,Feb 28 2023 02: +0,1677549600
0.393,1,Feb 28 2023 03: +0,1677553200
0.363,2,Feb 28 2023 04: +0,1677556800
0.331,1,Feb 28 2023 06: +0,1677564000
0.368,2,Feb 28 2023 07: +0,1677567600
0.38,2,Feb 28 2023 08: +0,1677571200
0.397,2,Feb 28 2023 10: +0,1677578400
0.376,2,Feb 28 2023 13: +0,1677589200
0.399,1,Feb 28 2023 14: +0,1677592800
0.399,1,Feb 28 2023 15: +0,1677596400
0.4,4,Feb 28 2023 16: +0,1677600000
0.377,1,Feb 28 2023 17: +0,1677603600
0.347,3,Feb 28 2023 18: +0,1677607200
0.347,1,Feb 28 2023 19: +0,1677610800
0.366,2,Feb 28 2023 20: +0,1677614400
0.38,1,Mar 01 2023 00: +0,1677628800
0.369,1,Mar 01 2023 01: +0,1677632400
0.22,1,Mar 01 2023 05: +0,1677646800
0.354,1,Mar 01 2023 07: +0,1677654000
0.343,1,Mar 01 2023 08: +0,1677657600
0.314,3,Mar 01 2023 11: +0,1677668400
0.381,1,Mar 01 2023 12: +0,1677672000
0.39,1,Mar 01 2023 13: +0,1677675600
0.331,4,Mar 01 2023 14: +0,1677679200
0.378,3,Mar 01 2023 15: +0,1677682800
0.356,3,Mar 01 2023 16: +0,1677686400
0.38,3,Mar 01 2023 17: +0,1677690000
0.32,1,Mar 01 2023 18: +0,1677693600
0.353,2,Mar 01 2023 19: +0,1677697200
0.379,3,Mar 01 2023 22: +0,1677708000
0.37,1,Mar 01 2023 23: +0,1677711600
0.335,1,Mar 02 2023 00: +0,1677715200
0.39,2,Mar 02 2023 10: +0,1677751200
0.227,1,Mar 02 2023 11: +0,1677754800
0.359,3,Mar 02 2023 14: +0,1677765600
0.372,2,Mar 02 2023 15: +0,1677769200
0.329,1,Mar 02 2023 16: +0,1677772800
0.373,2,Mar 02 2023 17: +0,1677776400
0.371,1,Mar 02 2023 18: +0,1677780000
0.318,1,Mar 02 2023 20: +0,1677787200
0.328,1,Mar 02 2023 22: +0,1677794400
0.393,1,Mar 03 2023 01: +0,1677805200
0.343,1,Mar 03 2023 02: +0,1677808800
0.395,4,Mar 03 2023 06: +0,1677823200
0.4,2,Mar 03 2023 08: +0,1677830400
0.373,1,Mar 03 2023 10: +0,1677837600
0.393,1,Mar 03 2023 11: +0,1677841200
0.393,1,Mar 03 2023 13: +0,1677848400
0.35,2,Mar 03 2023 14: +0,1677852000
0.394,1,Mar 03 2023 15: +0,1677855600
0.371,2,Mar 03 2023 16: +0,1677859200
0.388,2,Mar 03 2023 18: +0,1677866400
0.402,1,Mar 03 2023 19: +0,1677870000
0.359,4,Mar 03 2023 20: +0,1677873600
0.384,1,Mar 03 2023 21: +0,1677877200
0.388,2,Mar 03 2023 22: +0,1677880800
0.4,3,Mar 03 2023 23: +0,1677884400
0.407,2,Mar 04 2023 00: +0,1677888000
0.383,1,Mar 04 2023 03: +0,1677898800
0.399,1,Mar 04 2023 06: +0,1677909600
0.409,1,Mar 04 2023 07: +0,1677913200
0.393,2,Mar 04 2023 09: +0,1677920400
0.328,2,Mar 04 2023 10: +0,1677924000
0.345,1,Mar 04 2023 11: +0,1677927600
0.404,3,Mar 04 2023 12: +0,1677931200
0.387,3,Mar 04 2023 13: +0,1677934800
0.409,2,Mar 04 2023 14: +0,1677938400
0.426,3,Mar 04 2023 15: +0,1677942000
0.416,3,Mar 04 2023 16: +0,1677945600
0.378,1,Mar 04 2023 17: +0,1677949200
0.377,3,Mar 04 2023 18: +0,1677952800
0.415,3,Mar 04 2023 19: +0,1677956400
0.377,5,Mar 04 2023 20: +0,1677960000
0.399,6,Mar 04 2023 21: +0,1677963600
0.438,10,Mar 04 2023 22: +0,1677967200
0.471,1,Mar 05 2023 03: +0,1677985200
0.371,1,Mar 05 2023 05: +0,1677992400
0.387,2,Mar 05 2023 09: +0,1678006800
0.39,4,Mar 05 2023 11: +0,1678014000
0.392,2,Mar 05 2023 12: +0,1678017600
0.393,4,Mar 05 2023 13: +0,1678021200
0.39,2,Mar 05 2023 14: +0,1678024800
0.394,2,Mar 05 2023 15: +0,1678028400
0.403,2,Mar 05 2023 16: +0,1678032000
0.407,2,Mar 05 2023 18: +0,1678039200
0.409,1,Mar 05 2023 19: +0,1678042800
0.462,2,Mar 05 2023 21: +0,1678050000
0.457,3,Mar 05 2023 22: +0,1678053600
0.328,1,Mar 05 2023 23: +0,1678057200
0.376,1,Mar 06 2023 01: +0,1678064400
0.377,1,Mar 06 2023 03: +0,1678071600
0.394,2,Mar 06 2023 05: +0,1678078800
0.449,1,Mar 06 2023 09: +0,1678093200
0.393,1,Mar 06 2023 10: +0,1678096800
0.336,1,Mar 06 2023 11: +0,1678100400
0.391,2,Mar 06 2023 13: +0,1678107600
0.35,5,Mar 06 2023 14: +0,1678111200
0.386,4,Mar 06 2023 15: +0,1678114800
0.401,1,Mar 06 2023 16: +0,1678118400
0.399,1,Mar 06 2023 17: +0,1678122000
0.377,2,Mar 06 2023 18: +0,1678125600
0.4,2,Mar 06 2023 19: +0,1678129200
0.376,2,Mar 06 2023 22: +0,1678140000
0.405,8,Mar 06 2023 23: +0,1678143600
0.377,1,Mar 07 2023 08: +0,1678176000
0.346,2,Mar 07 2023 09: +0,1678179600
0.394,1,Mar 07 2023 11: +0,1678186800
0.404,3,Mar 07 2023 12: +0,1678190400
0.411,1,Mar 07 2023 13: +0,1678194000
0.366,2,Mar 07 2023 14: +0,1678197600
0.335,3,Mar 07 2023 15: +0,1678201200
0.338,3,Mar 07 2023 17: +0,1678208400
0.358,1,Mar 07 2023 18: +0,1678212000
0.382,6,Mar 07 2023 19: +0,1678215600
0.388,4,Mar 07 2023 20: +0,1678219200
0.391,2,Mar 07 2023 22: +0,1678226400
0.399,1,Mar 07 2023 23: +0,1678230000
0.41,1,Mar 08 2023 02: +0,1678240800
0.379,2,Mar 08 2023 03: +0,1678244400
0.403,2,Mar 08 2023 11: +0,1678273200
0.404,2,Mar 08 2023 12: +0,1678276800
0.406,2,Mar 08 2023 13: +0,1678280400
0.379,1,Mar 08 2023 14: +0,1678284000
0.349,2,Mar 08 2023 15: +0,1678287600
0.379,3,Mar 08 2023 16: +0,1678291200
0.395,5,Mar 08 2023 17: +0,1678294800
0.348,2,Mar 08 2023 18: +0,1678298400
0.38,1,Mar 08 2023 19: +0,1678302000
0.414,15,Mar 08 2023 20: +0,1678305600
0.403,1,Mar 08 2023 21: +0,1678309200
0.41,1,Mar 08 2023 22: +0,1678312800
0.4,1,Mar 08 2023 23: +0,1678316400
0.414,1,Mar 09 2023 06: +0,1678341600
0.407,2,Mar 09 2023 07: +0,1678345200
0.45,2,Mar 09 2023 08: +0,1678348800
0.41,1,Mar 09 2023 09: +0,1678352400
0.406,2,Mar 09 2023 10: +0,1678356000
0.421,2,Mar 09 2023 11: +0,1678359600
0.414,4,Mar 09 2023 12: +0,1678363200
0.378,1,Mar 09 2023 13: +0,1678366800
0.414,3,Mar 09 2023 14: +0,1678370400
0.415,4,Mar 09 2023 15: +0,1678374000
0.403,2,Mar 09 2023 16: +0,1678377600
0.445,1,Mar 09 2023 17: +0,1678381200
0.443,3,Mar 09 2023 18: +0,1678384800
0.445,1,Mar 09 2023 19: +0,1678388400
0.347,2,Mar 09 2023 20: +0,1678392000
0.428,1,Mar 09 2023 21: +0,1678395600
0.43,2,Mar 09 2023 22: +0,1678399200
0.392,1,Mar 09 2023 23: +0,1678402800
0.449,4,Mar 10 2023 00: +0,1678406400
0.427,1,Mar 10 2023 05: +0,1678424400
0.376,1,Mar 10 2023 12: +0,1678449600
0.403,2,Mar 10 2023 13: +0,1678453200
0.425,2,Mar 10 2023 14: +0,1678456800
0.437,3,Mar 10 2023 16: +0,1678464000
0.433,6,Mar 10 2023 17: +0,1678467600
0.426,4,Mar 10 2023 19: +0,1678474800
0.414,2,Mar 10 2023 20: +0,1678478400
0.431,2,Mar 10 2023 21: +0,1678482000
0.442,4,Mar 10 2023 23: +0,1678489200
0.444,1,Mar 11 2023 02: +0,1678500000
0.39,1,Mar 11 2023 10: +0,1678528800
0.392,2,Mar 11 2023 11: +0,1678532400
0.389,4,Mar 11 2023 12: +0,1678536000
0.412,1,Mar 11 2023 13: +0,1678539600
0.412,3,Mar 11 2023 14: +0,1678543200
0.446,3,Mar 11 2023 15: +0,1678546800
0.389,2,Mar 11 2023 16: +0,1678550400
0.434,3,Mar 11 2023 19: +0,1678561200
0.379,7,Mar 11 2023 20: +0,1678564800
0.419,2,Mar 11 2023 21: +0,1678568400
0.379,2,Mar 11 2023 22: +0,1678572000
0.298,1,Mar 11 2023 23: +0,1678575600
0.427,1,Mar 12 2023 02: +0,1678586400
0.433,1,Mar 12 2023 03: +0,1678590000
0.434,2,Mar 12 2023 09: +0,1678611600
0.437,3,Mar 12 2023 10: +0,1678615200
0.358,1,Mar 12 2023 11: +0,1678618800
0.359,1,Mar 12 2023 13: +0,1678626000
0.384,3,Mar 12 2023 14: +0,1678629600
0.39,3,Mar 12 2023 16: +0,1678636800
0.379,3,Mar 12 2023 17: +0,1678640400
0.41,3,Mar 12 2023 18: +0,1678644000
0.399,2,Mar 12 2023 19: +0,1678647600
0.399,3,Mar 12 2023 20: +0,1678651200
0.39,2,Mar 12 2023 21: +0,1678654800
0.358,2,Mar 12 2023 22: +0,1678658400
0.374,1,Mar 13 2023 03: +0,1678676400
0.365,1,Mar 13 2023 04: +0,1678680000
0.418,4,Mar 13 2023 06: +0,1678687200
0.452,1,Mar 13 2023 09: +0,1678698000
0.432,3,Mar 13 2023 11: +0,1678705200
0.308,2,Mar 13 2023 12: +0,1678708800
0.436,1,Mar 13 2023 13: +0,1678712400
0.36,2,Mar 13 2023 14: +0,1678716000
0.39,1,Mar 13 2023 15: +0,1678719600
0.384,2,Mar 13 2023 16: +0,1678723200
0.372,2,Mar 13 2023 17: +0,1678726800
0.336,2,Mar 13 2023 18: +0,1678730400
0.416,1,Mar 13 2023 19: +0,1678734000
0.435,1,Mar 13 2023 20: +0,1678737600
0.374,2,Mar 13 2023 21: +0,1678741200
0.407,1,Mar 13 2023 22: +0,1678744800
0.361,1,Mar 14 2023 00: +0,1678752000
0.366,1,Mar 14 2023 04: +0,1678766400
0.371,3,Mar 14 2023 06: +0,1678773600
0.376,1,Mar 14 2023 09: +0,1678784400
0.409,3,Mar 14 2023 11: +0,1678791600
0.374,1,Mar 14 2023 12: +0,1678795200
0.351,2,Mar 14 2023 15: +0,1678806000
0.426,1,Mar 14 2023 16: +0,1678809600
0.437,1,Mar 14 2023 17: +0,1678813200
0.429,1,Mar 14 2023 18: +0,1678816800
0.396,1,Mar 14 2023 20: +0,1678824000
0.343,4,Mar 14 2023 21: +0,1678827600
0.364,1,Mar 14 2023 22: +0,1678831200
0.41,3,Mar 14 2023 23: +0,1678834800
0.383,1,Mar 15 2023 02: +0,1678845600
0.355,1,Mar 15 2023 06: +0,1678860000
0.368,1,Mar 15 2023 10: +0,1678874400
0.283,1,Mar 15 2023 12: +0,1678881600
0.331,1,Mar 15 2023 14: +0,1678888800
0.364,3,Mar 15 2023 15: +0,1678892400
0.398,2,Mar 15 2023 18: +0,1678903200
0.387,2,Mar 15 2023 19: +0,1678906800
0.4,4,Mar 15 2023 20: +0,1678910400
0.357,1,Mar 15 2023 21: +0,1678914000
0.349,1,Mar 15 2023 22: +0,1678917600
0.357,3,Mar 15 2023 23: +0,1678921200
0.349,1,Mar 16 2023 01: +0,1678928400
0.306,1,Mar 16 2023 02: +0,1678932000
0.282,1,Mar 16 2023 05: +0,1678942800
0.357,1,Mar 16 2023 06: +0,1678946400
0.432,1,Mar 16 2023 07: +0,1678950000
0.347,2,Mar 16 2023 08: +0,1678953600
0.393,1,Mar 16 2023 09: +0,1678957200
0.357,1,Mar 16 2023 10: +0,1678960800
0.346,1,Mar 16 2023 11: +0,1678964400
0.371,3,Mar 16 2023 12: +0,1678968000
0.401,1,Mar 16 2023 13: +0,1678971600
0.328,2,Mar 16 2023 14: +0,1678975200
0.4,2,Mar 16 2023 15: +0,1678978800
0.411,1,Mar 16 2023 16: +0,1678982400
0.387,2,Mar 16 2023 17: +0,1678986000
0.359,3,Mar 16 2023 18: +0,1678989600
0.36,1,Mar 16 2023 19: +0,1678993200
0.407,1,Mar 16 2023 20: +0,1678996800
0.41,1,Mar 16 2023 21: +0,1679000400
0.421,1,Mar 16 2023 22: +0,1679004000
0.415,1,Mar 16 2023 23: +0,1679007600
0.363,1,Mar 17 2023 00: +0,1679011200
0.347,1,Mar 17 2023 01: +0,1679014800
0.359,1,Mar 17 2023 08: +0,1679040000
0.3,3,Mar 17 2023 09: +0,1679043600
0.35,2,Mar 17 2023 10: +0,1679047200
0.266,1,Mar 17 2023 11: +0,1679050800
0.268,2,Mar 17 2023 14: +0,1679061600
0.339,2,Mar 17 2023 15: +0,1679065200
0.312,2,Mar 17 2023 16: +0,1679068800
0.333,1,Mar 17 2023 17: +0,1679072400
0.354,3,Mar 17 2023 18: +0,1679076000
0.396,10,Mar 17 2023 19: +0,1679079600
0.318,2,Mar 17 2023 20: +0,1679083200
0.332,1,Mar 17 2023 21: +0,1679086800
0.341,1,Mar 17 2023 22: +0,1679090400
0.37,1,Mar 17 2023 23: +0,1679094000
0.322,1,Mar 18 2023 00: +0,1679097600
0.36,1,Mar 18 2023 06: +0,1679119200
0.32,1,Mar 18 2023 07: +0,1679122800
0.35,3,Mar 18 2023 12: +0,1679140800
0.338,1,Mar 18 2023 13: +0,1679144400
0.352,5,Mar 18 2023 14: +0,1679148000
0.338,3,Mar 18 2023 16: +0,1679155200
0.331,1,Mar 18 2023 17: +0,1679158800
0.315,2,Mar 18 2023 18: +0,1679162400
0.35,4,Mar 18 2023 19: +0,1679166000
0.351,7,Mar 18 2023 20: +0,1679169600
0.332,3,Mar 18 2023 21: +0,1679173200
0.34,2,Mar 18 2023 22: +0,1679176800
0.329,4,Mar 18 2023 23: +0,1679180400
0.318,1,Mar 19 2023 02: +0,1679191200
0.349,2,Mar 19 2023 03: +0,1679194800
0.307,1,Mar 19 2023 05: +0,1679202000
0.351,2,Mar 19 2023 06: +0,1679205600
0.361,1,Mar 19 2023 07: +0,1679209200
0.365,3,Mar 19 2023 08: +0,1679212800
0.364,13,Mar 19 2023 10: +0,1679220000
0.381,4,Mar 19 2023 11: +0,1679223600
0.399,5,Mar 19 2023 12: +0,1679227200
0.399,1,Mar 19 2023 13: +0,1679230800
0.318,1,Mar 19 2023 14: +0,1679234400
0.34,2,Mar 19 2023 16: +0,1679241600
0.247,2,Mar 19 2023 17: +0,1679245200
0.253,1,Mar 19 2023 19: +0,1679252400
0.316,2,Mar 19 2023 20: +0,1679256000
0.37,2,Mar 19 2023 23: +0,1679266800
0.37,1,Mar 20 2023 00: +0,1679270400
0.376,1,Mar 20 2023 02: +0,1679277600
0.321,1,Mar 20 2023 05: +0,1679288400
0.347,1,Mar 20 2023 06: +0,1679292000
0.365,1,Mar 20 2023 07: +0,1679295600
0.318,1,Mar 20 2023 09: +0,1679302800
0.238,1,Mar 20 2023 11: +0,1679310000
0.339,1,Mar 20 2023 12: +0,1679313600
0.297,1,Mar 20 2023 13: +0,1679317200
0.318,1,Mar 20 2023 14: +0,1679320800
0.333,2,Mar 20 2023 15: +0,1679324400
0.317,4,Mar 20 2023 17: +0,1679331600
0.336,2,Mar 20 2023 18: +0,1679335200
0.355,3,Mar 20 2023 19: +0,1679338800
0.351,3,Mar 20 2023 20: +0,1679342400
0.361,1,Mar 20 2023 21: +0,1679346000
0.337,2,Mar 20 2023 22: +0,1679349600
0.319,1,Mar 20 2023 23: +0,1679353200
0.33,1,Mar 21 2023 00: +0,1679356800
0.377,1,Mar 21 2023 02: +0,1679364000
0.367,1,Mar 21 2023 03: +0,1679367600
0.362,1,Mar 21 2023 04: +0,1679371200
0.246,1,Mar 21 2023 06: +0,1679378400
0.33,1,Mar 21 2023 07: +0,1679382000
0.363,1,Mar 21 2023 08: +0,1679385600
0.418,1,Mar 21 2023 09: +0,1679389200
0.311,1,Mar 21 2023 10: +0,1679392800
0.319,1,Mar 21 2023 11: +0,1679396400
0.319,1,Mar 21 2023 12: +0,1679400000
0.303,1,Mar 21 2023 13: +0,1679403600
0.32,4,Mar 21 2023 16: +0,1679414400
0.345,4,Mar 21 2023 17: +0,1679418000
0.367,3,Mar 21 2023 18: +0,1679421600
0.333,2,Mar 21 2023 20: +0,1679428800
0.303,1,Mar 21 2023 21: +0,1679432400
0.313,1,Mar 21 2023 22: +0,1679436000
0.344,1,Mar 21 2023 23: +0,1679439600
0.322,1,Mar 22 2023 00: +0,1679443200
0.325,1,Mar 22 2023 01: +0,1679446800
0.346,1,Mar 22 2023 02: +0,1679450400
0.314,1,Mar 22 2023 04: +0,1679457600
0.331,2,Mar 22 2023 05: +0,1679461200
0.355,2,Mar 22 2023 07: +0,1679468400
0.303,1,Mar 22 2023 08: +0,1679472000
0.352,3,Mar 22 2023 09: +0,1679475600
0.303,1,Mar 22 2023 10: +0,1679479200
0.335,3,Mar 22 2023 11: +0,1679482800
0.346,3,Mar 22 2023 12: +0,1679486400
0.311,2,Mar 22 2023 13: +0,1679490000
0.357,9,Mar 22 2023 14: +0,1679493600
0.355,2,Mar 22 2023 15: +0,1679497200
0.304,2,Mar 22 2023 16: +0,1679500800
0.303,1,Mar 22 2023 17: +0,1679504400
0.308,1,Mar 22 2023 18: +0,1679508000
0.289,2,Mar 22 2023 19: +0,1679511600
0.329,4,Mar 22 2023 20: +0,1679515200
0.329,4,Mar 22 2023 21: +0,1679518800
0.361,12,Mar 22 2023 22: +0,1679522400
0.307,4,Mar 22 2023 23: +0,1679526000
0.31,1,Mar 23 2023 00: +0,1679529600
0.346,1,Mar 23 2023 02: +0,1679536800
0.356,2,Mar 23 2023 05: +0,1679547600
0.311,1,Mar 23 2023 06: +0,1679551200
0.263,2,Mar 23 2023 07: +0,1679554800
0.311,2,Mar 23 2023 08: +0,1679558400
0.371,1,Mar 23 2023 09: +0,1679562000
0.387,2,Mar 23 2023 10: +0,1679565600
0.327,3,Mar 23 2023 12: +0,1679572800
0.319,3,Mar 23 2023 14: +0,1679580000
0.342,1,Mar 23 2023 15: +0,1679583600
0.337,3,Mar 23 2023 16: +0,1679587200
0.343,2,Mar 23 2023 17: +0,1679590800
0.298,4,Mar 23 2023 18: +0,1679594400
0.344,2,Mar 23 2023 19: +0,1679598000
0.367,1,Mar 23 2023 20: +0,1679601600
0.304,1,Mar 23 2023 21: +0,1679605200
0.326,1,Mar 23 2023 23: +0,1679612400
0.311,1,Mar 24 2023 01: +0,1679619600
0.315,2,Mar 24 2023 02: +0,1679623200
0.311,2,Mar 24 2023 04: +0,1679630400
0.325,3,Mar 24 2023 05: +0,1679634000
0.326,1,Mar 24 2023 07: +0,1679641200
0.32,2,Mar 24 2023 08: +0,1679644800
0.358,1,Mar 24 2023 09: +0,1679648400
0.357,1,Mar 24 2023 10: +0,1679652000
0.305,3,Mar 24 2023 11: +0,1679655600
0.322,2,Mar 24 2023 12: +0,1679659200
0.331,2,Mar 24 2023 14: +0,1679666400
0.344,1,Mar 24 2023 15: +0,1679670000
0.35,3,Mar 24 2023 16: +0,1679673600
0.35,3,Mar 24 2023 18: +0,1679680800
0.33,2,Mar 24 2023 19: +0,1679684400
0.211,1,Mar 24 2023 20: +0,1679688000
0.339,2,Mar 24 2023 21: +0,1679691600
0.315,3,Mar 24 2023 22: +0,1679695200
0.358,1,Mar 25 2023 00: +0,1679702400
0.35,2,Mar 25 2023 01: +0,1679706000
0.34,1,Mar 25 2023 02: +0,1679709600
0.348,1,Mar 25 2023 09: +0,1679734800
0.308,3,Mar 25 2023 10: +0,1679738400
0.293,1,Mar 25 2023 11: +0,1679742000
0.342,2,Mar 25 2023 12: +0,1679745600
0.34,1,Mar 25 2023 13: +0,1679749200
0.344,7,Mar 25 2023 14: +0,1679752800
0.355,2,Mar 25 2023 15: +0,1679756400
0.358,1,Mar 25 2023 16: +0,1679760000
0.32,5,Mar 25 2023 17: +0,1679763600
0.318,3,Mar 25 2023 18: +0,1679767200
0.352,12,Mar 25 2023 19: +0,1679770800
0.348,3,Mar 25 2023 20: +0,1679774400
0.358,3,Mar 25 2023 21: +0,1679778000
0.317,1,Mar 25 2023 22: +0,1679781600
0.35,2,Mar 25 2023 23: +0,1679785200
0.316,1,Mar 26 2023 04: +0,1679799600
0.3,1,Mar 26 2023 07: +0,1679810400
0.343,1,Mar 26 2023 08: +0,1679814000
0.341,2,Mar 26 2023 09: +0,1679817600
0.329,1,Mar 26 2023 10: +0,1679821200
0.317,2,Mar 26 2023 11: +0,1679824800
0.318,3,Mar 26 2023 12: +0,1679828400
0.35,4,Mar 26 2023 13: +0,1679832000
0.343,3,Mar 26 2023 14: +0,1679835600
0.351,1,Mar 26 2023 16: +0,1679842800
0.351,3,Mar 26 2023 17: +0,1679846400
0.356,2,Mar 26 2023 18: +0,1679850000
0.318,2,Mar 26 2023 19: +0,1679853600
0.351,3,Mar 26 2023 20: +0,1679857200
0.343,9,Mar 26 2023 21: +0,1679860800
0.333,2,Mar 26 2023 22: +0,1679864400
0.353,2,Mar 27 2023 00: +0,1679871600
0.357,1,Mar 27 2023 02: +0,1679878800
0.337,1,Mar 27 2023 08: +0,1679900400
0.317,2,Mar 27 2023 10: +0,1679907600
0.372,1,Mar 27 2023 11: +0,1679911200
0.349,5,Mar 27 2023 12: +0,1679914800
0.361,1,Mar 27 2023 13: +0,1679918400
0.371,1,Mar 27 2023 14: +0,1679922000
0.364,2,Mar 27 2023 15: +0,1679925600
0.31,1,Mar 27 2023 16: +0,1679929200
0.366,8,Mar 27 2023 17: +0,1679932800
0.341,4,Mar 27 2023 19: +0,1679940000
0.373,4,Mar 27 2023 21: +0,1679947200
0.361,1,Mar 27 2023 23: +0,1679954400
0.368,1,Mar 28 2023 01: +0,1679961600
0.309,1,Mar 28 2023 05: +0,1679976000
0.373,4,Mar 28 2023 07: +0,1679983200
0.309,1,Mar 28 2023 08: +0,1679986800
0.337,2,Mar 28 2023 09: +0,1679990400
0.277,1,Mar 28 2023 10: +0,1679994000
0.314,3,Mar 28 2023 11: +0,1679997600
0.351,8,Mar 28 2023 12: +0,1680001200
0.371,1,Mar 28 2023 13: +0,1680004800
0.375,14,Mar 28 2023 14: +0,1680008400
0.375,5,Mar 28 2023 15: +0,1680012000
0.375,11,Mar 28 2023 16: +0,1680015600
0.34,2,Mar 28 2023 17: +0,1680019200
0.381,3,Mar 28 2023 18: +0,1680022800
0.39,5,Mar 28 2023 19: +0,1680026400
0.356,2,Mar 28 2023 20: +0,1680030000
0.374,3,Mar 28 2023 21: +0,1680033600
0.397,6,Mar 28 2023 22: +0,1680037200
0.409,1,Mar 28 2023 23: +0,1680040800
0.409,1,Mar 29 2023 00: +0,1680044400
0.409,1,Mar 29 2023 01: +0,1680048000
0.42,2,Mar 29 2023 03: +0,1680055200
0.39,2,Mar 29 2023 04: +0,1680058800
0.395,2,Mar 29 2023 07: +0,1680069600
0.421,2,Mar 29 2023 08: +0,1680073200
0.366,1,Mar 29 2023 09: +0,1680076800
0.366,4,Mar 29 2023 11: +0,1680084000
0.399,2,Mar 29 2023 12: +0,1680087600
0.428,3,Mar 29 2023 13: +0,1680091200
0.311,2,Mar 29 2023 14: +0,1680094800
0.308,1,Mar 29 2023 15: +0,1680098400
0.401,3,Mar 29 2023 16: +0,1680102000
0.361,2,Mar 29 2023 17: +0,1680105600
0.44,2,Mar 29 2023 18: +0,1680109200
0.411,3,Mar 29 2023 19: +0,1680112800
0.385,3,Mar 29 2023 20: +0,1680116400
0.428,1,Mar 29 2023 21: +0,1680120000
0.364,1,Mar 29 2023 22: +0,1680123600
0.411,1,Mar 29 2023 23: +0,1680127200
0.419,2,Mar 30 2023 00: +0,1680130800
0.331,1,Mar 30 2023 02: +0,1680138000
0.438,1,Mar 30 2023 04: +0,1680145200
0.38,1,Mar 30 2023 07: +0,1680156000
0.453,1,Mar 30 2023 08: +0,1680159600
0.387,2,Mar 30 2023 09: +0,1680163200
0.371,2,Mar 30 2023 10: +0,1680166800
0.375,2,Mar 30 2023 11: +0,1680170400
0.331,1,Mar 30 2023 12: +0,1680174000
0.392,1,Mar 30 2023 14: +0,1680181200
0.372,1,Mar 30 2023 16: +0,1680188400
0.399,3,Mar 30 2023 17: +0,1680192000
0.434,15,Mar 30 2023 18: +0,1680195600
0.366,1,Mar 30 2023 22: +0,1680210000
0.341,4,Mar 30 2023 23: +0,1680213600
0.378,3,Mar 31 2023 02: +0,1680224400
0.377,1,Mar 31 2023 03: +0,1680228000
0.377,1,Mar 31 2023 05: +0,1680235200
0.381,1,Mar 31 2023 07: +0,1680242400
0.379,1,Mar 31 2023 09: +0,1680249600
0.356,3,Mar 31 2023 10: +0,1680253200
0.365,1,Mar 31 2023 11: +0,1680256800
0.381,5,Mar 31 2023 14: +0,1680267600
0.498,1,Mar 31 2023 15: +0,1680271200
0.274,1,Mar 31 2023 17: +0,1680278400
0.365,1,Mar 31 2023 19: +0,1680285600
0.362,1,Apr 01 2023 00: +0,1680303600
0.372,3,Apr 01 2023 01: +0,1680307200
0.364,5,Apr 01 2023 03: +0,1680314400
0.384,1,Apr 01 2023 04: +0,1680318000
0.381,2,Apr 01 2023 05: +0,1680321600
0.372,1,Apr 01 2023 06: +0,1680325200
0.393,1,Apr 01 2023 09: +0,1680336000
0.364,1,Apr 01 2023 10: +0,1680339600
0.378,3,Apr 01 2023 11: +0,1680343200
0.352,3,Apr 01 2023 13: +0,1680350400
0.335,1,Apr 01 2023 17: +0,1680364800
0.384,2,Apr 01 2023 18: +0,1680368400
0.386,2,Apr 01 2023 19: +0,1680372000
0.386,4,Apr 01 2023 20: +0,1680375600
0.366,4,Apr 01 2023 22: +0,1680382800
0.399,2,Apr 01 2023 23: +0,1680386400
0.396,4,Apr 02 2023 00: +0,1680390000
0.362,2,Apr 02 2023 02: +0,1680397200
0.372,1,Apr 02 2023 04: +0,1680404400
0.38,2,Apr 02 2023 05: +0,1680408000
0.354,1,Apr 02 2023 06: +0,1680411600
0.393,1,Apr 02 2023 07: +0,1680415200
0.376,2,Apr 02 2023 08: +0,1680418800
0.385,1,Apr 02 2023 09: +0,1680422400
0.372,4,Apr 02 2023 10: +0,1680426000
0.39,3,Apr 02 2023 11: +0,1680429600
0.385,3,Apr 02 2023 12: +0,1680433200
0.382,1,Apr 02 2023 16: +0,1680447600
0.279,3,Apr 02 2023 17: +0,1680451200
0.361,2,Apr 02 2023 18: +0,1680454800
0.393,3,Apr 02 2023 19: +0,1680458400
0.465,3,Apr 02 2023 20: +0,1680462000
0.262,1,Apr 02 2023 21: +0,1680465600
0.496,2,Apr 02 2023 22: +0,1680469200
0.275,1,Apr 02 2023 23: +0,1680472800
0.376,1,Apr 03 2023 04: +0,1680490800
0.409,1,Apr 03 2023 07: +0,1680501600
0.362,2,Apr 03 2023 08: +0,1680505200
0.404,3,Apr 03 2023 09: +0,1680508800
0.396,1,Apr 03 2023 10: +0,1680512400
0.411,8,Apr 03 2023 11: +0,1680516000
0.366,2,Apr 03 2023 13: +0,1680523200
0.405,8,Apr 03 2023 14: +0,1680526800
0.553,2,Apr 03 2023 15: +0,1680530400
0.455,1,Apr 03 2023 16: +0,1680534000
0.448,2,Apr 03 2023 17: +0,1680537600
0.466,3,Apr 03 2023 18: +0,1680541200
0.463,2,Apr 03 2023 19: +0,1680544800
0.37,1,Apr 03 2023 20: +0,1680548400
0.44,3,Apr 03 2023 21: +0,1680552000
0.444,1,Apr 03 2023 22: +0,1680555600
0.391,3,Apr 04 2023 00: +0,1680562800
0.444,3,Apr 04 2023 01: +0,1680566400
0.437,2,Apr 04 2023 03: +0,1680573600
0.447,2,Apr 04 2023 06: +0,1680584400
0.428,1,Apr 04 2023 07: +0,1680588000
0.418,2,Apr 04 2023 09: +0,1680595200
0.417,2,Apr 04 2023 10: +0,1680598800
0.449,1,Apr 04 2023 12: +0,1680606000
0.441,1,Apr 04 2023 13: +0,1680609600
0.49,3,Apr 04 2023 17: +0,1680624000
0.466,2,Apr 04 2023 18: +0,1680627600
0.74,1,Apr 04 2023 19: +0,1680631200
0.417,3,Apr 04 2023 20: +0,1680634800
0.445,2,Apr 04 2023 21: +0,1680638400
0.419,2,Apr 04 2023 22: +0,1680642000
0.436,2,Apr 04 2023 23: +0,1680645600
0.439,2,Apr 05 2023 01: +0,1680652800
0.452,2,Apr 05 2023 03: +0,1680660000
0.452,1,Apr 05 2023 04: +0,1680663600
0.402,1,Apr 05 2023 05: +0,1680667200
0.417,1,Apr 05 2023 06: +0,1680670800
0.441,3,Apr 05 2023 07: +0,1680674400
0.452,1,Apr 05 2023 08: +0,1680678000
0.447,2,Apr 05 2023 09: +0,1680681600
0.455,3,Apr 05 2023 10: +0,1680685200
1.097,2,Apr 05 2023 11: +0,1680688800
0.401,3,Apr 05 2023 12: +0,1680692400
0.46,1,Apr 05 2023 13: +0,1680696000
0.461,1,Apr 05 2023 15: +0,1680703200
0.474,3,Apr 05 2023 16: +0,1680706800
0.441,1,Apr 05 2023 17: +0,1680710400
0.474,1,Apr 05 2023 18: +0,1680714000
0.441,1,Apr 05 2023 19: +0,1680717600
0.441,5,Apr 05 2023 20: +0,1680721200
0.5,1,Apr 05 2023 21: +0,1680724800
0.48,2,Apr 05 2023 22: +0,1680728400
0.489,1,Apr 06 2023 01: +0,1680739200
0.458,1,Apr 06 2023 02: +0,1680742800
0.459,2,Apr 06 2023 03: +0,1680746400
0.391,1,Apr 06 2023 05: +0,1680753600
0.487,2,Apr 06 2023 06: +0,1680757200
0.44,2,Apr 06 2023 07: +0,1680760800
0.44,2,Apr 06 2023 08: +0,1680764400
0.485,2,Apr 06 2023 09: +0,1680768000
0.454,1,Apr 06 2023 10: +0,1680771600
0.473,3,Apr 06 2023 11: +0,1680775200
0.493,3,Apr 06 2023 12: +0,1680778800
0.493,1,Apr 06 2023 13: +0,1680782400
0.48,1,Apr 06 2023 14: +0,1680786000
0.394,4,Apr 06 2023 16: +0,1680793200
0.484,3,Apr 06 2023 17: +0,1680796800
0.499,4,Apr 06 2023 18: +0,1680800400
0.475,2,Apr 06 2023 19: +0,1680804000
0.491,4,Apr 06 2023 21: +0,1680811200
0.499,3,Apr 06 2023 22: +0,1680814800
0.418,1,Apr 06 2023 23: +0,1680818400
0.504,2,Apr 07 2023 00: +0,1680822000
0.395,2,Apr 07 2023 01: +0,1680825600
0.593,1,Apr 07 2023 02: +0,1680829200
0.5,4,Apr 07 2023 03: +0,1680832800
0.487,1,Apr 07 2023 05: +0,1680840000
0.403,1,Apr 07 2023 06: +0,1680843600
0.505,1,Apr 07 2023 07: +0,1680847200
0.456,1,Apr 07 2023 08: +0,1680850800
0.486,2,Apr 07 2023 09: +0,1680854400
0.482,2,Apr 07 2023 10: +0,1680858000
0.51,1,Apr 07 2023 11: +0,1680861600
0.504,1,Apr 07 2023 12: +0,1680865200
0.494,2,Apr 07 2023 18: +0,1680886800
0.444,1,Apr 07 2023 19: +0,1680890400
0.513,4,Apr 07 2023 20: +0,1680894000
0.513,2,Apr 07 2023 21: +0,1680897600
0.513,2,Apr 07 2023 22: +0,1680901200
0.514,4,Apr 07 2023 23: +0,1680904800
0.408,1,Apr 08 2023 04: +0,1680922800
0.532,5,Apr 08 2023 06: +0,1680930000
0.524,1,Apr 08 2023 08: +0,1680937200
0.49,1,Apr 08 2023 09: +0,1680940800
0.508,4,Apr 08 2023 10: +0,1680944400
0.529,3,Apr 08 2023 11: +0,1680948000
0.554,1,Apr 08 2023 17: +0,1680969600
0.489,1,Apr 08 2023 18: +0,1680973200
0.524,2,Apr 08 2023 20: +0,1680980400
0.459,2,Apr 08 2023 21: +0,1680984000
0.444,1,Apr 08 2023 22: +0,1680987600
0.548,7,Apr 09 2023 01: +0,1680998400
0.489,2,Apr 09 2023 05: +0,1681012800
0.511,1,Apr 09 2023 06: +0,1681016400
0.54,1,Apr 09 2023 07: +0,1681020000
0.49,1,Apr 09 2023 08: +0,1681023600
0.473,4,Apr 09 2023 09: +0,1681027200
0.538,1,Apr 09 2023 10: +0,1681030800
0.479,2,Apr 09 2023 11: +0,1681034400
0.476,2,Apr 09 2023 13: +0,1681041600
0.432,1,Apr 09 2023 17: +0,1681056000
0.508,1,Apr 09 2023 18: +0,1681059600
0.527,2,Apr 09 2023 19: +0,1681063200
0.515,2,Apr 09 2023 20: +0,1681066800
0.474,3,Apr 09 2023 21: +0,1681070400
0.543,1,Apr 09 2023 22: +0,1681074000
0.484,1,Apr 10 2023 02: +0,1681088400
0.444,1,Apr 10 2023 03: +0,1681092000
0.481,2,Apr 10 2023 07: +0,1681106400
0.473,3,Apr 10 2023 09: +0,1681113600
0.475,3,Apr 10 2023 10: +0,1681117200
0.518,1,Apr 10 2023 11: +0,1681120800
0.501,1,Apr 10 2023 12: +0,1681124400
0.502,1,Apr 10 2023 13: +0,1681128000
0.519,1,Apr 10 2023 15: +0,1681135200
0.519,1,Apr 10 2023 16: +0,1681138800
0.485,5,Apr 10 2023 18: +0,1681146000
0.52,2,Apr 10 2023 19: +0,1681149600
0.479,2,Apr 10 2023 20: +0,1681153200
0.515,1,Apr 10 2023 21: +0,1681156800
0.507,2,Apr 10 2023 22: +0,1681160400
0.488,1,Apr 11 2023 00: +0,1681167600
0.488,1,Apr 11 2023 01: +0,1681171200
0.457,1,Apr 11 2023 02: +0,1681174800
0.465,2,Apr 11 2023 03: +0,1681178400
0.456,1,Apr 11 2023 04: +0,1681182000
0.457,1,Apr 11 2023 06: +0,1681189200
0.429,3,Apr 11 2023 08: +0,1681196400
0.474,6,Apr 11 2023 10: +0,1681203600
0.486,9,Apr 11 2023 11: +0,1681207200
0.515,1,Apr 11 2023 12: +0,1681210800
0.499,1,Apr 11 2023 13: +0,1681214400
0.489,2,Apr 11 2023 16: +0,1681225200
0.461,1,Apr 11 2023 17: +0,1681228800
0.509,1,Apr 11 2023 18: +0,1681232400
0.476,4,Apr 11 2023 19: +0,1681236000
0.462,3,Apr 11 2023 20: +0,1681239600
0.473,1,Apr 11 2023 22: +0,1681246800
0.481,1,Apr 12 2023 00: +0,1681254000
0.457,2,Apr 12 2023 01: +0,1681257600
0.517,1,Apr 12 2023 02: +0,1681261200
0.504,1,Apr 12 2023 03: +0,1681264800
0.476,1,Apr 12 2023 04: +0,1681268400
0.486,2,Apr 12 2023 06: +0,1681275600
0.497,1,Apr 12 2023 07: +0,1681279200
0.481,1,Apr 12 2023 08: +0,1681282800
0.43,1,Apr 12 2023 10: +0,1681290000
0.447,1,Apr 12 2023 11: +0,1681293600
0.425,2,Apr 12 2023 12: +0,1681297200
0.461,1,Apr 12 2023 13: +0,1681300800
0.489,1,Apr 12 2023 16: +0,1681311600
0.473,4,Apr 12 2023 17: +0,1681315200
0.489,5,Apr 12 2023 18: +0,1681318800
0.496,2,Apr 12 2023 19: +0,1681322400
0.459,4,Apr 12 2023 20: +0,1681326000
0.489,1,Apr 12 2023 21: +0,1681329600
0.489,1,Apr 12 2023 22: +0,1681333200
0.502,1,Apr 12 2023 23: +0,1681336800
0.502,1,Apr 13 2023 00: +0,1681340400
0.441,1,Apr 13 2023 05: +0,1681358400
0.429,2,Apr 13 2023 07: +0,1681365600
0.494,7,Apr 13 2023 08: +0,1681369200
0.433,2,Apr 13 2023 09: +0,1681372800
0.388,2,Apr 13 2023 10: +0,1681376400
0.447,2,Apr 13 2023 13: +0,1681387200
0.475,1,Apr 13 2023 16: +0,1681398000
0.441,1,Apr 13 2023 18: +0,1681405200
0.463,1,Apr 13 2023 19: +0,1681408800
0.467,1,Apr 13 2023 20: +0,1681412400
0.441,5,Apr 13 2023 21: +0,1681416000
0.479,2,Apr 13 2023 22: +0,1681419600
0.492,11,Apr 13 2023 23: +0,1681423200
0.452,3,Apr 14 2023 01: +0,1681430400
0.441,1,Apr 14 2023 02: +0,1681434000
0.452,1,Apr 14 2023 03: +0,1681437600
0.457,2,Apr 14 2023 05: +0,1681444800
0.377,1,Apr 14 2023 07: +0,1681452000
0.36,1,Apr 14 2023 08: +0,1681455600
0.492,3,Apr 14 2023 09: +0,1681459200
0.509,1,Apr 14 2023 11: +0,1681466400
0.508,3,Apr 14 2023 12: +0,1681470000
0.512,2,Apr 14 2023 18: +0,1681491600
0.396,1,Apr 14 2023 19: +0,1681495200
0.396,1,Apr 14 2023 20: +0,1681498800
0.511,2,Apr 14 2023 21: +0,1681502400
0.48,1,Apr 14 2023 22: +0,1681506000
0.486,1,Apr 14 2023 23: +0,1681509600
0.444,2,Apr 15 2023 00: +0,1681513200
0.432,1,Apr 15 2023 02: +0,1681520400
0.439,1,Apr 15 2023 04: +0,1681527600
0.452,1,Apr 15 2023 06: +0,1681534800
0.393,1,Apr 15 2023 07: +0,1681538400
0.241,1,Apr 15 2023 08: +0,1681542000
0.455,3,Apr 15 2023 09: +0,1681545600
0.438,3,Apr 15 2023 11: +0,1681552800
0.656,1,Apr 15 2023 13: +0,1681560000
0.438,1,Apr 15 2023 17: +0,1681574400
0.44,2,Apr 15 2023 19: +0,1681581600
0.438,1,Apr 15 2023 20: +0,1681585200
0.437,2,Apr 15 2023 21: +0,1681588800
0.439,2,Apr 15 2023 22: +0,1681592400
0.442,1,Apr 15 2023 23: +0,1681596000
0.429,4,Apr 16 2023 00: +0,1681599600
0.417,1,Apr 16 2023 01: +0,1681603200
0.4,3,Apr 16 2023 02: +0,1681606800
0.441,1,Apr 16 2023 05: +0,1681617600
0.505,1,Apr 16 2023 06: +0,1681621200
0.453,2,Apr 16 2023 07: +0,1681624800
0.441,1,Apr 16 2023 08: +0,1681628400
0.468,1,Apr 16 2023 09: +0,1681632000
0.47,1,Apr 16 2023 10: +0,1681635600
0.433,1,Apr 16 2023 11: +0,1681639200
0.47,2,Apr 16 2023 12: +0,1681642800
0.425,1,Apr 16 2023 17: +0,1681660800
0.441,1,Apr 16 2023 19: +0,1681668000
0.441,3,Apr 16 2023 20: +0,1681671600
0.451,5,Apr 16 2023 21: +0,1681675200
0.467,2,Apr 16 2023 22: +0,1681678800
0.451,1,Apr 16 2023 23: +0,1681682400
0.434,4,Apr 17 2023 00: +0,1681686000
0.443,2,Apr 17 2023 01: +0,1681689600
0.372,1,Apr 17 2023 02: +0,1681693200
0.446,4,Apr 17 2023 04: +0,1681700400
0.392,1,Apr 17 2023 05: +0,1681704000
0.447,1,Apr 17 2023 06: +0,1681707600
0.417,4,Apr 17 2023 10: +0,1681722000
0.45,4,Apr 17 2023 12: +0,1681729200
0.446,2,Apr 17 2023 18: +0,1681750800
0.402,1,Apr 17 2023 19: +0,1681754400
0.446,3,Apr 17 2023 20: +0,1681758000
0.436,6,Apr 17 2023 21: +0,1681761600
0.416,2,Apr 17 2023 22: +0,1681765200
0.444,4,Apr 17 2023 23: +0,1681768800
0.453,1,Apr 18 2023 00: +0,1681772400
0.46,1,Apr 18 2023 01: +0,1681776000
0.434,3,Apr 18 2023 05: +0,1681790400
0.394,2,Apr 18 2023 07: +0,1681797600
0.438,2,Apr 18 2023 08: +0,1681801200
0.45,1,Apr 18 2023 09: +0,1681804800
0.374,3,Apr 18 2023 12: +0,1681815600
0.396,4,Apr 18 2023 13: +0,1681819200
0.338,1,Apr 18 2023 16: +0,1681830000
0.404,1,Apr 18 2023 17: +0,1681833600
0.418,2,Apr 18 2023 18: +0,1681837200
0.451,1,Apr 18 2023 19: +0,1681840800
0.433,1,Apr 18 2023 21: +0,1681848000
0.441,5,Apr 18 2023 22: +0,1681851600
0.386,5,Apr 19 2023 00: +0,1681858800
0.377,2,Apr 19 2023 02: +0,1681866000
0.392,2,Apr 19 2023 03: +0,1681869600
0.427,3,Apr 19 2023 05: +0,1681876800
0.39,1,Apr 19 2023 07: +0,1681884000
0.426,1,Apr 19 2023 08: +0,1681887600
0.41,2,Apr 19 2023 09: +0,1681891200
0.33,1,Apr 19 2023 11: +0,1681898400
0.417,4,Apr 19 2023 12: +0,1681902000
0.395,1,Apr 19 2023 13: +0,1681905600
0.425,1,Apr 19 2023 14: +0,1681909200
0.435,1,Apr 19 2023 15: +0,1681912800
0.45,3,Apr 19 2023 18: +0,1681923600
0.453,3,Apr 19 2023 19: +0,1681927200
0.361,3,Apr 19 2023 20: +0,1681930800
0.407,4,Apr 19 2023 21: +0,1681934400
0.397,3,Apr 19 2023 22: +0,1681938000
0.407,2,Apr 20 2023 00: +0,1681945200
0.373,2,Apr 20 2023 01: +0,1681948800
0.453,4,Apr 20 2023 03: +0,1681956000
0.463,1,Apr 20 2023 04: +0,1681959600
0.338,1,Apr 20 2023 05: +0,1681963200
0.398,1,Apr 20 2023 06: +0,1681966800
0.415,1,Apr 20 2023 07: +0,1681970400
0.421,4,Apr 20 2023 09: +0,1681977600
0.39,2,Apr 20 2023 10: +0,1681981200
0.395,1,Apr 20 2023 11: +0,1681984800
0.379,3,Apr 20 2023 12: +0,1681988400
0.379,4,Apr 20 2023 13: +0,1681992000
0.448,8,Apr 20 2023 14: +0,1681995600
0.41,2,Apr 20 2023 15: +0,1681999200
0.405,4,Apr 20 2023 16: +0,1682002800
0.392,2,Apr 20 2023 17: +0,1682006400
0.442,1,Apr 20 2023 18: +0,1682010000
0.449,14,Apr 20 2023 21: +0,1682020800
0.414,4,Apr 20 2023 22: +0,1682024400
0.39,2,Apr 20 2023 23: +0,1682028000
0.392,2,Apr 21 2023 01: +0,1682035200
0.361,1,Apr 21 2023 02: +0,1682038800
0.427,2,Apr 21 2023 03: +0,1682042400
0.371,1,Apr 21 2023 04: +0,1682046000
0.389,2,Apr 21 2023 06: +0,1682053200
0.407,1,Apr 21 2023 07: +0,1682056800
0.359,2,Apr 21 2023 08: +0,1682060400
0.379,3,Apr 21 2023 09: +0,1682064000
0.374,2,Apr 21 2023 10: +0,1682067600
0.352,2,Apr 21 2023 11: +0,1682071200
0.412,4,Apr 21 2023 12: +0,1682074800
0.446,3,Apr 21 2023 13: +0,1682078400
0.444,4,Apr 21 2023 14: +0,1682082000
0.383,2,Apr 21 2023 15: +0,1682085600
0.379,2,Apr 21 2023 16: +0,1682089200
0.425,2,Apr 21 2023 17: +0,1682092800
0.429,4,Apr 21 2023 18: +0,1682096400
0.38,4,Apr 21 2023 19: +0,1682100000
0.433,3,Apr 21 2023 20: +0,1682103600
0.446,1,Apr 21 2023 21: +0,1682107200
0.381,1,Apr 21 2023 22: +0,1682110800
0.409,2,Apr 21 2023 23: +0,1682114400
0.381,3,Apr 22 2023 00: +0,1682118000
0.441,1,Apr 22 2023 02: +0,1682125200
0.393,2,Apr 22 2023 03: +0,1682128800
0.335,1,Apr 22 2023 04: +0,1682132400
0.415,1,Apr 22 2023 06: +0,1682139600
0.406,2,Apr 22 2023 07: +0,1682143200
0.383,2,Apr 22 2023 08: +0,1682146800
0.411,2,Apr 22 2023 09: +0,1682150400
0.444,1,Apr 22 2023 10: +0,1682154000
0.411,2,Apr 22 2023 11: +0,1682157600
0.383,4,Apr 22 2023 12: +0,1682161200
0.444,1,Apr 22 2023 13: +0,1682164800
0.444,6,Apr 22 2023 14: +0,1682168400
0.386,1,Apr 22 2023 15: +0,1682172000
0.399,2,Apr 22 2023 16: +0,1682175600
0.419,3,Apr 22 2023 17: +0,1682179200
0.386,5,Apr 22 2023 18: +0,1682182800
0.444,2,Apr 22 2023 19: +0,1682186400
0.44,2,Apr 22 2023 20: +0,1682190000
0.442,5,Apr 22 2023 21: +0,1682193600
0.442,6,Apr 22 2023 22: +0,1682197200
0.394,3,Apr 23 2023 00: +0,1682204400
0.361,1,Apr 23 2023 01: +0,1682208000
0.282,1,Apr 23 2023 03: +0,1682215200
0.45,2,Apr 23 2023 04: +0,1682218800
0.373,2,Apr 23 2023 07: +0,1682229600
0.388,2,Apr 23 2023 08: +0,1682233200
0.345,1,Apr 23 2023 10: +0,1682240400
0.333,1,Apr 23 2023 11: +0,1682244000
0.409,3,Apr 23 2023 12: +0,1682247600
0.424,6,Apr 23 2023 13: +0,1682251200
0.401,2,Apr 23 2023 14: +0,1682254800
0.394,3,Apr 23 2023 15: +0,1682258400
0.406,3,Apr 23 2023 16: +0,1682262000
0.36,6,Apr 23 2023 17: +0,1682265600
0.406,5,Apr 23 2023 18: +0,1682269200
0.432,1,Apr 23 2023 19: +0,1682272800
0.39,2,Apr 23 2023 20: +0,1682276400
0.433,14,Apr 23 2023 21: +0,1682280000
0.325,1,Apr 23 2023 22: +0,1682283600
0.436,1,Apr 23 2023 23: +0,1682287200
0.382,1,Apr 24 2023 01: +0,1682294400
0.341,1,Apr 24 2023 05: +0,1682308800
0.394,1,Apr 24 2023 06: +0,1682312400
0.381,6,Apr 24 2023 08: +0,1682319600
0.345,1,Apr 24 2023 09: +0,1682323200
0.386,1,Apr 24 2023 10: +0,1682326800
0.388,3,Apr 24 2023 11: +0,1682330400
0.434,1,Apr 24 2023 12: +0,1682334000
0.409,4,Apr 24 2023 13: +0,1682337600
0.365,3,Apr 24 2023 14: +0,1682341200
0.383,4,Apr 24 2023 15: +0,1682344800
0.397,2,Apr 24 2023 16: +0,1682348400
0.413,3,Apr 24 2023 17: +0,1682352000
0.415,3,Apr 24 2023 18: +0,1682355600
0.416,5,Apr 24 2023 19: +0,1682359200
0.355,5,Apr 24 2023 20: +0,1682362800
0.421,4,Apr 24 2023 21: +0,1682366400
0.414,2,Apr 24 2023 22: +0,1682370000
0.385,4,Apr 25 2023 01: +0,1682380800
0.394,1,Apr 25 2023 02: +0,1682384400
0.366,1,Apr 25 2023 03: +0,1682388000
0.385,4,Apr 25 2023 05: +0,1682395200
0.387,1,Apr 25 2023 06: +0,1682398800
0.375,3,Apr 25 2023 07: +0,1682402400
0.394,1,Apr 25 2023 08: +0,1682406000
0.404,3,Apr 25 2023 09: +0,1682409600
0.379,2,Apr 25 2023 10: +0,1682413200
0.368,2,Apr 25 2023 11: +0,1682416800
0.342,2,Apr 25 2023 13: +0,1682424000
0.342,6,Apr 25 2023 14: +0,1682427600
0.374,4,Apr 25 2023 15: +0,1682431200
0.376,7,Apr 25 2023 16: +0,1682434800
0.372,6,Apr 25 2023 17: +0,1682438400
0.382,4,Apr 25 2023 18: +0,1682442000
0.367,8,Apr 25 2023 19: +0,1682445600
0.364,3,Apr 25 2023 20: +0,1682449200
0.336,2,Apr 25 2023 21: +0,1682452800
0.372,2,Apr 25 2023 22: +0,1682456400
0.347,3,Apr 26 2023 00: +0,1682463600
0.363,1,Apr 26 2023 01: +0,1682467200
0.351,2,Apr 26 2023 02: +0,1682470800
0.368,1,Apr 26 2023 04: +0,1682478000
0.375,1,Apr 26 2023 06: +0,1682485200
0.345,1,Apr 26 2023 07: +0,1682488800
0.324,4,Apr 26 2023 08: +0,1682492400
0.336,1,Apr 26 2023 09: +0,1682496000
0.326,2,Apr 26 2023 10: +0,1682499600
0.362,2,Apr 26 2023 11: +0,1682503200
0.34,4,Apr 26 2023 12: +0,1682506800
0.395,1,Apr 26 2023 13: +0,1682510400
0.399,2,Apr 26 2023 14: +0,1682514000
0.364,4,Apr 26 2023 15: +0,1682517600
0.349,2,Apr 26 2023 16: +0,1682521200
0.345,2,Apr 26 2023 17: +0,1682524800
0.33,4,Apr 26 2023 19: +0,1682532000
0.392,1,Apr 26 2023 20: +0,1682535600
0.35,3,Apr 26 2023 21: +0,1682539200
0.346,3,Apr 26 2023 22: +0,1682542800
0.379,3,Apr 26 2023 23: +0,1682546400
0.292,1,Apr 27 2023 00: +0,1682550000
0.331,1,Apr 27 2023 04: +0,1682564400
0.373,1,Apr 27 2023 10: +0,1682586000
0.375,2,Apr 27 2023 11: +0,1682589600
0.364,3,Apr 27 2023 12: +0,1682593200
0.363,3,Apr 27 2023 13: +0,1682596800
0.364,4,Apr 27 2023 15: +0,1682604000
0.363,12,Apr 27 2023 16: +0,1682607600
0.369,3,Apr 27 2023 17: +0,1682611200
0.378,5,Apr 27 2023 18: +0,1682614800
0.397,8,Apr 27 2023 19: +0,1682618400
0.407,11,Apr 27 2023 20: +0,1682622000
0.365,2,Apr 27 2023 21: +0,1682625600
0.396,2,Apr 27 2023 22: +0,1682629200
0.33,1,Apr 28 2023 00: +0,1682636400
0.331,1,Apr 28 2023 01: +0,1682640000
0.385,2,Apr 28 2023 02: +0,1682643600
0.377,2,Apr 28 2023 03: +0,1682647200
0.372,1,Apr 28 2023 07: +0,1682661600
0.386,3,Apr 28 2023 08: +0,1682665200
0.372,1,Apr 28 2023 09: +0,1682668800
0.406,2,Apr 28 2023 10: +0,1682672400
0.406,1,Apr 28 2023 11: +0,1682676000
0.382,1,Apr 28 2023 12: +0,1682679600
0.404,2,Apr 28 2023 13: +0,1682683200
0.404,6,Apr 28 2023 14: +0,1682686800
0.405,5,Apr 28 2023 15: +0,1682690400
0.408,10,Apr 28 2023 16: +0,1682694000
0.43,2,Apr 28 2023 17: +0,1682697600
0.441,11,Apr 28 2023 18: +0,1682701200
0.436,4,Apr 28 2023 19: +0,1682704800
0.442,3,Apr 28 2023 20: +0,1682708400
0.442,1,Apr 28 2023 21: +0,1682712000
0.418,1,Apr 28 2023 22: +0,1682715600
0.442,14,Apr 28 2023 23: +0,1682719200
0.4,1,Apr 29 2023 00: +0,1682722800
0.441,2,Apr 29 2023 01: +0,1682726400
0.429,2,Apr 29 2023 02: +0,1682730000
0.426,2,Apr 29 2023 03: +0,1682733600
0.454,1,Apr 29 2023 04: +0,1682737200
0.445,2,Apr 29 2023 07: +0,1682748000
0.405,3,Apr 29 2023 08: +0,1682751600
0.442,1,Apr 29 2023 09: +0,1682755200
0.439,2,Apr 29 2023 10: +0,1682758800
0.402,5,Apr 29 2023 11: +0,1682762400
0.44,1,Apr 29 2023 12: +0,1682766000
0.443,2,Apr 29 2023 13: +0,1682769600
0.43,3,Apr 29 2023 14: +0,1682773200
0.442,1,Apr 29 2023 15: +0,1682776800
0.442,3,Apr 29 2023 16: +0,1682780400
0.443,8,Apr 29 2023 17: +0,1682784000
0.451,9,Apr 29 2023 18: +0,1682787600
0.451,5,Apr 29 2023 19: +0,1682791200
0.446,2,Apr 29 2023 20: +0,1682794800
0.456,13,Apr 29 2023 21: +0,1682798400
0.462,6,Apr 29 2023 22: +0,1682802000
0.485,2,Apr 29 2023 23: +0,1682805600
0.483,4,Apr 30 2023 00: +0,1682809200
0.487,1,Apr 30 2023 01: +0,1682812800
0.37,1,Apr 30 2023 03: +0,1682820000
0.382,1,Apr 30 2023 04: +0,1682823600
0.488,12,Apr 30 2023 07: +0,1682834400
0.496,1,Apr 30 2023 08: +0,1682838000
0.5,2,Apr 30 2023 09: +0,1682841600
0.497,3,Apr 30 2023 11: +0,1682848800
0.511,1,Apr 30 2023 12: +0,1682852400
0.411,1,Apr 30 2023 13: +0,1682856000
0.453,3,Apr 30 2023 14: +0,1682859600
0.491,4,Apr 30 2023 15: +0,1682863200
0.476,5,Apr 30 2023 16: +0,1682866800
0.496,3,Apr 30 2023 18: +0,1682874000
0.459,2,Apr 30 2023 19: +0,1682877600
0.488,3,Apr 30 2023 20: +0,1682881200
0.506,3,Apr 30 2023 21: +0,1682884800
0.516,2,Apr 30 2023 22: +0,1682888400
0.531,1,Apr 30 2023 23: +0,1682892000
0.532,3,May 01 2023 00: +0,1682895600
0.531,1,May 01 2023 03: +0,1682906400
0.456,1,May 01 2023 07: +0,1682920800
0.438,2,May 01 2023 08: +0,1682924400
0.4,1,May 01 2023 09: +0,1682928000
0.449,1,May 01 2023 10: +0,1682931600
0.449,3,May 01 2023 11: +0,1682935200
0.413,2,May 01 2023 13: +0,1682942400
0.412,2,May 01 2023 14: +0,1682946000
0.411,1,May 01 2023 15: +0,1682949600
0.435,1,May 01 2023 16: +0,1682953200
0.402,1,May 01 2023 17: +0,1682956800
0.422,3,May 01 2023 18: +0,1682960400
0.42,4,May 01 2023 19: +0,1682964000
0.443,3,May 01 2023 20: +0,1682967600
0.447,3,May 01 2023 21: +0,1682971200
0.431,2,May 01 2023 22: +0,1682974800
0.422,2,May 01 2023 23: +0,1682978400
0.446,3,May 02 2023 00: +0,1682982000
0.383,2,May 02 2023 02: +0,1682989200
0.455,1,May 02 2023 03: +0,1682992800
0.449,1,May 02 2023 07: +0,1683007200
0.457,4,May 02 2023 09: +0,1683014400
0.441,1,May 02 2023 10: +0,1683018000
0.448,1,May 02 2023 11: +0,1683021600
0.44,4,May 02 2023 12: +0,1683025200
0.474,1,May 02 2023 13: +0,1683028800
0.457,1,May 02 2023 14: +0,1683032400
0.441,7,May 02 2023 15: +0,1683036000
0.45,2,May 02 2023 16: +0,1683039600
0.443,1,May 02 2023 17: +0,1683043200
0.46,3,May 02 2023 18: +0,1683046800
0.304,3,May 02 2023 19: +0,1683050400
0.478,3,May 02 2023 20: +0,1683054000
0.458,2,May 02 2023 21: +0,1683057600
0.443,1,May 02 2023 22: +0,1683061200
0.442,4,May 02 2023 23: +0,1683064800
0.487,1,May 03 2023 00: +0,1683068400
0.361,2,May 03 2023 02: +0,1683075600
0.419,2,May 03 2023 10: +0,1683104400
0.474,1,May 03 2023 11: +0,1683108000
0.477,1,May 03 2023 12: +0,1683111600
0.465,4,May 03 2023 13: +0,1683115200
0.419,2,May 03 2023 14: +0,1683118800
0.482,1,May 03 2023 15: +0,1683122400
0.412,1,May 03 2023 16: +0,1683126000
0.452,6,May 03 2023 17: +0,1683129600
0.454,3,May 03 2023 18: +0,1683133200
0.435,2,May 03 2023 19: +0,1683136800
0.278,1,May 03 2023 20: +0,1683140400
0.488,1,May 03 2023 21: +0,1683144000
0.405,1,May 03 2023 22: +0,1683147600
0.484,1,May 03 2023 23: +0,1683151200
0.369,1,May 04 2023 00: +0,1683154800
0.472,1,May 04 2023 01: +0,1683158400
0.485,1,May 04 2023 02: +0,1683162000
0.49,2,May 04 2023 04: +0,1683169200
0.496,2,May 04 2023 05: +0,1683172800
0.497,1,May 04 2023 06: +0,1683176400
0.523,1,May 04 2023 07: +0,1683180000
0.439,3,May 04 2023 08: +0,1683183600
0.49,2,May 04 2023 09: +0,1683187200
0.464,1,May 04 2023 11: +0,1683194400
0.464,1,May 04 2023 14: +0,1683205200
0.402,1,May 04 2023 15: +0,1683208800
0.464,1,May 04 2023 17: +0,1683216000
0.411,1,May 04 2023 18: +0,1683219600
0.437,2,May 04 2023 19: +0,1683223200
0.462,4,May 04 2023 20: +0,1683226800
0.459,3,May 04 2023 21: +0,1683230400
0.474,5,May 04 2023 22: +0,1683234000
0.441,2,May 05 2023 02: +0,1683248400
0.406,1,May 05 2023 04: +0,1683255600
0.473,2,May 05 2023 06: +0,1683262800
0.293,1,May 05 2023 07: +0,1683266400
0.489,3,May 05 2023 08: +0,1683270000
0.397,1,May 05 2023 10: +0,1683277200
0.406,1,May 05 2023 11: +0,1683280800
0.451,1,May 05 2023 12: +0,1683284400
0.406,3,May 05 2023 13: +0,1683288000
0.376,1,May 05 2023 14: +0,1683291600
0.364,6,May 05 2023 16: +0,1683298800
0.426,13,May 05 2023 17: +0,1683302400
0.397,2,May 05 2023 18: +0,1683306000
0.374,2,May 05 2023 19: +0,1683309600
0.4,2,May 05 2023 20: +0,1683313200
0.405,3,May 05 2023 21: +0,1683316800
0.402,3,May 05 2023 22: +0,1683320400
0.37,2,May 05 2023 23: +0,1683324000
0.432,1,May 06 2023 00: +0,1683327600
0.33,1,May 06 2023 03: +0,1683338400
0.306,1,May 06 2023 07: +0,1683352800
0.385,1,May 06 2023 08: +0,1683356400
0.38,3,May 06 2023 09: +0,1683360000
0.371,1,May 06 2023 11: +0,1683367200
0.38,1,May 06 2023 13: +0,1683374400
0.439,1,May 06 2023 14: +0,1683378000
0.416,2,May 06 2023 15: +0,1683381600
0.467,3,May 06 2023 16: +0,1683385200
0.429,5,May 06 2023 17: +0,1683388800
0.421,2,May 06 2023 18: +0,1683392400
0.442,1,May 06 2023 19: +0,1683396000
0.437,5,May 06 2023 20: +0,1683399600
0.439,1,May 06 2023 21: +0,1683403200
0.384,5,May 06 2023 23: +0,1683410400
0.413,2,May 07 2023 01: +0,1683417600
0.442,1,May 07 2023 07: +0,1683439200
0.437,1,May 07 2023 09: +0,1683446400
0.374,1,May 07 2023 10: +0,1683450000
0.405,1,May 07 2023 12: +0,1683457200
0.411,3,May 07 2023 15: +0,1683468000
0.412,1,May 07 2023 16: +0,1683471600
0.412,1,May 07 2023 17: +0,1683475200
0.389,4,May 07 2023 18: +0,1683478800
0.355,1,May 07 2023 19: +0,1683482400
0.401,2,May 07 2023 20: +0,1683486000
0.422,1,May 07 2023 21: +0,1683489600
0.431,1,May 07 2023 22: +0,1683493200
0.281,1,May 08 2023 00: +0,1683500400
0.318,1,May 08 2023 01: +0,1683504000
0.362,5,May 08 2023 04: +0,1683514800
0.365,2,May 08 2023 06: +0,1683522000
0.413,1,May 08 2023 07: +0,1683525600
0.398,1,May 08 2023 08: +0,1683529200
0.356,2,May 08 2023 09: +0,1683532800
0.154,1,May 08 2023 10: +0,1683536400
0.423,13,May 08 2023 11: +0,1683540000
0.438,4,May 08 2023 12: +0,1683543600
0.42,2,May 08 2023 13: +0,1683547200
0.439,2,May 08 2023 14: +0,1683550800
0.315,2,May 08 2023 15: +0,1683554400
0.443,10,May 08 2023 16: +0,1683558000
0.424,4,May 08 2023 17: +0,1683561600
0.45,5,May 08 2023 18: +0,1683565200
0.327,4,May 08 2023 19: +0,1683568800
0.382,2,May 08 2023 20: +0,1683572400
0.443,1,May 08 2023 22: +0,1683579600
0.436,1,May 09 2023 00: +0,1683586800
0.4,2,May 09 2023 02: +0,1683594000
0.451,1,May 09 2023 03: +0,1683597600
0.391,1,May 09 2023 09: +0,1683619200
0.419,1,May 09 2023 13: +0,1683633600
0.319,2,May 09 2023 14: +0,1683637200
0.398,4,May 09 2023 15: +0,1683640800
0.411,1,May 09 2023 16: +0,1683644400
0.411,1,May 09 2023 17: +0,1683648000
0.413,6,May 09 2023 18: +0,1683651600
0.406,1,May 09 2023 19: +0,1683655200
0.408,1,May 09 2023 20: +0,1683658800
0.363,1,May 10 2023 00: +0,1683673200
0.415,2,May 10 2023 02: +0,1683680400
0.388,2,May 10 2023 03: +0,1683684000
0.413,1,May 10 2023 04: +0,1683687600
0.367,2,May 10 2023 05: +0,1683691200
0.366,1,May 10 2023 06: +0,1683694800
0.413,1,May 10 2023 08: +0,1683702000
0.362,2,May 10 2023 11: +0,1683712800
0.413,1,May 10 2023 12: +0,1683716400
0.427,5,May 10 2023 13: +0,1683720000
0.421,7,May 10 2023 14: +0,1683723600
0.43,2,May 10 2023 15: +0,1683727200
0.431,3,May 10 2023 16: +0,1683730800
0.43,1,May 10 2023 17: +0,1683734400
0.418,5,May 10 2023 20: +0,1683745200
0.426,2,May 10 2023 22: +0,1683752400
0.439,4,May 10 2023 23: +0,1683756000
0.42,1,May 11 2023 00: +0,1683759600
0.435,1,May 11 2023 01: +0,1683763200
0.455,3,May 11 2023 11: +0,1683799200
0.343,1,May 11 2023 12: +0,1683802800
0.358,1,May 11 2023 14: +0,1683810000
0.34,1,May 11 2023 17: +0,1683820800
0.429,1,May 11 2023 19: +0,1683828000
0.426,4,May 11 2023 20: +0,1683831600
0.366,4,May 11 2023 21: +0,1683835200
0.428,3,May 11 2023 22: +0,1683838800
0.405,1,May 12 2023 02: +0,1683853200
0.442,1,May 12 2023 04: +0,1683860400
0.442,1,May 12 2023 05: +0,1683864000
0.409,2,May 12 2023 11: +0,1683885600
0.386,1,May 12 2023 13: +0,1683892800
0.383,1,May 12 2023 14: +0,1683896400
0.344,2,May 12 2023 15: +0,1683900000
0.445,12,May 12 2023 18: +0,1683910800
0.445,3,May 12 2023 19: +0,1683914400
0.344,1,May 12 2023 20: +0,1683918000
0.384,2,May 12 2023 21: +0,1683921600
0.384,2,May 12 2023 22: +0,1683925200
0.367,2,May 12 2023 23: +0,1683928800
0.307,1,May 13 2023 03: +0,1683943200
0.331,1,May 13 2023 06: +0,1683954000
0.278,1,May 13 2023 08: +0,1683961200
0.421,3,May 13 2023 09: +0,1683964800
0.379,1,May 13 2023 12: +0,1683975600
0.39,1,May 13 2023 13: +0,1683979200
0.338,2,May 13 2023 15: +0,1683986400
0.442,11,May 13 2023 16: +0,1683990000
0.344,3,May 13 2023 17: +0,1683993600
0.325,2,May 13 2023 18: +0,1683997200
0.405,1,May 13 2023 19: +0,1684000800
0.388,2,May 13 2023 20: +0,1684004400
0.368,1,May 13 2023 22: +0,1684011600
0.358,2,May 13 2023 23: +0,1684015200
0.389,1,May 14 2023 00: +0,1684018800
0.405,1,May 14 2023 01: +0,1684022400
0.344,1,May 14 2023 02: +0,1684026000
0.379,1,May 14 2023 03: +0,1684029600
0.317,1,May 14 2023 04: +0,1684033200
0.382,2,May 14 2023 08: +0,1684047600
0.351,1,May 14 2023 11: +0,1684058400
0.344,1,May 14 2023 12: +0,1684062000
0.4,1,May 14 2023 13: +0,1684065600
0.365,1,May 14 2023 14: +0,1684069200
0.393,4,May 14 2023 15: +0,1684072800
0.425,1,May 14 2023 16: +0,1684076400
0.371,2,May 14 2023 18: +0,1684083600
0.38,3,May 14 2023 19: +0,1684087200
0.349,3,May 14 2023 20: +0,1684090800
0.421,2,May 14 2023 22: +0,1684098000
0.442,2,May 15 2023 01: +0,1684108800
0.39,2,May 15 2023 06: +0,1684126800
0.379,1,May 15 2023 10: +0,1684141200
0.434,3,May 15 2023 11: +0,1684144800
0.442,1,May 15 2023 12: +0,1684148400
0.442,3,May 15 2023 13: +0,1684152000
0.341,1,May 15 2023 14: +0,1684155600
0.36,1,May 15 2023 15: +0,1684159200
0.44,1,May 15 2023 16: +0,1684162800
0.36,1,May 15 2023 17: +0,1684166400
0.401,3,May 15 2023 18: +0,1684170000
0.379,1,May 15 2023 19: +0,1684173600
0.374,4,May 15 2023 20: +0,1684177200
0.371,1,May 15 2023 22: +0,1684184400
0.388,1,May 15 2023 23: +0,1684188000
0.359,1,May 16 2023 01: +0,1684195200
0.386,1,May 16 2023 02: +0,1684198800
0.377,1,May 16 2023 05: +0,1684209600
0.33,1,May 16 2023 06: +0,1684213200
0.358,1,May 16 2023 08: +0,1684220400
0.363,1,May 16 2023 10: +0,1684227600
0.35,1,May 16 2023 12: +0,1684234800
0.358,2,May 16 2023 13: +0,1684238400
0.31,1,May 16 2023 14: +0,1684242000
0.374,1,May 16 2023 15: +0,1684245600
0.372,2,May 16 2023 16: +0,1684249200
0.34,2,May 16 2023 17: +0,1684252800
0.37,3,May 16 2023 18: +0,1684256400
0.366,3,May 16 2023 19: +0,1684260000
0.444,1,May 16 2023 20: +0,1684263600
0.276,2,May 16 2023 21: +0,1684267200
0.333,2,May 16 2023 22: +0,1684270800
0.311,2,May 17 2023 00: +0,1684278000
0.344,1,May 17 2023 02: +0,1684285200
0.344,1,May 17 2023 05: +0,1684296000
0.357,1,May 17 2023 08: +0,1684306800
0.377,2,May 17 2023 09: +0,1684310400
0.377,5,May 17 2023 10: +0,1684314000
0.347,1,May 17 2023 13: +0,1684324800
0.313,2,May 17 2023 14: +0,1684328400
0.34,3,May 17 2023 15: +0,1684332000
0.343,2,May 17 2023 16: +0,1684335600
0.311,1,May 17 2023 18: +0,1684342800
0.358,3,May 17 2023 19: +0,1684346400
0.378,1,May 17 2023 20: +0,1684350000
0.368,2,May 17 2023 21: +0,1684353600
0.377,1,May 17 2023 22: +0,1684357200
0.317,2,May 17 2023 23: +0,1684360800
0.378,1,May 18 2023 00: +0,1684364400
0.185,1,May 18 2023 01: +0,1684368000
0.384,1,May 18 2023 04: +0,1684378800
0.386,1,May 18 2023 05: +0,1684382400
0.381,1,May 18 2023 08: +0,1684393200
0.381,1,May 18 2023 09: +0,1684396800
0.344,2,May 18 2023 10: +0,1684400400
0.384,10,May 18 2023 11: +0,1684404000
0.388,1,May 18 2023 12: +0,1684407600
0.388,1,May 18 2023 13: +0,1684411200
0.359,2,May 18 2023 14: +0,1684414800
0.287,3,May 18 2023 16: +0,1684422000
0.326,1,May 18 2023 19: +0,1684432800
0.348,1,May 18 2023 20: +0,1684436400
0.347,3,May 18 2023 22: +0,1684443600
0.347,1,May 18 2023 23: +0,1684447200
0.36,2,May 19 2023 00: +0,1684450800
0.341,1,May 19 2023 02: +0,1684458000
0.322,1,May 19 2023 04: +0,1684465200
0.322,1,May 19 2023 05: +0,1684468800
0.37,2,May 19 2023 06: +0,1684472400
0.343,1,May 19 2023 07: +0,1684476000
0.322,1,May 19 2023 08: +0,1684479600
0.355,3,May 19 2023 11: +0,1684490400
0.37,1,May 19 2023 12: +0,1684494000
0.355,1,May 19 2023 13: +0,1684497600
0.249,1,May 19 2023 14: +0,1684501200
0.359,2,May 19 2023 16: +0,1684508400
0.361,1,May 19 2023 17: +0,1684512000
0.348,2,May 19 2023 18: +0,1684515600
0.351,1,May 19 2023 19: +0,1684519200
0.359,7,May 19 2023 20: +0,1684522800
0.354,2,May 19 2023 21: +0,1684526400
0.297,1,May 19 2023 22: +0,1684530000
0.272,1,May 19 2023 23: +0,1684533600
0.379,2,May 20 2023 00: +0,1684537200
0.345,1,May 20 2023 02: +0,1684544400
0.297,3,May 20 2023 04: +0,1684551600
0.269,3,May 20 2023 06: +0,1684558800
0.347,1,May 20 2023 08: +0,1684566000
0.352,1,May 20 2023 10: +0,1684573200
0.36,1,May 20 2023 11: +0,1684576800
0.367,1,May 20 2023 13: +0,1684584000
0.344,1,May 20 2023 14: +0,1684587600
0.367,2,May 20 2023 15: +0,1684591200
0.342,2,May 20 2023 17: +0,1684598400
0.338,1,May 20 2023 18: +0,1684602000
0.319,2,May 20 2023 19: +0,1684605600
0.341,4,May 20 2023 20: +0,1684609200
0.364,1,May 20 2023 21: +0,1684612800
0.31,2,May 21 2023 00: +0,1684623600
0.268,1,May 21 2023 01: +0,1684627200
0.352,1,May 21 2023 05: +0,1684641600
0.336,2,May 21 2023 10: +0,1684659600
0.313,1,May 21 2023 12: +0,1684666800
0.263,2,May 21 2023 13: +0,1684670400
0.314,2,May 21 2023 14: +0,1684674000
0.33,3,May 21 2023 15: +0,1684677600
0.332,1,May 21 2023 16: +0,1684681200
0.329,6,May 21 2023 17: +0,1684684800
0.361,1,May 21 2023 18: +0,1684688400
0.347,1,May 21 2023 19: +0,1684692000
0.331,4,May 21 2023 20: +0,1684695600
0.361,1,May 21 2023 21: +0,1684699200
0.369,3,May 21 2023 22: +0,1684702800
0.297,1,May 21 2023 23: +0,1684706400
0.313,3,May 22 2023 01: +0,1684713600
0.297,1,May 22 2023 04: +0,1684724400
0.369,1,May 22 2023 06: +0,1684731600
0.388,1,May 22 2023 07: +0,1684735200
0.297,1,May 22 2023 09: +0,1684742400
0.279,2,May 22 2023 10: +0,1684746000
0.358,1,May 22 2023 11: +0,1684749600
0.367,2,May 22 2023 12: +0,1684753200
0.327,1,May 22 2023 13: +0,1684756800
0.313,1,May 22 2023 14: +0,1684760400
0.368,3,May 22 2023 16: +0,1684767600
0.369,1,May 22 2023 19: +0,1684778400
0.336,4,May 22 2023 20: +0,1684782000
0.358,1,May 22 2023 22: +0,1684789200
0.369,1,May 23 2023 02: +0,1684803600
0.317,2,May 23 2023 03: +0,1684807200
0.379,1,May 23 2023 05: +0,1684814400
0.346,1,May 23 2023 09: +0,1684828800
0.35,2,May 23 2023 10: +0,1684832400
0.349,1,May 23 2023 11: +0,1684836000
0.33,2,May 23 2023 12: +0,1684839600
0.35,2,May 23 2023 13: +0,1684843200
0.357,3,May 23 2023 14: +0,1684846800
0.348,1,May 23 2023 15: +0,1684850400
0.358,2,May 23 2023 16: +0,1684854000
0.362,2,May 23 2023 19: +0,1684864800
0.363,13,May 23 2023 20: +0,1684868400
0.318,4,May 23 2023 22: +0,1684875600
0.359,1,May 23 2023 23: +0,1684879200
0.359,1,May 24 2023 02: +0,1684890000
0.361,1,May 24 2023 05: +0,1684900800
0.363,2,May 24 2023 07: +0,1684908000
0.354,2,May 24 2023 08: +0,1684911600
0.443,1,May 24 2023 09: +0,1684915200
0.314,2,May 24 2023 10: +0,1684918800
0.305,3,May 24 2023 11: +0,1684922400
0.36,1,May 24 2023 12: +0,1684926000
0.325,1,May 24 2023 13: +0,1684929600
0.342,3,May 24 2023 14: +0,1684933200
0.338,4,May 24 2023 15: +0,1684936800
0.361,1,May 24 2023 16: +0,1684940400
0.316,5,May 24 2023 17: +0,1684944000
0.362,1,May 24 2023 18: +0,1684947600
0.316,1,May 24 2023 19: +0,1684951200
0.325,6,May 24 2023 20: +0,1684954800
0.363,3,May 24 2023 21: +0,1684958400
0.29,1,May 24 2023 22: +0,1684962000
0.361,3,May 24 2023 23: +0,1684965600
0.342,2,May 25 2023 00: +0,1684969200
0.34,1,May 25 2023 01: +0,1684972800
0.26,2,May 25 2023 02: +0,1684976400
0.291,2,May 25 2023 03: +0,1684980000
0.261,2,May 25 2023 04: +0,1684983600
0.344,2,May 25 2023 06: +0,1684990800
0.324,1,May 25 2023 07: +0,1684994400
0.332,2,May 25 2023 08: +0,1684998000
0.333,2,May 25 2023 10: +0,1685005200
0.332,4,May 25 2023 11: +0,1685008800
0.271,1,May 25 2023 12: +0,1685012400
0.348,1,May 25 2023 13: +0,1685016000
0.362,4,May 25 2023 14: +0,1685019600
0.353,3,May 25 2023 15: +0,1685023200
0.328,2,May 25 2023 16: +0,1685026800
0.353,2,May 25 2023 17: +0,1685030400
0.332,3,May 25 2023 19: +0,1685037600
0.324,4,May 25 2023 20: +0,1685041200
0.348,11,May 25 2023 22: +0,1685048400
0.292,1,May 26 2023 00: +0,1685055600
0.332,2,May 26 2023 02: +0,1685062800
0.343,4,May 26 2023 06: +0,1685077200
0.336,2,May 26 2023 08: +0,1685084400
0.278,2,May 26 2023 09: +0,1685088000
0.328,4,May 26 2023 12: +0,1685098800
0.347,1,May 26 2023 13: +0,1685102400
0.348,3,May 26 2023 14: +0,1685106000
0.308,1,May 26 2023 15: +0,1685109600
0.358,4,May 26 2023 16: +0,1685113200
0.348,7,May 26 2023 18: +0,1685120400
0.361,1,May 26 2023 19: +0,1685124000
0.352,10,May 26 2023 21: +0,1685131200
0.283,1,May 26 2023 22: +0,1685134800
0.346,2,May 26 2023 23: +0,1685138400
0.351,1,May 27 2023 00: +0,1685142000
0.316,1,May 27 2023 02: +0,1685149200
0.28,2,May 27 2023 05: +0,1685160000
0.316,1,May 27 2023 07: +0,1685167200
0.326,1,May 27 2023 08: +0,1685170800
0.353,1,May 27 2023 09: +0,1685174400
0.347,1,May 27 2023 11: +0,1685181600
0.299,1,May 27 2023 12: +0,1685185200
0.262,2,May 27 2023 14: +0,1685192400
0.346,3,May 27 2023 15: +0,1685196000
0.347,5,May 27 2023 16: +0,1685199600
0.361,1,May 27 2023 17: +0,1685203200
0.33,3,May 27 2023 18: +0,1685206800
0.341,2,May 27 2023 19: +0,1685210400
0.354,1,May 27 2023 20: +0,1685214000
0.356,1,May 27 2023 21: +0,1685217600
0.29,1,May 28 2023 04: +0,1685242800
0.283,1,May 28 2023 05: +0,1685246400
0.335,1,May 28 2023 06: +0,1685250000
0.355,1,May 28 2023 07: +0,1685253600
0.354,2,May 28 2023 08: +0,1685257200
0.347,1,May 28 2023 09: +0,1685260800
0.356,3,May 28 2023 10: +0,1685264400
0.347,2,May 28 2023 11: +0,1685268000
0.35,6,May 28 2023 12: +0,1685271600
0.332,3,May 28 2023 13: +0,1685275200
0.347,1,May 28 2023 14: +0,1685278800
0.348,6,May 28 2023 15: +0,1685282400
0.335,1,May 28 2023 16: +0,1685286000
0.355,3,May 28 2023 17: +0,1685289600
0.356,1,May 28 2023 18: +0,1685293200
0.323,1,May 28 2023 19: +0,1685296800
0.363,3,May 28 2023 20: +0,1685300400
0.37,2,May 28 2023 21: +0,1685304000
0.356,1,May 28 2023 22: +0,1685307600
0.37,1,May 28 2023 23: +0,1685311200
0.297,1,May 29 2023 01: +0,1685318400
0.368,1,May 29 2023 02: +0,1685322000
0.349,1,May 29 2023 03: +0,1685325600
0.289,1,May 29 2023 04: +0,1685329200
0.311,2,May 29 2023 07: +0,1685340000
0.345,2,May 29 2023 08: +0,1685343600
0.343,1,May 29 2023 09: +0,1685347200
0.341,2,May 29 2023 10: +0,1685350800
0.347,1,May 29 2023 11: +0,1685354400
0.316,1,May 29 2023 12: +0,1685358000
0.342,4,May 29 2023 13: +0,1685361600
0.347,3,May 29 2023 14: +0,1685365200
0.351,2,May 29 2023 15: +0,1685368800
0.363,1,May 29 2023 16: +0,1685372400
0.364,4,May 29 2023 18: +0,1685379600
0.367,4,May 29 2023 19: +0,1685383200
0.348,2,May 29 2023 20: +0,1685386800
0.345,1,May 29 2023 22: +0,1685394000
0.307,1,May 29 2023 23: +0,1685397600
0.324,1,May 30 2023 01: +0,1685404800
0.373,1,May 30 2023 04: +0,1685415600
0.372,1,May 30 2023 07: +0,1685426400
0.316,2,May 30 2023 08: +0,1685430000
0.362,1,May 30 2023 09: +0,1685433600
0.332,3,May 30 2023 10: +0,1685437200
0.353,2,May 30 2023 11: +0,1685440800
0.299,1,May 30 2023 13: +0,1685448000
0.372,4,May 30 2023 14: +0,1685451600
0.372,3,May 30 2023 15: +0,1685455200
0.368,2,May 30 2023 16: +0,1685458800
0.363,3,May 30 2023 17: +0,1685462400
0.363,3,May 30 2023 18: +0,1685466000
0.373,1,May 30 2023 19: +0,1685469600
0.377,1,May 30 2023 20: +0,1685473200
0.375,2,May 30 2023 21: +0,1685476800
0.324,1,May 31 2023 00: +0,1685487600
0.299,1,May 31 2023 01: +0,1685491200
0.37,1,May 31 2023 02: +0,1685494800
0.347,2,May 31 2023 08: +0,1685516400
0.239,1,May 31 2023 10: +0,1685523600
0.369,2,May 31 2023 11: +0,1685527200
0.347,1,May 31 2023 12: +0,1685530800
0.401,2,May 31 2023 13: +0,1685534400
0.369,2,May 31 2023 15: +0,1685541600
0.373,3,May 31 2023 16: +0,1685545200
0.827,1,May 31 2023 17: +0,1685548800
0.359,3,May 31 2023 18: +0,1685552400
0.373,1,May 31 2023 19: +0,1685556000
0.349,1,May 31 2023 20: +0,1685559600
0.29,2,May 31 2023 21: +0,1685563200
0.359,2,May 31 2023 22: +0,1685566800
0.359,2,May 31 2023 23: +0,1685570400
0.354,1,Jun 01 2023 02: +0,1685581200
0.294,2,Jun 01 2023 06: +0,1685595600
0.362,2,Jun 01 2023 08: +0,1685602800
0.345,1,Jun 01 2023 10: +0,1685610000
0.363,2,Jun 01 2023 11: +0,1685613600
0.314,1,Jun 01 2023 12: +0,1685617200
0.358,9,Jun 01 2023 13: +0,1685620800
0.24,1,Jun 01 2023 14: +0,1685624400
0.319,4,Jun 01 2023 15: +0,1685628000
0.393,2,Jun 01 2023 17: +0,1685635200
0.339,2,Jun 01 2023 18: +0,1685638800
0.365,6,Jun 01 2023 19: +0,1685642400
0.324,1,Jun 01 2023 20: +0,1685646000
0.319,2,Jun 01 2023 21: +0,1685649600
0.34,1,Jun 01 2023 22: +0,1685653200
0.356,2,Jun 02 2023 00: +0,1685660400
0.335,1,Jun 02 2023 04: +0,1685674800
0.379,1,Jun 02 2023 05: +0,1685678400
0.258,1,Jun 02 2023 06: +0,1685682000
0.343,1,Jun 02 2023 07: +0,1685685600
0.263,1,Jun 02 2023 09: +0,1685692800
0.351,9,Jun 02 2023 10: +0,1685696400
0.357,4,Jun 02 2023 11: +0,1685700000
0.351,3,Jun 02 2023 12: +0,1685703600
0.351,3,Jun 02 2023 13: +0,1685707200
0.359,3,Jun 02 2023 14: +0,1685710800
0.33,1,Jun 02 2023 16: +0,1685718000
0.351,5,Jun 02 2023 17: +0,1685721600
0.357,2,Jun 02 2023 18: +0,1685725200
0.359,1,Jun 02 2023 19: +0,1685728800
0.362,2,Jun 02 2023 20: +0,1685732400
0.37,1,Jun 02 2023 21: +0,1685736000
0.337,3,Jun 02 2023 22: +0,1685739600
0.352,1,Jun 02 2023 23: +0,1685743200
0.352,1,Jun 03 2023 01: +0,1685750400
0.329,2,Jun 03 2023 04: +0,1685761200
0.331,4,Jun 03 2023 06: +0,1685768400
0.331,5,Jun 03 2023 07: +0,1685772000
0.327,4,Jun 03 2023 08: +0,1685775600
0.322,4,Jun 03 2023 09: +0,1685779200
0.331,1,Jun 03 2023 10: +0,1685782800
0.327,1,Jun 03 2023 11: +0,1685786400
0.327,4,Jun 03 2023 12: +0,1685790000
0.345,4,Jun 03 2023 13: +0,1685793600
0.292,2,Jun 03 2023 14: +0,1685797200
0.349,3,Jun 03 2023 15: +0,1685800800
0.355,3,Jun 03 2023 16: +0,1685804400
0.354,1,Jun 03 2023 17: +0,1685808000
0.328,2,Jun 03 2023 18: +0,1685811600
0.334,1,Jun 03 2023 19: +0,1685815200
0.325,1,Jun 03 2023 20: +0,1685818800
0.288,1,Jun 03 2023 21: +0,1685822400
0.327,4,Jun 03 2023 23: +0,1685829600
0.353,1,Jun 04 2023 01: +0,1685836800
0.356,2,Jun 04 2023 02: +0,1685840400
0.359,1,Jun 04 2023 06: +0,1685854800
0.351,1,Jun 04 2023 08: +0,1685862000
0.327,1,Jun 04 2023 09: +0,1685865600
0.348,2,Jun 04 2023 10: +0,1685869200
0.358,2,Jun 04 2023 11: +0,1685872800
0.338,3,Jun 04 2023 12: +0,1685876400
0.34,2,Jun 04 2023 13: +0,1685880000
0.24,1,Jun 04 2023 14: +0,1685883600
0.333,5,Jun 04 2023 15: +0,1685887200
0.342,2,Jun 04 2023 16: +0,1685890800
0.327,1,Jun 04 2023 17: +0,1685894400
0.304,6,Jun 04 2023 19: +0,1685901600
0.288,3,Jun 04 2023 20: +0,1685905200
0.326,5,Jun 04 2023 21: +0,1685908800
0.338,2,Jun 05 2023 03: +0,1685930400
0.297,1,Jun 05 2023 07: +0,1685944800
0.319,2,Jun 05 2023 08: +0,1685948400
0.315,1,Jun 05 2023 09: +0,1685952000
0.323,2,Jun 05 2023 10: +0,1685955600
0.346,4,Jun 05 2023 11: +0,1685959200
0.353,3,Jun 05 2023 13: +0,1685966400
0.358,1,Jun 05 2023 14: +0,1685970000
0.349,1,Jun 05 2023 16: +0,1685977200
0.33,3,Jun 05 2023 17: +0,1685980800
0.331,3,Jun 05 2023 18: +0,1685984400
0.343,4,Jun 05 2023 19: +0,1685988000
0.323,3,Jun 05 2023 20: +0,1685991600
0.346,1,Jun 05 2023 21: +0,1685995200
0.35,3,Jun 05 2023 22: +0,1685998800
0.342,2,Jun 05 2023 23: +0,1686002400
0.34,1,Jun 06 2023 06: +0,1686027600
0.325,1,Jun 06 2023 07: +0,1686031200
0.333,1,Jun 06 2023 08: +0,1686034800
0.344,1,Jun 06 2023 09: +0,1686038400
0.337,1,Jun 06 2023 10: +0,1686042000
0.325,4,Jun 06 2023 11: +0,1686045600
0.325,1,Jun 06 2023 12: +0,1686049200
0.355,2,Jun 06 2023 13: +0,1686052800
0.343,1,Jun 06 2023 14: +0,1686056400
0.343,3,Jun 06 2023 15: +0,1686060000
0.338,1,Jun 06 2023 16: +0,1686063600
0.337,1,Jun 06 2023 17: +0,1686067200
0.272,4,Jun 06 2023 18: +0,1686070800
0.339,2,Jun 06 2023 19: +0,1686074400
0.314,3,Jun 06 2023 20: +0,1686078000
0.336,1,Jun 06 2023 21: +0,1686081600
0.342,1,Jun 06 2023 22: +0,1686085200
0.321,2,Jun 06 2023 23: +0,1686088800
0.333,1,Jun 07 2023 03: +0,1686103200
0.288,4,Jun 07 2023 05: +0,1686110400
0.346,4,Jun 07 2023 08: +0,1686121200
0.333,8,Jun 07 2023 09: +0,1686124800
0.288,1,Jun 07 2023 10: +0,1686128400
0.34,1,Jun 07 2023 11: +0,1686132000
0.344,1,Jun 07 2023 12: +0,1686135600
0.345,3,Jun 07 2023 13: +0,1686139200
0.324,2,Jun 07 2023 14: +0,1686142800
0.351,4,Jun 07 2023 15: +0,1686146400
0.32,3,Jun 07 2023 16: +0,1686150000
0.35,3,Jun 07 2023 17: +0,1686153600
0.356,3,Jun 07 2023 18: +0,1686157200
0.313,2,Jun 07 2023 20: +0,1686164400
0.288,1,Jun 07 2023 21: +0,1686168000
0.334,5,Jun 07 2023 22: +0,1686171600
0.351,1,Jun 07 2023 23: +0,1686175200
0.336,1,Jun 08 2023 05: +0,1686196800
0.357,1,Jun 08 2023 07: +0,1686204000
0.358,1,Jun 08 2023 08: +0,1686207600
0.337,2,Jun 08 2023 10: +0,1686214800
0.357,1,Jun 08 2023 11: +0,1686218400
0.29,2,Jun 08 2023 12: +0,1686222000
0.342,2,Jun 08 2023 13: +0,1686225600
0.357,1,Jun 08 2023 14: +0,1686229200
0.304,1,Jun 08 2023 15: +0,1686232800
0.296,4,Jun 08 2023 16: +0,1686236400
0.23,1,Jun 08 2023 17: +0,1686240000
0.24,1,Jun 08 2023 18: +0,1686243600
0.296,3,Jun 08 2023 19: +0,1686247200
0.295,2,Jun 08 2023 20: +0,1686250800
0.481,2,Jun 08 2023 21: +0,1686254400
0.294,2,Jun 08 2023 22: +0,1686258000
0.328,1,Jun 08 2023 23: +0,1686261600
0.327,1,Jun 09 2023 00: +0,1686265200
0.297,2,Jun 09 2023 01: +0,1686268800
0.326,1,Jun 09 2023 02: +0,1686272400
0.296,1,Jun 09 2023 09: +0,1686297600
0.302,1,Jun 09 2023 10: +0,1686301200
0.233,2,Jun 09 2023 11: +0,1686304800
0.325,4,Jun 09 2023 12: +0,1686308400
0.34,5,Jun 09 2023 13: +0,1686312000
0.353,2,Jun 09 2023 14: +0,1686315600
0.304,3,Jun 09 2023 15: +0,1686319200
0.355,1,Jun 09 2023 16: +0,1686322800
0.535,2,Jun 09 2023 18: +0,1686330000
0.297,3,Jun 09 2023 19: +0,1686333600
0.336,1,Jun 09 2023 20: +0,1686337200
0.321,2,Jun 09 2023 21: +0,1686340800
0.311,1,Jun 09 2023 22: +0,1686344400
0.334,1,Jun 10 2023 00: +0,1686351600
0.286,1,Jun 10 2023 01: +0,1686355200
0.338,1,Jun 10 2023 04: +0,1686366000
0.299,2,Jun 10 2023 07: +0,1686376800
0.287,1,Jun 10 2023 09: +0,1686384000
0.309,2,Jun 10 2023 10: +0,1686387600
0.339,3,Jun 10 2023 11: +0,1686391200
0.339,5,Jun 10 2023 12: +0,1686394800
0.357,1,Jun 10 2023 13: +0,1686398400
0.266,1,Jun 10 2023 16: +0,1686409200
0.32,3,Jun 10 2023 18: +0,1686416400
0.292,2,Jun 10 2023 19: +0,1686420000
0.32,1,Jun 10 2023 20: +0,1686423600
0.3,1,Jun 10 2023 21: +0,1686427200
0.32,3,Jun 10 2023 22: +0,1686430800
0.317,2,Jun 10 2023 23: +0,1686434400
0.303,2,Jun 11 2023 02: +0,1686445200
0.271,1,Jun 11 2023 06: +0,1686459600
0.316,1,Jun 11 2023 09: +0,1686470400
0.305,1,Jun 11 2023 10: +0,1686474000
0.284,1,Jun 11 2023 11: +0,1686477600
0.342,1,Jun 11 2023 12: +0,1686481200
0.343,3,Jun 11 2023 13: +0,1686484800
0.322,2,Jun 11 2023 14: +0,1686488400
0.303,1,Jun 11 2023 16: +0,1686495600
0.331,2,Jun 11 2023 17: +0,1686499200
0.303,2,Jun 11 2023 19: +0,1686506400
0.327,1,Jun 11 2023 20: +0,1686510000
0.296,2,Jun 11 2023 21: +0,1686513600
0.331,2,Jun 11 2023 22: +0,1686517200
0.292,1,Jun 12 2023 00: +0,1686524400
0.292,1,Jun 12 2023 04: +0,1686538800
0.325,3,Jun 12 2023 05: +0,1686542400
0.314,2,Jun 12 2023 06: +0,1686546000
0.303,1,Jun 12 2023 11: +0,1686564000
0.343,1,Jun 12 2023 12: +0,1686567600
0.344,1,Jun 12 2023 13: +0,1686571200
0.343,3,Jun 12 2023 15: +0,1686578400
0.346,1,Jun 12 2023 16: +0,1686582000
0.34,15,Jun 12 2023 17: +0,1686585600
0.344,1,Jun 12 2023 18: +0,1686589200
0.316,1,Jun 12 2023 21: +0,1686600000
0.263,1,Jun 12 2023 22: +0,1686603600
0.305,1,Jun 12 2023 23: +0,1686607200
0.325,1,Jun 13 2023 00: +0,1686610800
0.315,2,Jun 13 2023 01: +0,1686614400
0.267,4,Jun 13 2023 10: +0,1686646800
0.321,1,Jun 13 2023 11: +0,1686650400
0.313,3,Jun 13 2023 12: +0,1686654000
0.316,1,Jun 13 2023 13: +0,1686657600
0.322,1,Jun 13 2023 15: +0,1686664800
0.303,1,Jun 13 2023 16: +0,1686668400
0.284,3,Jun 13 2023 17: +0,1686672000
0.312,4,Jun 13 2023 18: +0,1686675600
0.293,5,Jun 13 2023 19: +0,1686679200
0.287,3,Jun 13 2023 20: +0,1686682800
0.266,1,Jun 13 2023 21: +0,1686686400
0.294,1,Jun 13 2023 22: +0,1686690000
0.295,6,Jun 13 2023 23: +0,1686693600
0.311,2,Jun 14 2023 00: +0,1686697200
0.363,1,Jun 14 2023 01: +0,1686700800
0.317,3,Jun 14 2023 02: +0,1686704400
0.282,1,Jun 14 2023 05: +0,1686715200
0.321,11,Jun 14 2023 07: +0,1686722400
0.327,1,Jun 14 2023 08: +0,1686726000
0.282,3,Jun 14 2023 09: +0,1686729600
0.329,1,Jun 14 2023 10: +0,1686733200
0.312,2,Jun 14 2023 12: +0,1686740400
0.324,2,Jun 14 2023 13: +0,1686744000
0.282,3,Jun 14 2023 14: +0,1686747600
0.321,4,Jun 14 2023 15: +0,1686751200
0.29,2,Jun 14 2023 16: +0,1686754800
0.323,1,Jun 14 2023 17: +0,1686758400
0.303,3,Jun 14 2023 18: +0,1686762000
0.341,3,Jun 14 2023 19: +0,1686765600
0.27,1,Jun 14 2023 20: +0,1686769200
0.329,2,Jun 14 2023 21: +0,1686772800
0.281,3,Jun 14 2023 22: +0,1686776400
0.252,1,Jun 14 2023 23: +0,1686780000
0.211,1,Jun 15 2023 00: +0,1686783600
0.276,1,Jun 15 2023 02: +0,1686790800
0.317,1,Jun 15 2023 09: +0,1686816000
0.327,2,Jun 15 2023 11: +0,1686823200
0.284,1,Jun 15 2023 12: +0,1686826800
0.296,2,Jun 15 2023 15: +0,1686837600
0.299,2,Jun 15 2023 16: +0,1686841200
0.262,1,Jun 15 2023 17: +0,1686844800
0.305,3,Jun 15 2023 18: +0,1686848400
0.33,1,Jun 15 2023 19: +0,1686852000
0.309,4,Jun 15 2023 20: +0,1686855600
0.283,3,Jun 15 2023 21: +0,1686859200
0.317,3,Jun 15 2023 22: +0,1686862800
0.297,1,Jun 16 2023 05: +0,1686888000
0.276,2,Jun 16 2023 07: +0,1686895200
0.28,1,Jun 16 2023 08: +0,1686898800
0.287,3,Jun 16 2023 09: +0,1686902400
0.326,1,Jun 16 2023 10: +0,1686906000
0.314,3,Jun 16 2023 11: +0,1686909600
0.314,1,Jun 16 2023 12: +0,1686913200
0.325,2,Jun 16 2023 13: +0,1686916800
0.305,4,Jun 16 2023 14: +0,1686920400
0.301,2,Jun 16 2023 16: +0,1686927600
0.244,1,Jun 16 2023 17: +0,1686931200
0.288,4,Jun 16 2023 18: +0,1686934800
0.293,2,Jun 16 2023 20: +0,1686942000
0.296,3,Jun 16 2023 21: +0,1686945600
0.309,1,Jun 16 2023 22: +0,1686949200
0.314,2,Jun 16 2023 23: +0,1686952800
0.232,1,Jun 17 2023 00: +0,1686956400
0.323,1,Jun 17 2023 01: +0,1686960000
0.304,1,Jun 17 2023 06: +0,1686978000
0.323,1,Jun 17 2023 07: +0,1686981600
0.303,1,Jun 17 2023 09: +0,1686988800
0.305,3,Jun 17 2023 10: +0,1686992400
0.319,1,Jun 17 2023 13: +0,1687003200
0.321,1,Jun 17 2023 14: +0,1687006800
0.278,1,Jun 17 2023 15: +0,1687010400
0.269,1,Jun 17 2023 16: +0,1687014000
0.325,1,Jun 17 2023 17: +0,1687017600
0.324,1,Jun 17 2023 19: +0,1687024800
0.314,2,Jun 17 2023 20: +0,1687028400
0.324,5,Jun 17 2023 21: +0,1687032000
0.324,2,Jun 17 2023 22: +0,1687035600
0.325,1,Jun 17 2023 23: +0,1687039200
0.273,1,Jun 18 2023 02: +0,1687050000
0.278,1,Jun 18 2023 04: +0,1687057200
0.309,2,Jun 18 2023 06: +0,1687064400
0.305,1,Jun 18 2023 07: +0,1687068000
0.296,1,Jun 18 2023 08: +0,1687071600
0.246,1,Jun 18 2023 09: +0,1687075200
0.464,1,Jun 18 2023 10: +0,1687078800
0.314,1,Jun 18 2023 11: +0,1687082400
0.314,2,Jun 18 2023 12: +0,1687086000
0.324,3,Jun 18 2023 13: +0,1687089600
0.299,1,Jun 18 2023 14: +0,1687093200
0.297,1,Jun 18 2023 15: +0,1687096800
0.324,3,Jun 18 2023 17: +0,1687104000
0.297,1,Jun 18 2023 19: +0,1687111200
0.308,4,Jun 18 2023 20: +0,1687114800
0.325,2,Jun 18 2023 21: +0,1687118400
0.422,2,Jun 19 2023 01: +0,1687132800
0.302,2,Jun 19 2023 04: +0,1687143600
0.314,1,Jun 19 2023 07: +0,1687154400
0.319,2,Jun 19 2023 08: +0,1687158000
0.299,1,Jun 19 2023 09: +0,1687161600
0.295,1,Jun 19 2023 10: +0,1687165200
0.324,22,Jun 19 2023 12: +0,1687172400
0.273,1,Jun 19 2023 13: +0,1687176000
0.276,2,Jun 19 2023 14: +0,1687179600
0.32,2,Jun 19 2023 15: +0,1687183200
0.342,4,Jun 19 2023 16: +0,1687186800
0.323,4,Jun 19 2023 17: +0,1687190400
0.325,2,Jun 19 2023 19: +0,1687197600
0.318,2,Jun 19 2023 20: +0,1687201200
0.29,1,Jun 19 2023 22: +0,1687208400
0.331,1,Jun 19 2023 23: +0,1687212000
0.331,1,Jun 20 2023 00: +0,1687215600
0.323,5,Jun 20 2023 01: +0,1687219200
0.28,1,Jun 20 2023 08: +0,1687244400
0.267,1,Jun 20 2023 09: +0,1687248000
0.307,2,Jun 20 2023 10: +0,1687251600
0.318,2,Jun 20 2023 11: +0,1687255200
0.304,2,Jun 20 2023 13: +0,1687262400
0.339,1,Jun 20 2023 14: +0,1687266000
0.318,2,Jun 20 2023 15: +0,1687269600
0.291,1,Jun 20 2023 16: +0,1687273200
0.266,2,Jun 20 2023 18: +0,1687280400
0.34,1,Jun 20 2023 19: +0,1687284000
0.327,2,Jun 20 2023 20: +0,1687287600
0.317,1,Jun 20 2023 22: +0,1687294800
0.329,2,Jun 20 2023 23: +0,1687298400
0.299,3,Jun 21 2023 02: +0,1687309200
0.342,2,Jun 21 2023 04: +0,1687316400
0.34,1,Jun 21 2023 05: +0,1687320000
0.317,3,Jun 21 2023 06: +0,1687323600
0.339,1,Jun 21 2023 08: +0,1687330800
0.344,1,Jun 21 2023 09: +0,1687334400
0.322,3,Jun 21 2023 10: +0,1687338000
0.334,1,Jun 21 2023 11: +0,1687341600
0.317,1,Jun 21 2023 12: +0,1687345200
0.326,2,Jun 21 2023 13: +0,1687348800
0.335,1,Jun 21 2023 14: +0,1687352400
0.338,2,Jun 21 2023 15: +0,1687356000
0.283,1,Jun 21 2023 16: +0,1687359600
0.252,1,Jun 21 2023 17: +0,1687363200
0.322,2,Jun 21 2023 18: +0,1687366800
0.317,1,Jun 21 2023 19: +0,1687370400
0.32,1,Jun 21 2023 20: +0,1687374000
0.283,1,Jun 21 2023 21: +0,1687377600
0.333,1,Jun 21 2023 23: +0,1687384800
0.335,1,Jun 22 2023 01: +0,1687392000
0.264,2,Jun 22 2023 06: +0,1687410000
0.256,1,Jun 22 2023 07: +0,1687413600
0.294,2,Jun 22 2023 08: +0,1687417200
0.34,1,Jun 22 2023 09: +0,1687420800
0.324,2,Jun 22 2023 10: +0,1687424400
0.339,4,Jun 22 2023 11: +0,1687428000
0.344,1,Jun 22 2023 12: +0,1687431600
0.335,2,Jun 22 2023 13: +0,1687435200
0.317,1,Jun 22 2023 14: +0,1687438800
0.281,1,Jun 22 2023 15: +0,1687442400
0.317,2,Jun 22 2023 16: +0,1687446000
0.319,1,Jun 22 2023 17: +0,1687449600
0.316,4,Jun 22 2023 18: +0,1687453200
0.275,1,Jun 22 2023 19: +0,1687456800
0.303,2,Jun 22 2023 21: +0,1687464000
0.461,1,Jun 22 2023 22: +0,1687467600
0.344,3,Jun 23 2023 00: +0,1687474800
0.298,2,Jun 23 2023 01: +0,1687478400
0.314,2,Jun 23 2023 05: +0,1687492800
0.334,1,Jun 23 2023 06: +0,1687496400
0.298,1,Jun 23 2023 08: +0,1687503600
0.309,2,Jun 23 2023 10: +0,1687510800
0.299,5,Jun 23 2023 12: +0,1687518000
0.27,3,Jun 23 2023 13: +0,1687521600
0.303,2,Jun 23 2023 14: +0,1687525200
0.331,1,Jun 23 2023 15: +0,1687528800
0.283,2,Jun 23 2023 16: +0,1687532400
0.281,3,Jun 23 2023 17: +0,1687536000
0.285,2,Jun 23 2023 19: +0,1687543200
0.311,1,Jun 23 2023 20: +0,1687546800
0.292,1,Jun 23 2023 21: +0,1687550400
0.325,1,Jun 23 2023 22: +0,1687554000
0.286,1,Jun 23 2023 23: +0,1687557600
0.325,1,Jun 24 2023 00: +0,1687561200
0.293,2,Jun 24 2023 02: +0,1687568400
0.283,1,Jun 24 2023 03: +0,1687572000
0.263,1,Jun 24 2023 04: +0,1687575600
0.332,2,Jun 24 2023 05: +0,1687579200
0.311,2,Jun 24 2023 08: +0,1687590000
0.289,1,Jun 24 2023 11: +0,1687600800
0.299,1,Jun 24 2023 12: +0,1687604400
0.295,2,Jun 24 2023 13: +0,1687608000
0.291,1,Jun 24 2023 14: +0,1687611600
0.337,20,Jun 24 2023 15: +0,1687615200
0.308,2,Jun 24 2023 16: +0,1687618800
0.351,2,Jun 24 2023 18: +0,1687626000
0.289,2,Jun 24 2023 19: +0,1687629600
0.323,2,Jun 24 2023 21: +0,1687636800
0.299,1,Jun 24 2023 22: +0,1687640400
0.315,1,Jun 25 2023 03: +0,1687658400
0.32,1,Jun 25 2023 08: +0,1687676400
0.315,1,Jun 25 2023 11: +0,1687687200
0.334,2,Jun 25 2023 12: +0,1687690800
0.325,1,Jun 25 2023 13: +0,1687694400
0.328,4,Jun 25 2023 15: +0,1687701600
0.317,3,Jun 25 2023 16: +0,1687705200
0.303,2,Jun 25 2023 18: +0,1687712400
0.344,1,Jun 25 2023 20: +0,1687719600
0.279,1,Jun 25 2023 21: +0,1687723200
0.304,2,Jun 25 2023 22: +0,1687726800
0.329,1,Jun 26 2023 01: +0,1687737600
0.331,2,Jun 26 2023 02: +0,1687741200
0.317,1,Jun 26 2023 04: +0,1687748400
0.344,1,Jun 26 2023 09: +0,1687766400
0.344,3,Jun 26 2023 10: +0,1687770000
0.285,2,Jun 26 2023 12: +0,1687777200
0.35,1,Jun 26 2023 13: +0,1687780800
0.325,1,Jun 26 2023 14: +0,1687784400
0.315,1,Jun 26 2023 15: +0,1687788000
0.299,1,Jun 26 2023 16: +0,1687791600
0.27,3,Jun 26 2023 17: +0,1687795200
0.3,3,Jun 26 2023 20: +0,1687806000
0.281,2,Jun 26 2023 22: +0,1687813200
0.309,1,Jun 27 2023 04: +0,1687834800
0.266,1,Jun 27 2023 05: +0,1687838400
0.31,4,Jun 27 2023 07: +0,1687845600
0.311,1,Jun 27 2023 09: +0,1687852800
0.299,2,Jun 27 2023 10: +0,1687856400
0.307,2,Jun 27 2023 11: +0,1687860000
0.348,3,Jun 27 2023 12: +0,1687863600
0.348,1,Jun 27 2023 13: +0,1687867200
0.313,1,Jun 27 2023 15: +0,1687874400
0.31,4,Jun 27 2023 17: +0,1687881600
0.33,1,Jun 27 2023 18: +0,1687885200
0.311,2,Jun 27 2023 19: +0,1687888800
0.275,2,Jun 27 2023 21: +0,1687896000
0.307,1,Jun 27 2023 22: +0,1687899600
0.335,1,Jun 28 2023 06: +0,1687928400
0.334,1,Jun 28 2023 08: +0,1687935600
0.302,1,Jun 28 2023 09: +0,1687939200
0.319,2,Jun 28 2023 11: +0,1687946400
0.306,2,Jun 28 2023 12: +0,1687950000
0.32,3,Jun 28 2023 13: +0,1687953600
0.269,2,Jun 28 2023 14: +0,1687957200
0.326,2,Jun 28 2023 15: +0,1687960800
0.27,1,Jun 28 2023 17: +0,1687968000
0.332,1,Jun 28 2023 18: +0,1687971600
0.332,3,Jun 28 2023 19: +0,1687975200
0.324,1,Jun 28 2023 21: +0,1687982400
0.312,4,Jun 28 2023 22: +0,1687986000
0.348,2,Jun 28 2023 23: +0,1687989600
0.274,1,Jun 29 2023 01: +0,1687996800
0.334,1,Jun 29 2023 05: +0,1688011200
0.33,2,Jun 29 2023 06: +0,1688014800
0.342,1,Jun 29 2023 07: +0,1688018400
0.344,1,Jun 29 2023 09: +0,1688025600
0.332,1,Jun 29 2023 10: +0,1688029200
0.349,3,Jun 29 2023 11: +0,1688032800
0.31,1,Jun 29 2023 12: +0,1688036400
0.318,2,Jun 29 2023 13: +0,1688040000
0.31,2,Jun 29 2023 14: +0,1688043600
0.329,1,Jun 29 2023 16: +0,1688050800
0.344,2,Jun 29 2023 17: +0,1688054400
0.341,2,Jun 29 2023 18: +0,1688058000
0.318,5,Jun 29 2023 19: +0,1688061600
0.326,1,Jun 29 2023 20: +0,1688065200
0.322,4,Jun 29 2023 21: +0,1688068800
0.294,1,Jun 29 2023 23: +0,1688076000
0.318,5,Jun 30 2023 00: +0,1688079600
0.329,1,Jun 30 2023 01: +0,1688083200
0.335,1,Jun 30 2023 02: +0,1688086800
0.329,1,Jun 30 2023 04: +0,1688094000
0.335,1,Jun 30 2023 05: +0,1688097600
0.328,3,Jun 30 2023 06: +0,1688101200
0.317,1,Jun 30 2023 10: +0,1688115600
0.322,2,Jun 30 2023 11: +0,1688119200
0.33,3,Jun 30 2023 12: +0,1688122800
0.33,6,Jun 30 2023 13: +0,1688126400
0.328,2,Jun 30 2023 14: +0,1688130000
0.315,3,Jun 30 2023 15: +0,1688133600
0.323,3,Jun 30 2023 17: +0,1688140800
0.315,1,Jun 30 2023 18: +0,1688144400
0.334,7,Jun 30 2023 19: +0,1688148000
0.318,2,Jun 30 2023 20: +0,1688151600
0.323,5,Jun 30 2023 21: +0,1688155200
0.327,1,Jun 30 2023 22: +0,1688158800
0.325,1,Jul 01 2023 00: +0,1688166000
0.291,1,Jul 01 2023 03: +0,1688176800
0.303,4,Jul 01 2023 07: +0,1688191200
0.319,4,Jul 01 2023 08: +0,1688194800
0.331,5,Jul 01 2023 09: +0,1688198400
0.291,2,Jul 01 2023 11: +0,1688205600
0.334,1,Jul 01 2023 12: +0,1688209200
0.292,2,Jul 01 2023 13: +0,1688212800
0.263,1,Jul 01 2023 15: +0,1688220000
0.326,1,Jul 01 2023 18: +0,1688230800
0.334,2,Jul 01 2023 19: +0,1688234400
0.282,2,Jul 01 2023 20: +0,1688238000
0.273,1,Jul 01 2023 21: +0,1688241600
0.272,4,Jul 01 2023 22: +0,1688245200
0.298,2,Jul 01 2023 23: +0,1688248800
0.292,1,Jul 02 2023 01: +0,1688256000
0.3,1,Jul 02 2023 02: +0,1688259600
0.344,1,Jul 02 2023 03: +0,1688263200
0.335,2,Jul 02 2023 08: +0,1688281200
0.304,1,Jul 02 2023 10: +0,1688288400
0.294,2,Jul 02 2023 11: +0,1688292000
0.265,1,Jul 02 2023 12: +0,1688295600
0.267,1,Jul 02 2023 13: +0,1688299200
0.286,2,Jul 02 2023 14: +0,1688302800
0.268,2,Jul 02 2023 16: +0,1688310000
0.249,2,Jul 02 2023 17: +0,1688313600
0.282,1,Jul 02 2023 18: +0,1688317200
0.264,1,Jul 02 2023 20: +0,1688324400
0.3,3,Jul 02 2023 21: +0,1688328000
0.3,1,Jul 03 2023 00: +0,1688338800
0.3,1,Jul 03 2023 03: +0,1688349600
0.3,1,Jul 03 2023 05: +0,1688356800
0.289,1,Jul 03 2023 08: +0,1688367600
0.288,1,Jul 03 2023 09: +0,1688371200
0.279,1,Jul 03 2023 10: +0,1688374800
0.27,2,Jul 03 2023 14: +0,1688389200
0.244,1,Jul 03 2023 15: +0,1688392800
0.29,1,Jul 03 2023 16: +0,1688396400
0.284,1,Jul 03 2023 17: +0,1688400000
0.264,3,Jul 03 2023 18: +0,1688403600
0.287,3,Jul 03 2023 19: +0,1688407200
0.281,1,Jul 03 2023 21: +0,1688414400
0.294,1,Jul 03 2023 22: +0,1688418000
0.257,1,Jul 03 2023 23: +0,1688421600
0.28,2,Jul 04 2023 00: +0,1688425200
0.281,1,Jul 04 2023 04: +0,1688439600
0.265,1,Jul 04 2023 05: +0,1688443200
0.266,2,Jul 04 2023 06: +0,1688446800
0.288,1,Jul 04 2023 07: +0,1688450400
0.255,1,Jul 04 2023 08: +0,1688454000
0.287,1,Jul 04 2023 11: +0,1688464800
0.257,2,Jul 04 2023 13: +0,1688472000
0.291,1,Jul 04 2023 16: +0,1688482800
0.274,1,Jul 04 2023 17: +0,1688486400
0.297,1,Jul 04 2023 18: +0,1688490000
0.275,2,Jul 04 2023 19: +0,1688493600
0.277,4,Jul 04 2023 21: +0,1688500800
0.274,7,Jul 04 2023 22: +0,1688504400
0.274,1,Jul 04 2023 23: +0,1688508000
0.291,2,Jul 05 2023 02: +0,1688518800
0.236,1,Jul 05 2023 05: +0,1688529600
0.254,1,Jul 05 2023 06: +0,1688533200
0.308,3,Jul 05 2023 07: +0,1688536800
0.276,1,Jul 05 2023 08: +0,1688540400
0.331,1,Jul 05 2023 09: +0,1688544000
0.301,2,Jul 05 2023 10: +0,1688547600
0.219,1,Jul 05 2023 11: +0,1688551200
0.33,4,Jul 05 2023 12: +0,1688554800
0.266,1,Jul 05 2023 13: +0,1688558400
0.331,2,Jul 05 2023 14: +0,1688562000
0.251,1,Jul 05 2023 15: +0,1688565600
0.299,2,Jul 05 2023 16: +0,1688569200
0.274,1,Jul 05 2023 19: +0,1688580000
0.285,2,Jul 05 2023 20: +0,1688583600
0.265,1,Jul 05 2023 21: +0,1688587200
0.275,1,Jul 05 2023 23: +0,1688594400
0.266,2,Jul 06 2023 02: +0,1688605200
0.262,1,Jul 06 2023 10: +0,1688634000
0.256,1,Jul 06 2023 12: +0,1688641200
0.338,1,Jul 06 2023 13: +0,1688644800
0.269,1,Jul 06 2023 14: +0,1688648400
0.222,1,Jul 06 2023 15: +0,1688652000
0.255,3,Jul 06 2023 16: +0,1688655600
0.297,2,Jul 06 2023 17: +0,1688659200
0.295,2,Jul 06 2023 18: +0,1688662800
0.342,9,Jul 06 2023 19: +0,1688666400
0.348,1,Jul 06 2023 20: +0,1688670000
0.259,1,Jul 06 2023 21: +0,1688673600
0.251,3,Jul 06 2023 22: +0,1688677200
0.243,1,Jul 07 2023 04: +0,1688698800
0.343,1,Jul 07 2023 05: +0,1688702400
0.343,1,Jul 07 2023 07: +0,1688709600
0.255,4,Jul 07 2023 08: +0,1688713200
0.304,2,Jul 07 2023 10: +0,1688720400
0.24,2,Jul 07 2023 12: +0,1688727600
0.236,2,Jul 07 2023 13: +0,1688731200
0.349,3,Jul 07 2023 14: +0,1688734800
0.27,3,Jul 07 2023 16: +0,1688742000
0.332,3,Jul 07 2023 17: +0,1688745600
0.261,1,Jul 07 2023 18: +0,1688749200
0.258,2,Jul 07 2023 19: +0,1688752800
0.171,1,Jul 07 2023 22: +0,1688763600
0.25,3,Jul 08 2023 02: +0,1688778000
0.25,6,Jul 08 2023 03: +0,1688781600
0.334,1,Jul 08 2023 04: +0,1688785200
0.334,1,Jul 08 2023 05: +0,1688788800
0.25,6,Jul 08 2023 08: +0,1688799600
0.25,3,Jul 08 2023 11: +0,1688810400
0.243,1,Jul 08 2023 14: +0,1688821200
0.367,1,Jul 08 2023 15: +0,1688824800
0.378,2,Jul 08 2023 17: +0,1688832000
0.397,1,Jul 08 2023 19: +0,1688839200
0.25,1,Jul 08 2023 20: +0,1688842800
0.38,1,Jul 08 2023 22: +0,1688850000
0.41,1,Jul 09 2023 00: +0,1688857200
0.25,1,Jul 09 2023 08: +0,1688886000
0.248,1,Jul 09 2023 10: +0,1688893200
0.25,1,Jul 09 2023 12: +0,1688900400
0.251,1,Jul 09 2023 13: +0,1688904000
0.216,1,Jul 09 2023 14: +0,1688907600
0.413,2,Jul 09 2023 17: +0,1688918400
0.253,3,Jul 09 2023 18: +0,1688922000
0.248,3,Jul 09 2023 19: +0,1688925600
0.401,1,Jul 09 2023 21: +0,1688932800
0.302,2,Jul 09 2023 22: +0,1688936400
0.249,1,Jul 09 2023 23: +0,1688940000
0.407,1,Jul 10 2023 00: +0,1688943600
0.368,1,Jul 10 2023 02: +0,1688950800
0.231,1,Jul 10 2023 04: +0,1688958000
0.223,1,Jul 10 2023 09: +0,1688976000
0.412,1,Jul 10 2023 10: +0,1688979600
0.308,2,Jul 10 2023 11: +0,1688983200
0.416,1,Jul 10 2023 13: +0,1688990400
0.249,1,Jul 10 2023 16: +0,1689001200
0.252,1,Jul 10 2023 17: +0,1689004800
0.231,1,Jul 10 2023 18: +0,1689008400
0.244,1,Jul 10 2023 20: +0,1689015600
0.231,1,Jul 10 2023 21: +0,1689019200
0.209,1,Jul 10 2023 23: +0,1689026400
0.263,5,Jul 11 2023 06: +0,1689051600
0.238,1,Jul 11 2023 07: +0,1689055200
0.287,1,Jul 11 2023 09: +0,1689062400
0.276,2,Jul 11 2023 10: +0,1689066000
0.251,1,Jul 11 2023 11: +0,1689069600
0.25,2,Jul 11 2023 13: +0,1689076800
0.259,2,Jul 11 2023 14: +0,1689080400
0.247,2,Jul 11 2023 15: +0,1689084000
0.246,1,Jul 11 2023 16: +0,1689087600
0.246,1,Jul 11 2023 17: +0,1689091200
0.26,4,Jul 11 2023 19: +0,1689098400
0.236,4,Jul 11 2023 20: +0,1689102000
0.299,2,Jul 11 2023 21: +0,1689105600
0.239,1,Jul 11 2023 23: +0,1689112800
0.221,2,Jul 12 2023 00: +0,1689116400
0.308,1,Jul 12 2023 01: +0,1689120000
0.234,1,Jul 12 2023 02: +0,1689123600
0.238,1,Jul 12 2023 03: +0,1689127200
0.234,1,Jul 12 2023 04: +0,1689130800
0.305,1,Jul 12 2023 05: +0,1689134400
0.247,2,Jul 12 2023 08: +0,1689145200
0.241,2,Jul 12 2023 09: +0,1689148800
0.212,2,Jul 12 2023 10: +0,1689152400
0.272,1,Jul 12 2023 11: +0,1689156000
0.196,2,Jul 12 2023 12: +0,1689159600
0.231,3,Jul 12 2023 16: +0,1689174000
0.239,1,Jul 12 2023 17: +0,1689177600
0.256,1,Jul 12 2023 18: +0,1689181200
0.239,6,Jul 12 2023 19: +0,1689184800
0.271,1,Jul 12 2023 20: +0,1689188400
0.237,3,Jul 12 2023 22: +0,1689195600
0.237,2,Jul 12 2023 23: +0,1689199200
0.193,1,Jul 13 2023 00: +0,1689202800
0.228,1,Jul 13 2023 01: +0,1689206400
0.252,2,Jul 13 2023 04: +0,1689217200
0.278,5,Jul 13 2023 05: +0,1689220800
0.243,3,Jul 13 2023 09: +0,1689235200
0.296,1,Jul 13 2023 11: +0,1689242400
0.223,2,Jul 13 2023 12: +0,1689246000
0.269,1,Jul 13 2023 13: +0,1689249600
0.238,1,Jul 13 2023 14: +0,1689253200
0.228,4,Jul 13 2023 16: +0,1689260400
0.235,3,Jul 13 2023 17: +0,1689264000
0.245,4,Jul 13 2023 18: +0,1689267600
0.247,2,Jul 13 2023 19: +0,1689271200
0.281,2,Jul 13 2023 20: +0,1689274800
0.255,2,Jul 13 2023 21: +0,1689278400
0.276,1,Jul 13 2023 22: +0,1689282000
0.238,1,Jul 14 2023 02: +0,1689296400
0.256,1,Jul 14 2023 05: +0,1689307200
0.23,2,Jul 14 2023 06: +0,1689310800
0.22,1,Jul 14 2023 07: +0,1689314400
0.273,1,Jul 14 2023 12: +0,1689332400
0.224,1,Jul 14 2023 13: +0,1689336000
0.237,1,Jul 14 2023 15: +0,1689343200
0.234,1,Jul 14 2023 16: +0,1689346800
0.262,1,Jul 14 2023 17: +0,1689350400
0.237,1,Jul 14 2023 19: +0,1689357600
0.234,3,Jul 14 2023 20: +0,1689361200
0.237,3,Jul 14 2023 21: +0,1689364800
0.232,1,Jul 14 2023 22: +0,1689368400
0.238,1,Jul 14 2023 23: +0,1689372000
0.187,1,Jul 15 2023 01: +0,1689379200
0.252,2,Jul 15 2023 03: +0,1689386400
0.266,3,Jul 15 2023 09: +0,1689408000
0.271,3,Jul 15 2023 10: +0,1689411600
0.237,1,Jul 15 2023 11: +0,1689415200
0.266,1,Jul 15 2023 12: +0,1689418800
0.258,2,Jul 15 2023 13: +0,1689422400
0.266,10,Jul 15 2023 15: +0,1689429600
0.259,2,Jul 15 2023 16: +0,1689433200
0.251,2,Jul 15 2023 17: +0,1689436800
0.257,2,Jul 15 2023 18: +0,1689440400
0.244,3,Jul 15 2023 19: +0,1689444000
0.275,1,Jul 15 2023 20: +0,1689447600
0.235,2,Jul 15 2023 21: +0,1689451200
0.194,1,Jul 15 2023 22: +0,1689454800
0.278,10,Jul 15 2023 23: +0,1689458400
0.244,1,Jul 16 2023 06: +0,1689483600
0.262,1,Jul 16 2023 09: +0,1689494400
0.29,1,Jul 16 2023 11: +0,1689501600
0.248,1,Jul 16 2023 14: +0,1689512400
0.263,1,Jul 16 2023 15: +0,1689516000
0.237,2,Jul 16 2023 17: +0,1689523200
0.277,1,Jul 16 2023 18: +0,1689526800
0.256,4,Jul 16 2023 19: +0,1689530400
0.27,1,Jul 16 2023 20: +0,1689534000
0.272,3,Jul 16 2023 21: +0,1689537600
0.253,1,Jul 16 2023 22: +0,1689541200
0.228,1,Jul 17 2023 07: +0,1689573600
0.262,1,Jul 17 2023 10: +0,1689584400
0.273,9,Jul 17 2023 11: +0,1689588000
0.278,1,Jul 17 2023 12: +0,1689591600
0.276,2,Jul 17 2023 16: +0,1689606000
0.277,1,Jul 17 2023 18: +0,1689613200
0.277,1,Jul 17 2023 19: +0,1689616800
0.271,3,Jul 17 2023 20: +0,1689620400
0.266,2,Jul 17 2023 21: +0,1689624000
0.276,1,Jul 17 2023 22: +0,1689627600
0.275,1,Jul 18 2023 00: +0,1689634800
0.265,2,Jul 18 2023 02: +0,1689642000
0.286,1,Jul 18 2023 04: +0,1689649200
0.177,1,Jul 18 2023 08: +0,1689663600
0.279,1,Jul 18 2023 09: +0,1689667200
0.275,1,Jul 18 2023 10: +0,1689670800
0.265,1,Jul 18 2023 12: +0,1689678000
0.282,3,Jul 18 2023 14: +0,1689685200
0.292,2,Jul 18 2023 15: +0,1689688800
0.248,1,Jul 18 2023 16: +0,1689692400
0.273,1,Jul 18 2023 19: +0,1689703200
0.282,2,Jul 19 2023 01: +0,1689724800
0.265,1,Jul 19 2023 02: +0,1689728400
0.264,2,Jul 19 2023 04: +0,1689735600
0.259,1,Jul 19 2023 05: +0,1689739200
0.248,1,Jul 19 2023 06: +0,1689742800
0.194,1,Jul 19 2023 07: +0,1689746400
0.275,1,Jul 19 2023 09: +0,1689753600
0.28,1,Jul 19 2023 10: +0,1689757200
0.252,2,Jul 19 2023 11: +0,1689760800
0.293,16,Jul 19 2023 12: +0,1689764400
0.305,1,Jul 19 2023 13: +0,1689768000
0.304,1,Jul 19 2023 14: +0,1689771600
0.301,1,Jul 19 2023 15: +0,1689775200
0.23,1,Jul 19 2023 16: +0,1689778800
0.231,2,Jul 19 2023 17: +0,1689782400
0.287,1,Jul 19 2023 18: +0,1689786000
0.288,2,Jul 19 2023 19: +0,1689789600
0.267,1,Jul 19 2023 20: +0,1689793200
0.296,4,Jul 19 2023 21: +0,1689796800
0.279,10,Jul 19 2023 22: +0,1689800400
0.201,1,Jul 20 2023 03: +0,1689818400
0.27,1,Jul 20 2023 06: +0,1689829200
0.287,1,Jul 20 2023 09: +0,1689840000
0.283,2,Jul 20 2023 11: +0,1689847200
0.271,1,Jul 20 2023 12: +0,1689850800
0.264,1,Jul 20 2023 13: +0,1689854400
0.279,3,Jul 20 2023 14: +0,1689858000
0.278,1,Jul 20 2023 15: +0,1689861600
0.279,2,Jul 20 2023 16: +0,1689865200
0.265,2,Jul 20 2023 17: +0,1689868800
0.261,1,Jul 20 2023 18: +0,1689872400
0.273,2,Jul 20 2023 19: +0,1689876000
0.281,1,Jul 20 2023 22: +0,1689886800
0.278,1,Jul 21 2023 00: +0,1689894000
0.291,1,Jul 21 2023 04: +0,1689908400
0.268,1,Jul 21 2023 06: +0,1689915600
0.283,3,Jul 21 2023 07: +0,1689919200
0.291,4,Jul 21 2023 08: +0,1689922800
0.225,1,Jul 21 2023 09: +0,1689926400
0.273,3,Jul 21 2023 10: +0,1689930000
0.296,1,Jul 21 2023 11: +0,1689933600
0.304,2,Jul 21 2023 12: +0,1689937200
0.29,1,Jul 21 2023 13: +0,1689940800
0.253,1,Jul 21 2023 14: +0,1689944400
0.254,2,Jul 21 2023 15: +0,1689948000
0.241,3,Jul 21 2023 17: +0,1689955200
0.228,2,Jul 21 2023 18: +0,1689958800
0.269,2,Jul 21 2023 19: +0,1689962400
0.18,1,Jul 21 2023 20: +0,1689966000
0.289,1,Jul 21 2023 21: +0,1689969600
0.256,2,Jul 21 2023 22: +0,1689973200
0.295,1,Jul 21 2023 23: +0,1689976800
0.233,1,Jul 22 2023 01: +0,1689984000
0.274,1,Jul 22 2023 06: +0,1690002000
0.28,1,Jul 22 2023 09: +0,1690012800
0.261,2,Jul 22 2023 10: +0,1690016400
0.265,2,Jul 22 2023 11: +0,1690020000
0.295,1,Jul 22 2023 12: +0,1690023600
0.249,1,Jul 22 2023 13: +0,1690027200
0.277,1,Jul 22 2023 14: +0,1690030800
0.282,3,Jul 22 2023 16: +0,1690038000
0.276,1,Jul 22 2023 17: +0,1690041600
0.276,1,Jul 22 2023 19: +0,1690048800
0.295,3,Jul 22 2023 21: +0,1690056000
0.295,2,Jul 23 2023 00: +0,1690066800
0.211,2,Jul 23 2023 02: +0,1690074000
0.3,1,Jul 23 2023 05: +0,1690084800
0.296,5,Jul 23 2023 07: +0,1690092000
0.289,1,Jul 23 2023 08: +0,1690095600
0.29,2,Jul 23 2023 09: +0,1690099200
0.265,3,Jul 23 2023 10: +0,1690102800
0.296,2,Jul 23 2023 12: +0,1690110000
0.28,1,Jul 23 2023 13: +0,1690113600
0.305,3,Jul 23 2023 14: +0,1690117200
0.287,4,Jul 23 2023 15: +0,1690120800
0.289,8,Jul 23 2023 16: +0,1690124400
0.304,5,Jul 23 2023 17: +0,1690128000
0.296,1,Jul 23 2023 18: +0,1690131600
0.3,2,Jul 23 2023 19: +0,1690135200
0.314,1,Jul 23 2023 20: +0,1690138800
0.303,2,Jul 23 2023 21: +0,1690142400
0.273,1,Jul 23 2023 23: +0,1690149600
0.128,1,Jul 24 2023 01: +0,1690156800
0.309,1,Jul 24 2023 03: +0,1690164000
0.305,2,Jul 24 2023 07: +0,1690178400
0.288,2,Jul 24 2023 08: +0,1690182000
0.296,1,Jul 24 2023 10: +0,1690189200
0.25,1,Jul 24 2023 12: +0,1690196400
0.277,2,Jul 24 2023 13: +0,1690200000
0.289,2,Jul 24 2023 14: +0,1690203600
0.296,1,Jul 24 2023 15: +0,1690207200
0.296,1,Jul 24 2023 17: +0,1690214400
0.289,1,Jul 24 2023 18: +0,1690218000
0.273,1,Jul 24 2023 19: +0,1690221600
0.289,1,Jul 24 2023 20: +0,1690225200
0.289,1,Jul 24 2023 21: +0,1690228800
0.303,2,Jul 24 2023 22: +0,1690232400
0.293,2,Jul 24 2023 23: +0,1690236000
0.289,1,Jul 25 2023 00: +0,1690239600
0.296,1,Jul 25 2023 02: +0,1690246800
0.299,1,Jul 25 2023 05: +0,1690257600
0.273,1,Jul 25 2023 06: +0,1690261200
0.297,3,Jul 25 2023 08: +0,1690268400
0.299,1,Jul 25 2023 09: +0,1690272000
0.265,2,Jul 25 2023 10: +0,1690275600
0.302,1,Jul 25 2023 12: +0,1690282800
0.273,1,Jul 25 2023 15: +0,1690293600
0.296,8,Jul 25 2023 16: +0,1690297200
0.289,3,Jul 25 2023 17: +0,1690300800
0.294,1,Jul 25 2023 18: +0,1690304400
0.297,1,Jul 25 2023 19: +0,1690308000
0.286,1,Jul 25 2023 20: +0,1690311600
0.292,2,Jul 25 2023 22: +0,1690318800
0.294,5,Jul 26 2023 00: +0,1690326000
0.271,1,Jul 26 2023 02: +0,1690333200
0.299,1,Jul 26 2023 08: +0,1690354800
0.304,1,Jul 26 2023 10: +0,1690362000
0.273,2,Jul 26 2023 13: +0,1690372800
0.305,1,Jul 26 2023 14: +0,1690376400
0.293,4,Jul 26 2023 16: +0,1690383600
0.281,2,Jul 26 2023 18: +0,1690390800
0.302,2,Jul 26 2023 19: +0,1690394400
0.345,2,Jul 26 2023 20: +0,1690398000
0.3,12,Jul 26 2023 22: +0,1690405200
0.307,4,Jul 26 2023 23: +0,1690408800
0.312,2,Jul 27 2023 08: +0,1690441200
0.293,1,Jul 27 2023 09: +0,1690444800
0.312,2,Jul 27 2023 11: +0,1690452000
0.317,3,Jul 27 2023 12: +0,1690455600
0.311,1,Jul 27 2023 13: +0,1690459200
0.322,1,Jul 27 2023 15: +0,1690466400
0.322,2,Jul 27 2023 16: +0,1690470000
0.298,1,Jul 27 2023 17: +0,1690473600
0.324,1,Jul 27 2023 18: +0,1690477200
0.3,4,Jul 27 2023 19: +0,1690480800
0.303,1,Jul 27 2023 21: +0,1690488000
0.265,2,Jul 28 2023 00: +0,1690498800
0.339,12,Jul 28 2023 02: +0,1690506000
0.268,1,Jul 28 2023 04: +0,1690513200
0.3,1,Jul 28 2023 07: +0,1690524000
0.3,2,Jul 28 2023 08: +0,1690527600
0.325,1,Jul 28 2023 09: +0,1690531200
0.335,1,Jul 28 2023 11: +0,1690538400
0.311,3,Jul 28 2023 12: +0,1690542000
0.311,3,Jul 28 2023 13: +0,1690545600
0.307,4,Jul 28 2023 14: +0,1690549200
0.327,1,Jul 28 2023 15: +0,1690552800
0.315,2,Jul 28 2023 17: +0,1690560000
0.283,1,Jul 28 2023 18: +0,1690563600
0.303,2,Jul 28 2023 19: +0,1690567200
0.32,1,Jul 28 2023 20: +0,1690570800
0.343,1,Jul 28 2023 21: +0,1690574400
0.356,1,Jul 29 2023 00: +0,1690585200
0.291,1,Jul 29 2023 05: +0,1690603200
0.34,3,Jul 29 2023 06: +0,1690606800
0.296,1,Jul 29 2023 07: +0,1690610400
0.328,1,Jul 29 2023 08: +0,1690614000
0.236,1,Jul 29 2023 13: +0,1690632000
0.318,2,Jul 29 2023 14: +0,1690635600
0.356,3,Jul 29 2023 18: +0,1690650000
0.301,2,Jul 29 2023 19: +0,1690653600
0.304,4,Jul 29 2023 20: +0,1690657200
0.283,1,Jul 29 2023 22: +0,1690664400
0.326,1,Jul 30 2023 00: +0,1690671600
0.299,1,Jul 30 2023 01: +0,1690675200
0.326,1,Jul 30 2023 02: +0,1690678800
0.338,2,Jul 30 2023 08: +0,1690700400
0.299,1,Jul 30 2023 10: +0,1690707600
0.323,2,Jul 30 2023 11: +0,1690711200
0.313,1,Jul 30 2023 14: +0,1690722000
0.31,4,Jul 30 2023 15: +0,1690725600
0.257,1,Jul 30 2023 16: +0,1690729200
0.313,2,Jul 30 2023 17: +0,1690732800
0.283,3,Jul 30 2023 18: +0,1690736400
0.338,3,Jul 30 2023 19: +0,1690740000
0.319,2,Jul 30 2023 20: +0,1690743600
0.288,3,Jul 30 2023 21: +0,1690747200
0.269,3,Jul 30 2023 22: +0,1690750800
0.341,2,Jul 30 2023 23: +0,1690754400
0.346,1,Jul 31 2023 00: +0,1690758000
0.291,1,Jul 31 2023 05: +0,1690776000
0.291,1,Jul 31 2023 08: +0,1690786800
0.341,1,Jul 31 2023 10: +0,1690794000
0.316,2,Jul 31 2023 12: +0,1690801200
0.337,10,Jul 31 2023 13: +0,1690804800
0.341,1,Jul 31 2023 15: +0,1690812000
0.291,1,Jul 31 2023 16: +0,1690815600
0.326,1,Jul 31 2023 17: +0,1690819200
0.309,2,Jul 31 2023 18: +0,1690822800
0.299,1,Jul 31 2023 19: +0,1690826400
0.256,1,Jul 31 2023 20: +0,1690830000
0.282,2,Jul 31 2023 21: +0,1690833600
0.277,1,Aug 01 2023 00: +0,1690844400
0.291,1,Aug 01 2023 03: +0,1690855200
0.29,1,Aug 01 2023 05: +0,1690862400
0.291,1,Aug 01 2023 06: +0,1690866000
0.307,1,Aug 01 2023 07: +0,1690869600
0.29,1,Aug 01 2023 08: +0,1690873200
0.244,1,Aug 01 2023 10: +0,1690880400
0.282,2,Aug 01 2023 11: +0,1690884000
0.305,1,Aug 01 2023 13: +0,1690891200
0.305,1,Aug 01 2023 14: +0,1690894800
0.302,6,Aug 01 2023 16: +0,1690902000
0.257,1,Aug 01 2023 17: +0,1690905600
0.286,2,Aug 01 2023 19: +0,1690912800
0.29,6,Aug 01 2023 20: +0,1690916400
0.286,1,Aug 01 2023 21: +0,1690920000
0.298,1,Aug 01 2023 22: +0,1690923600
0.306,10,Aug 01 2023 23: +0,1690927200
0.267,2,Aug 02 2023 08: +0,1690959600
0.292,1,Aug 02 2023 09: +0,1690963200
0.293,2,Aug 02 2023 10: +0,1690966800
0.309,1,Aug 02 2023 11: +0,1690970400
0.313,2,Aug 02 2023 14: +0,1690981200
0.287,1,Aug 02 2023 16: +0,1690988400
0.301,1,Aug 02 2023 17: +0,1690992000
0.236,1,Aug 02 2023 18: +0,1690995600
0.322,1,Aug 02 2023 19: +0,1690999200
0.331,2,Aug 02 2023 21: +0,1691006400
0.288,1,Aug 02 2023 22: +0,1691010000
0.903,1,Aug 02 2023 23: +0,1691013600
0.284,1,Aug 03 2023 00: +0,1691017200
0.317,6,Aug 03 2023 01: +0,1691020800
0.328,1,Aug 03 2023 03: +0,1691028000
0.326,1,Aug 03 2023 04: +0,1691031600
0.289,1,Aug 03 2023 07: +0,1691042400
0.244,1,Aug 03 2023 08: +0,1691046000
0.326,1,Aug 03 2023 09: +0,1691049600
0.33,2,Aug 03 2023 12: +0,1691060400
0.24,1,Aug 03 2023 15: +0,1691071200
0.284,1,Aug 03 2023 16: +0,1691074800
0.279,1,Aug 03 2023 17: +0,1691078400
0.286,2,Aug 03 2023 18: +0,1691082000
0.272,2,Aug 03 2023 19: +0,1691085600
0.295,2,Aug 03 2023 20: +0,1691089200
0.308,2,Aug 03 2023 22: +0,1691096400
0.283,1,Aug 03 2023 23: +0,1691100000
0.283,1,Aug 04 2023 00: +0,1691103600
0.308,1,Aug 04 2023 03: +0,1691114400
0.29,1,Aug 04 2023 04: +0,1691118000
0.243,2,Aug 04 2023 07: +0,1691128800
0.283,1,Aug 04 2023 09: +0,1691136000
0.281,1,Aug 04 2023 10: +0,1691139600
0.333,1,Aug 04 2023 11: +0,1691143200
0.332,3,Aug 04 2023 12: +0,1691146800
0.296,1,Aug 04 2023 13: +0,1691150400
0.283,1,Aug 04 2023 14: +0,1691154000
0.283,2,Aug 04 2023 15: +0,1691157600
0.313,1,Aug 04 2023 16: +0,1691161200
0.268,1,Aug 04 2023 18: +0,1691168400
0.318,1,Aug 04 2023 19: +0,1691172000
0.298,2,Aug 04 2023 20: +0,1691175600
0.303,2,Aug 04 2023 21: +0,1691179200
0.27,2,Aug 04 2023 22: +0,1691182800
0.318,1,Aug 04 2023 23: +0,1691186400
0.237,1,Aug 05 2023 02: +0,1691197200
0.317,1,Aug 05 2023 07: +0,1691215200
0.26,2,Aug 05 2023 08: +0,1691218800
0.317,1,Aug 05 2023 09: +0,1691222400
0.26,1,Aug 05 2023 10: +0,1691226000
0.274,2,Aug 05 2023 15: +0,1691244000
0.261,1,Aug 05 2023 18: +0,1691254800
0.234,2,Aug 05 2023 19: +0,1691258400
0.281,1,Aug 05 2023 21: +0,1691265600
0.244,1,Aug 05 2023 22: +0,1691269200
0.265,2,Aug 05 2023 23: +0,1691272800
0.26,1,Aug 06 2023 00: +0,1691276400
0.276,1,Aug 06 2023 01: +0,1691280000
0.269,1,Aug 06 2023 04: +0,1691290800
0.244,1,Aug 06 2023 08: +0,1691305200
0.286,2,Aug 06 2023 09: +0,1691308800
0.261,1,Aug 06 2023 10: +0,1691312400
0.278,1,Aug 06 2023 11: +0,1691316000
0.269,4,Aug 06 2023 14: +0,1691326800
0.266,1,Aug 06 2023 16: +0,1691334000
0.262,1,Aug 06 2023 17: +0,1691337600
0.269,1,Aug 06 2023 18: +0,1691341200
0.277,3,Aug 06 2023 19: +0,1691344800
0.277,2,Aug 06 2023 20: +0,1691348400
0.271,2,Aug 06 2023 22: +0,1691355600
0.276,2,Aug 06 2023 23: +0,1691359200
0.262,2,Aug 07 2023 00: +0,1691362800
0.275,1,Aug 07 2023 02: +0,1691370000
0.289,1,Aug 07 2023 03: +0,1691373600
0.299,2,Aug 07 2023 05: +0,1691380800
0.284,5,Aug 07 2023 07: +0,1691388000
0.308,1,Aug 07 2023 08: +0,1691391600
0.275,1,Aug 07 2023 14: +0,1691413200
0.306,2,Aug 07 2023 16: +0,1691420400
0.286,1,Aug 07 2023 17: +0,1691424000
0.303,1,Aug 07 2023 18: +0,1691427600
0.286,1,Aug 07 2023 20: +0,1691434800
0.258,2,Aug 07 2023 22: +0,1691442000
0.274,2,Aug 08 2023 00: +0,1691449200
0.299,1,Aug 08 2023 02: +0,1691456400
0.306,1,Aug 08 2023 08: +0,1691478000
0.306,3,Aug 08 2023 10: +0,1691485200
0.223,1,Aug 08 2023 14: +0,1691499600
0.268,1,Aug 08 2023 18: +0,1691514000
0.242,1,Aug 08 2023 19: +0,1691517600
0.288,2,Aug 08 2023 20: +0,1691521200
0.275,3,Aug 08 2023 21: +0,1691524800
0.283,1,Aug 08 2023 22: +0,1691528400
0.283,1,Aug 08 2023 23: +0,1691532000
0.283,1,Aug 09 2023 00: +0,1691535600
0.283,1,Aug 09 2023 01: +0,1691539200
0.233,1,Aug 09 2023 02: +0,1691542800
0.268,1,Aug 09 2023 05: +0,1691553600
0.249,2,Aug 09 2023 10: +0,1691571600
0.266,1,Aug 09 2023 11: +0,1691575200
0.269,2,Aug 09 2023 12: +0,1691578800
0.272,6,Aug 09 2023 15: +0,1691589600
0.267,1,Aug 09 2023 16: +0,1691593200
0.283,2,Aug 09 2023 17: +0,1691596800
0.267,1,Aug 09 2023 18: +0,1691600400
0.275,1,Aug 09 2023 19: +0,1691604000
0.281,1,Aug 09 2023 20: +0,1691607600
0.275,9,Aug 09 2023 21: +0,1691611200
0.243,2,Aug 09 2023 22: +0,1691614800
0.273,2,Aug 09 2023 23: +0,1691618400
0.275,1,Aug 10 2023 00: +0,1691622000
0.228,2,Aug 10 2023 02: +0,1691629200
0.266,1,Aug 10 2023 03: +0,1691632800
0.275,1,Aug 10 2023 05: +0,1691640000
0.275,1,Aug 10 2023 06: +0,1691643600
0.248,1,Aug 10 2023 07: +0,1691647200
0.257,2,Aug 10 2023 08: +0,1691650800
0.291,2,Aug 10 2023 10: +0,1691658000
0.268,2,Aug 10 2023 13: +0,1691668800
0.246,1,Aug 10 2023 14: +0,1691672400
0.254,1,Aug 10 2023 15: +0,1691676000
0.288,1,Aug 10 2023 16: +0,1691679600
0.29,2,Aug 10 2023 18: +0,1691686800
0.27,4,Aug 10 2023 19: +0,1691690400
0.281,2,Aug 10 2023 20: +0,1691694000
0.272,2,Aug 10 2023 21: +0,1691697600
0.277,2,Aug 11 2023 08: +0,1691737200
0.297,1,Aug 11 2023 09: +0,1691740800
0.28,2,Aug 11 2023 13: +0,1691755200
0.283,3,Aug 11 2023 14: +0,1691758800
0.299,3,Aug 11 2023 15: +0,1691762400
0.299,1,Aug 11 2023 16: +0,1691766000
0.301,3,Aug 11 2023 17: +0,1691769600
0.279,2,Aug 11 2023 18: +0,1691773200
0.284,2,Aug 11 2023 19: +0,1691776800
0.301,2,Aug 11 2023 20: +0,1691780400
0.275,1,Aug 11 2023 23: +0,1691791200
0.29,1,Aug 12 2023 00: +0,1691794800
0.291,2,Aug 12 2023 08: +0,1691823600
0.253,1,Aug 12 2023 09: +0,1691827200
0.302,11,Aug 12 2023 10: +0,1691830800
0.295,2,Aug 12 2023 11: +0,1691834400
0.261,3,Aug 12 2023 12: +0,1691838000
0.268,3,Aug 12 2023 13: +0,1691841600
0.295,2,Aug 12 2023 15: +0,1691848800
0.271,1,Aug 12 2023 16: +0,1691852400
0.282,2,Aug 12 2023 17: +0,1691856000
0.281,1,Aug 12 2023 18: +0,1691859600
0.298,3,Aug 12 2023 19: +0,1691863200
0.291,2,Aug 12 2023 21: +0,1691870400
0.292,5,Aug 12 2023 22: +0,1691874000
0.288,1,Aug 12 2023 23: +0,1691877600
0.304,2,Aug 13 2023 00: +0,1691881200
0.244,1,Aug 13 2023 03: +0,1691892000
0.299,1,Aug 13 2023 05: +0,1691899200
0.3,1,Aug 13 2023 08: +0,1691910000
0.294,2,Aug 13 2023 14: +0,1691931600
0.244,2,Aug 13 2023 15: +0,1691935200
0.298,1,Aug 13 2023 16: +0,1691938800
0.272,2,Aug 13 2023 17: +0,1691942400
0.235,1,Aug 13 2023 19: +0,1691949600
0.293,1,Aug 13 2023 20: +0,1691953200
0.273,2,Aug 13 2023 23: +0,1691964000
0.297,1,Aug 14 2023 00: +0,1691967600
0.252,1,Aug 14 2023 03: +0,1691978400
0.244,2,Aug 14 2023 07: +0,1691992800
0.308,1,Aug 14 2023 08: +0,1691996400
0.292,1,Aug 14 2023 09: +0,1692000000
0.297,1,Aug 14 2023 11: +0,1692007200
0.29,2,Aug 14 2023 13: +0,1692014400
0.291,1,Aug 14 2023 15: +0,1692021600
0.271,2,Aug 14 2023 17: +0,1692028800
0.291,3,Aug 14 2023 18: +0,1692032400
0.278,1,Aug 14 2023 20: +0,1692039600
0.302,1,Aug 14 2023 21: +0,1692043200
0.273,3,Aug 14 2023 22: +0,1692046800
0.282,2,Aug 15 2023 00: +0,1692054000
0.216,1,Aug 15 2023 02: +0,1692061200
0.291,2,Aug 15 2023 09: +0,1692086400
0.293,2,Aug 15 2023 10: +0,1692090000
0.273,1,Aug 15 2023 11: +0,1692093600
0.295,3,Aug 15 2023 15: +0,1692108000
0.22,1,Aug 15 2023 17: +0,1692115200
0.27,1,Aug 15 2023 18: +0,1692118800
0.283,1,Aug 15 2023 19: +0,1692122400
0.244,2,Aug 15 2023 20: +0,1692126000
0.296,4,Aug 15 2023 21: +0,1692129600
0.234,1,Aug 16 2023 00: +0,1692140400
0.298,1,Aug 16 2023 06: +0,1692162000
0.298,1,Aug 16 2023 07: +0,1692165600
0.301,1,Aug 16 2023 08: +0,1692169200
0.234,1,Aug 16 2023 09: +0,1692172800
0.251,1,Aug 16 2023 10: +0,1692176400
0.304,1,Aug 16 2023 11: +0,1692180000
0.3,1,Aug 16 2023 12: +0,1692183600
0.3,1,Aug 16 2023 13: +0,1692187200
0.236,3,Aug 16 2023 14: +0,1692190800
0.298,1,Aug 16 2023 15: +0,1692194400
0.296,3,Aug 16 2023 17: +0,1692201600
0.298,1,Aug 16 2023 18: +0,1692205200
0.3,1,Aug 16 2023 19: +0,1692208800
0.271,4,Aug 16 2023 20: +0,1692212400
0.289,2,Aug 16 2023 21: +0,1692216000
0.252,1,Aug 16 2023 22: +0,1692219600
0.296,1,Aug 16 2023 23: +0,1692223200
0.311,1,Aug 17 2023 01: +0,1692230400
0.282,1,Aug 17 2023 04: +0,1692241200
0.302,1,Aug 17 2023 07: +0,1692252000
0.299,1,Aug 17 2023 08: +0,1692255600
0.275,1,Aug 17 2023 09: +0,1692259200
0.274,2,Aug 17 2023 10: +0,1692262800
0.3,1,Aug 17 2023 11: +0,1692266400
0.275,3,Aug 17 2023 12: +0,1692270000
0.281,2,Aug 17 2023 14: +0,1692277200
0.232,1,Aug 17 2023 15: +0,1692280800
0.291,1,Aug 17 2023 16: +0,1692284400
0.297,2,Aug 17 2023 19: +0,1692295200
0.301,2,Aug 17 2023 20: +0,1692298800
0.267,2,Aug 17 2023 21: +0,1692302400
0.3,1,Aug 17 2023 22: +0,1692306000
0.286,1,Aug 17 2023 23: +0,1692309600
0.298,1,Aug 18 2023 00: +0,1692313200
0.302,1,Aug 18 2023 02: +0,1692320400
0.294,2,Aug 18 2023 04: +0,1692327600
0.307,1,Aug 18 2023 06: +0,1692334800
0.3,1,Aug 18 2023 08: +0,1692342000
0.3,3,Aug 18 2023 12: +0,1692356400
0.293,2,Aug 18 2023 13: +0,1692360000
0.233,1,Aug 18 2023 15: +0,1692367200
0.251,3,Aug 18 2023 16: +0,1692370800
0.3,1,Aug 18 2023 17: +0,1692374400
0.205,3,Aug 18 2023 18: +0,1692378000
0.259,2,Aug 18 2023 19: +0,1692381600
0.285,3,Aug 18 2023 20: +0,1692385200
0.273,1,Aug 18 2023 23: +0,1692396000
0.298,9,Aug 19 2023 00: +0,1692399600
0.262,1,Aug 19 2023 01: +0,1692403200
0.282,1,Aug 19 2023 05: +0,1692417600
0.277,1,Aug 19 2023 06: +0,1692421200
0.303,1,Aug 19 2023 08: +0,1692428400
0.251,1,Aug 19 2023 09: +0,1692432000
0.264,1,Aug 19 2023 10: +0,1692435600
0.303,1,Aug 19 2023 11: +0,1692439200
0.251,1,Aug 19 2023 13: +0,1692446400
0.264,2,Aug 19 2023 14: +0,1692450000
0.269,2,Aug 19 2023 15: +0,1692453600
0.294,1,Aug 19 2023 18: +0,1692464400
0.303,1,Aug 19 2023 19: +0,1692468000
0.307,4,Aug 19 2023 20: +0,1692471600
0.313,1,Aug 19 2023 22: +0,1692478800
0.275,2,Aug 19 2023 23: +0,1692482400
0.219,1,Aug 20 2023 01: +0,1692489600
0.295,1,Aug 20 2023 07: +0,1692511200
0.301,2,Aug 20 2023 09: +0,1692518400
0.243,1,Aug 20 2023 11: +0,1692525600
0.307,3,Aug 20 2023 12: +0,1692529200
0.307,2,Aug 20 2023 13: +0,1692532800
0.243,1,Aug 20 2023 16: +0,1692543600
0.27,2,Aug 20 2023 20: +0,1692558000
0.25,2,Aug 20 2023 22: +0,1692565200
0.284,1,Aug 21 2023 01: +0,1692576000
0.29,2,Aug 21 2023 08: +0,1692601200
0.251,1,Aug 21 2023 10: +0,1692608400
0.262,1,Aug 21 2023 11: +0,1692612000
0.298,1,Aug 21 2023 12: +0,1692615600
0.29,1,Aug 21 2023 13: +0,1692619200
0.279,1,Aug 21 2023 17: +0,1692633600
0.267,1,Aug 21 2023 18: +0,1692637200
0.284,2,Aug 21 2023 22: +0,1692651600
0.238,1,Aug 22 2023 00: +0,1692658800
0.299,1,Aug 22 2023 02: +0,1692666000
0.247,1,Aug 22 2023 04: +0,1692673200
0.251,1,Aug 22 2023 06: +0,1692680400
0.275,1,Aug 22 2023 07: +0,1692684000
0.298,3,Aug 22 2023 11: +0,1692698400
0.258,1,Aug 22 2023 12: +0,1692702000
0.274,1,Aug 22 2023 14: +0,1692709200
0.299,1,Aug 22 2023 15: +0,1692712800
0.254,2,Aug 22 2023 16: +0,1692716400
0.298,6,Aug 22 2023 18: +0,1692723600
0.283,2,Aug 22 2023 19: +0,1692727200
0.347,1,Aug 22 2023 20: +0,1692730800
0.249,1,Aug 22 2023 21: +0,1692734400
0.241,2,Aug 22 2023 22: +0,1692738000
0.294,1,Aug 23 2023 03: +0,1692756000
0.254,1,Aug 23 2023 06: +0,1692766800
0.21,1,Aug 23 2023 08: +0,1692774000
0.276,1,Aug 23 2023 09: +0,1692777600
0.254,1,Aug 23 2023 15: +0,1692799200
0.247,1,Aug 23 2023 16: +0,1692802800
0.297,1,Aug 23 2023 17: +0,1692806400
0.248,2,Aug 23 2023 18: +0,1692810000
0.269,2,Aug 23 2023 19: +0,1692813600
0.283,1,Aug 23 2023 20: +0,1692817200
0.282,2,Aug 23 2023 21: +0,1692820800
0.276,1,Aug 23 2023 22: +0,1692824400
0.246,2,Aug 23 2023 23: +0,1692828000
0.298,1,Aug 24 2023 01: +0,1692835200
0.246,1,Aug 24 2023 03: +0,1692842400
0.283,1,Aug 24 2023 04: +0,1692846000
0.246,1,Aug 24 2023 05: +0,1692849600
0.274,1,Aug 24 2023 07: +0,1692856800
0.27,2,Aug 24 2023 08: +0,1692860400
0.194,2,Aug 24 2023 09: +0,1692864000
0.239,2,Aug 24 2023 12: +0,1692874800
0.261,2,Aug 24 2023 13: +0,1692878400
0.254,1,Aug 24 2023 14: +0,1692882000
0.246,1,Aug 24 2023 17: +0,1692892800
0.254,3,Aug 24 2023 19: +0,1692900000
0.279,2,Aug 24 2023 20: +0,1692903600
0.238,1,Aug 24 2023 23: +0,1692914400
0.281,1,Aug 25 2023 00: +0,1692918000
0.28,1,Aug 25 2023 01: +0,1692921600
0.265,1,Aug 25 2023 02: +0,1692925200
0.249,2,Aug 25 2023 03: +0,1692928800
0.286,12,Aug 25 2023 06: +0,1692939600
0.303,1,Aug 25 2023 07: +0,1692943200
0.292,1,Aug 25 2023 08: +0,1692946800
0.298,1,Aug 25 2023 09: +0,1692950400
0.255,1,Aug 25 2023 12: +0,1692961200
0.282,1,Aug 25 2023 13: +0,1692964800
0.286,1,Aug 25 2023 15: +0,1692972000
0.267,1,Aug 25 2023 17: +0,1692979200
0.288,2,Aug 25 2023 18: +0,1692982800
0.258,4,Aug 25 2023 20: +0,1692990000
0.274,3,Aug 26 2023 00: +0,1693004400
0.246,1,Aug 26 2023 08: +0,1693033200
0.257,2,Aug 26 2023 11: +0,1693044000
0.254,2,Aug 26 2023 12: +0,1693047600
0.247,2,Aug 26 2023 14: +0,1693054800
0.254,3,Aug 26 2023 15: +0,1693058400
0.238,1,Aug 26 2023 16: +0,1693062000
0.292,1,Aug 26 2023 18: +0,1693069200
0.291,2,Aug 26 2023 19: +0,1693072800
0.273,1,Aug 26 2023 20: +0,1693076400
0.254,3,Aug 26 2023 21: +0,1693080000
0.254,2,Aug 26 2023 22: +0,1693083600
0.248,1,Aug 27 2023 00: +0,1693090800
0.238,1,Aug 27 2023 01: +0,1693094400
0.272,1,Aug 27 2023 04: +0,1693105200
0.274,3,Aug 27 2023 06: +0,1693112400
0.265,2,Aug 27 2023 10: +0,1693126800
0.289,1,Aug 27 2023 11: +0,1693130400
0.27,4,Aug 27 2023 14: +0,1693141200
0.263,2,Aug 27 2023 15: +0,1693144800
0.274,1,Aug 27 2023 18: +0,1693155600
0.254,4,Aug 27 2023 19: +0,1693159200
0.286,17,Aug 27 2023 20: +0,1693162800
0.232,1,Aug 28 2023 00: +0,1693177200
0.274,1,Aug 28 2023 01: +0,1693180800
0.254,1,Aug 28 2023 02: +0,1693184400
0.277,1,Aug 28 2023 03: +0,1693188000
0.171,1,Aug 28 2023 05: +0,1693195200
0.246,1,Aug 28 2023 08: +0,1693206000
0.268,2,Aug 28 2023 10: +0,1693213200
0.264,3,Aug 28 2023 12: +0,1693220400
0.235,1,Aug 28 2023 13: +0,1693224000
0.28,2,Aug 28 2023 14: +0,1693227600
0.276,2,Aug 28 2023 15: +0,1693231200
0.309,1,Aug 28 2023 17: +0,1693238400
0.248,4,Aug 28 2023 18: +0,1693242000
0.252,5,Aug 28 2023 19: +0,1693245600
0.194,3,Aug 28 2023 20: +0,1693249200
0.244,1,Aug 28 2023 21: +0,1693252800
0.212,1,Aug 28 2023 22: +0,1693256400
0.244,2,Aug 28 2023 23: +0,1693260000
0.255,3,Aug 29 2023 01: +0,1693267200
0.263,2,Aug 29 2023 06: +0,1693285200
0.264,1,Aug 29 2023 11: +0,1693303200
0.241,2,Aug 29 2023 12: +0,1693306800
0.234,1,Aug 29 2023 13: +0,1693310400
0.245,2,Aug 29 2023 14: +0,1693314000
0.252,1,Aug 29 2023 15: +0,1693317600
0.254,2,Aug 29 2023 16: +0,1693321200
0.278,3,Aug 29 2023 18: +0,1693328400
0.272,7,Aug 29 2023 19: +0,1693332000
0.259,4,Aug 29 2023 20: +0,1693335600
0.268,1,Aug 29 2023 21: +0,1693339200
0.243,3,Aug 29 2023 22: +0,1693342800
0.284,10,Aug 30 2023 01: +0,1693353600
0.291,1,Aug 30 2023 02: +0,1693357200
0.449,1,Aug 30 2023 04: +0,1693364400
0.302,1,Aug 30 2023 05: +0,1693368000
0.277,1,Aug 30 2023 07: +0,1693375200
0.227,1,Aug 30 2023 08: +0,1693378800
0.271,2,Aug 30 2023 09: +0,1693382400
0.244,1,Aug 30 2023 11: +0,1693389600
0.293,1,Aug 30 2023 12: +0,1693393200
0.234,1,Aug 30 2023 13: +0,1693396800
0.291,1,Aug 30 2023 15: +0,1693404000
0.269,2,Aug 30 2023 16: +0,1693407600
0.244,1,Aug 30 2023 17: +0,1693411200
0.284,1,Aug 30 2023 18: +0,1693414800
0.285,3,Aug 30 2023 19: +0,1693418400
0.275,1,Aug 30 2023 21: +0,1693425600
0.198,1,Aug 30 2023 22: +0,1693429200
0.219,1,Aug 31 2023 00: +0,1693436400
0.231,2,Aug 31 2023 04: +0,1693450800
0.245,1,Aug 31 2023 09: +0,1693468800
0.262,2,Aug 31 2023 10: +0,1693472400
0.235,1,Aug 31 2023 11: +0,1693476000
0.267,2,Aug 31 2023 12: +0,1693479600
0.237,1,Aug 31 2023 13: +0,1693483200
0.278,1,Aug 31 2023 15: +0,1693490400
0.262,2,Aug 31 2023 16: +0,1693494000
0.245,5,Aug 31 2023 17: +0,1693497600
0.281,5,Aug 31 2023 18: +0,1693501200
0.249,1,Aug 31 2023 19: +0,1693504800
0.268,1,Aug 31 2023 22: +0,1693515600
0.233,2,Sep 01 2023 03: +0,1693533600
0.274,2,Sep 01 2023 08: +0,1693551600
0.232,2,Sep 01 2023 10: +0,1693558800
0.235,1,Sep 01 2023 11: +0,1693562400
0.252,2,Sep 01 2023 12: +0,1693566000
0.237,1,Sep 01 2023 13: +0,1693569600
0.252,1,Sep 01 2023 17: +0,1693584000
0.285,2,Sep 01 2023 18: +0,1693587600
0.256,2,Sep 01 2023 19: +0,1693591200
0.281,2,Sep 01 2023 20: +0,1693594800
0.283,1,Sep 01 2023 21: +0,1693598400
0.268,2,Sep 02 2023 01: +0,1693612800
0.252,1,Sep 02 2023 02: +0,1693616400
0.274,1,Sep 02 2023 03: +0,1693620000
0.264,1,Sep 02 2023 09: +0,1693641600
0.196,1,Sep 02 2023 10: +0,1693645200
0.274,11,Sep 02 2023 11: +0,1693648800
0.285,2,Sep 02 2023 12: +0,1693652400
0.282,2,Sep 02 2023 13: +0,1693656000
0.289,1,Sep 02 2023 16: +0,1693666800
0.236,1,Sep 02 2023 17: +0,1693670400
0.259,2,Sep 02 2023 18: +0,1693674000
0.257,1,Sep 02 2023 19: +0,1693677600
0.259,1,Sep 02 2023 20: +0,1693681200
0.256,3,Sep 02 2023 21: +0,1693684800
0.275,2,Sep 02 2023 23: +0,1693692000
0.252,1,Sep 03 2023 00: +0,1693695600
0.283,2,Sep 03 2023 01: +0,1693699200
0.291,1,Sep 03 2023 06: +0,1693717200
0.271,2,Sep 03 2023 09: +0,1693728000
0.291,1,Sep 03 2023 10: +0,1693731600
0.286,2,Sep 03 2023 11: +0,1693735200
0.268,1,Sep 03 2023 12: +0,1693738800
0.283,6,Sep 03 2023 17: +0,1693756800
0.243,1,Sep 03 2023 18: +0,1693760400
0.279,3,Sep 03 2023 19: +0,1693764000
0.22,3,Sep 03 2023 20: +0,1693767600
0.282,2,Sep 03 2023 21: +0,1693771200
0.262,4,Sep 03 2023 22: +0,1693774800
0.268,1,Sep 04 2023 03: +0,1693792800
0.28,2,Sep 04 2023 04: +0,1693796400
0.291,1,Sep 04 2023 05: +0,1693800000
0.293,2,Sep 04 2023 06: +0,1693803600
0.291,2,Sep 04 2023 07: +0,1693807200
0.295,3,Sep 04 2023 08: +0,1693810800
0.3,2,Sep 04 2023 09: +0,1693814400
0.297,1,Sep 04 2023 10: +0,1693818000
0.28,3,Sep 04 2023 11: +0,1693821600
0.288,2,Sep 04 2023 12: +0,1693825200
0.306,1,Sep 04 2023 13: +0,1693828800
0.28,1,Sep 04 2023 14: +0,1693832400
0.3,2,Sep 04 2023 15: +0,1693836000
0.258,1,Sep 04 2023 17: +0,1693843200
0.304,3,Sep 04 2023 18: +0,1693846800
0.282,2,Sep 04 2023 19: +0,1693850400
0.454,1,Sep 04 2023 20: +0,1693854000
0.302,4,Sep 04 2023 21: +0,1693857600
0.306,2,Sep 05 2023 02: +0,1693875600
0.306,1,Sep 05 2023 06: +0,1693890000
0.298,1,Sep 05 2023 07: +0,1693893600
0.298,3,Sep 05 2023 08: +0,1693897200
0.302,2,Sep 05 2023 09: +0,1693900800
0.306,1,Sep 05 2023 10: +0,1693904400
0.271,1,Sep 05 2023 11: +0,1693908000
0.306,1,Sep 05 2023 12: +0,1693911600
0.313,2,Sep 05 2023 13: +0,1693915200
0.213,1,Sep 05 2023 14: +0,1693918800
0.315,2,Sep 05 2023 15: +0,1693922400
0.315,3,Sep 05 2023 16: +0,1693926000
0.219,2,Sep 05 2023 17: +0,1693929600
0.241,1,Sep 05 2023 18: +0,1693933200
0.297,1,Sep 05 2023 19: +0,1693936800
0.295,1,Sep 05 2023 20: +0,1693940400
0.288,1,Sep 05 2023 21: +0,1693944000
0.285,2,Sep 05 2023 22: +0,1693947600
0.297,1,Sep 06 2023 00: +0,1693954800
0.299,2,Sep 06 2023 01: +0,1693958400
0.306,4,Sep 06 2023 02: +0,1693962000
0.314,2,Sep 06 2023 03: +0,1693965600
0.314,1,Sep 06 2023 06: +0,1693976400
0.33,1,Sep 06 2023 08: +0,1693983600
0.34,1,Sep 06 2023 09: +0,1693987200
0.343,3,Sep 06 2023 10: +0,1693990800
0.329,1,Sep 06 2023 12: +0,1693998000
0.358,2,Sep 06 2023 13: +0,1694001600
0.35,2,Sep 06 2023 15: +0,1694008800
0.349,3,Sep 06 2023 16: +0,1694012400
0.287,3,Sep 06 2023 17: +0,1694016000
0.332,2,Sep 06 2023 18: +0,1694019600
0.373,2,Sep 06 2023 19: +0,1694023200
0.329,1,Sep 06 2023 20: +0,1694026800
0.258,1,Sep 06 2023 21: +0,1694030400
0.322,3,Sep 06 2023 22: +0,1694034000
0.302,1,Sep 07 2023 04: +0,1694055600
0.279,2,Sep 07 2023 09: +0,1694073600
0.233,1,Sep 07 2023 10: +0,1694077200
0.375,1,Sep 07 2023 11: +0,1694080800
0.376,4,Sep 07 2023 12: +0,1694084400
0.306,2,Sep 07 2023 14: +0,1694091600
0.29,1,Sep 07 2023 16: +0,1694098800
0.328,3,Sep 07 2023 17: +0,1694102400
0.243,1,Sep 07 2023 18: +0,1694106000
0.304,4,Sep 07 2023 19: +0,1694109600
0.344,1,Sep 07 2023 20: +0,1694113200
0.312,2,Sep 07 2023 21: +0,1694116800
0.3,2,Sep 07 2023 23: +0,1694124000
0.279,1,Sep 08 2023 03: +0,1694138400
0.323,1,Sep 08 2023 06: +0,1694149200
0.31,1,Sep 08 2023 07: +0,1694152800
0.321,2,Sep 08 2023 10: +0,1694163600
0.306,1,Sep 08 2023 12: +0,1694170800
0.264,2,Sep 08 2023 13: +0,1694174400
0.322,4,Sep 08 2023 14: +0,1694178000
0.339,2,Sep 08 2023 15: +0,1694181600
0.301,2,Sep 08 2023 16: +0,1694185200
0.321,2,Sep 08 2023 17: +0,1694188800
0.339,2,Sep 08 2023 19: +0,1694196000
0.337,2,Sep 08 2023 20: +0,1694199600
0.306,3,Sep 08 2023 21: +0,1694203200
0.33,2,Sep 08 2023 23: +0,1694210400
0.352,1,Sep 09 2023 05: +0,1694232000
0.294,2,Sep 09 2023 06: +0,1694235600
0.243,1,Sep 09 2023 07: +0,1694239200
0.306,2,Sep 09 2023 08: +0,1694242800
0.306,1,Sep 09 2023 09: +0,1694246400
0.35,2,Sep 09 2023 13: +0,1694260800
0.336,1,Sep 09 2023 14: +0,1694264400
0.306,1,Sep 09 2023 15: +0,1694268000
0.315,2,Sep 09 2023 16: +0,1694271600
0.29,3,Sep 09 2023 17: +0,1694275200
0.295,2,Sep 09 2023 18: +0,1694278800
0.326,3,Sep 09 2023 19: +0,1694282400
0.33,1,Sep 09 2023 20: +0,1694286000
0.312,2,Sep 09 2023 21: +0,1694289600
0.319,2,Sep 09 2023 22: +0,1694293200
0.342,4,Sep 09 2023 23: +0,1694296800
0.406,1,Sep 10 2023 00: +0,1694300400
0.342,1,Sep 10 2023 01: +0,1694304000
0.287,1,Sep 10 2023 02: +0,1694307600
0.233,1,Sep 10 2023 03: +0,1694311200
0.325,1,Sep 10 2023 04: +0,1694314800
0.336,2,Sep 10 2023 06: +0,1694322000
0.233,1,Sep 10 2023 08: +0,1694329200
0.345,1,Sep 10 2023 09: +0,1694332800
0.315,1,Sep 10 2023 10: +0,1694336400
0.286,3,Sep 10 2023 12: +0,1694343600
0.347,1,Sep 10 2023 13: +0,1694347200
0.273,2,Sep 10 2023 14: +0,1694350800
0.338,2,Sep 10 2023 15: +0,1694354400
0.351,3,Sep 10 2023 16: +0,1694358000
0.344,3,Sep 10 2023 17: +0,1694361600
0.367,2,Sep 10 2023 18: +0,1694365200
0.362,4,Sep 10 2023 19: +0,1694368800
0.324,2,Sep 10 2023 20: +0,1694372400
0.362,1,Sep 10 2023 23: +0,1694383200
0.374,1,Sep 11 2023 00: +0,1694386800
0.287,3,Sep 11 2023 02: +0,1694394000
0.298,1,Sep 11 2023 04: +0,1694401200
0.346,2,Sep 11 2023 05: +0,1694404800
0.371,2,Sep 11 2023 08: +0,1694415600
0.322,1,Sep 11 2023 09: +0,1694419200
0.379,1,Sep 11 2023 11: +0,1694426400
0.38,1,Sep 11 2023 12: +0,1694430000
0.343,3,Sep 11 2023 13: +0,1694433600
0.312,1,Sep 11 2023 14: +0,1694437200
0.334,2,Sep 11 2023 15: +0,1694440800
0.348,2,Sep 11 2023 17: +0,1694448000
0.366,1,Sep 11 2023 18: +0,1694451600
0.387,1,Sep 11 2023 19: +0,1694455200
0.387,1,Sep 11 2023 20: +0,1694458800
0.283,1,Sep 11 2023 22: +0,1694466000
0.374,2,Sep 11 2023 23: +0,1694469600
0.334,2,Sep 12 2023 01: +0,1694476800
0.407,1,Sep 12 2023 06: +0,1694494800
0.352,1,Sep 12 2023 07: +0,1694498400
0.408,1,Sep 12 2023 08: +0,1694502000
0.423,1,Sep 12 2023 09: +0,1694505600
0.371,2,Sep 12 2023 12: +0,1694516400
0.352,1,Sep 12 2023 13: +0,1694520000
0.385,3,Sep 12 2023 14: +0,1694523600
0.342,4,Sep 12 2023 15: +0,1694527200
0.33,1,Sep 12 2023 16: +0,1694530800
0.347,2,Sep 12 2023 17: +0,1694534400
0.344,1,Sep 12 2023 18: +0,1694538000
0.293,1,Sep 12 2023 19: +0,1694541600
0.386,1,Sep 12 2023 20: +0,1694545200
0.361,3,Sep 12 2023 22: +0,1694552400
0.364,1,Sep 13 2023 02: +0,1694566800
0.377,2,Sep 13 2023 03: +0,1694570400
0.354,2,Sep 13 2023 11: +0,1694599200
0.341,2,Sep 13 2023 12: +0,1694602800
0.362,3,Sep 13 2023 13: +0,1694606400
0.374,1,Sep 13 2023 14: +0,1694610000
0.37,3,Sep 13 2023 15: +0,1694613600
0.338,3,Sep 13 2023 16: +0,1694617200
0.33,3,Sep 13 2023 19: +0,1694628000
0.37,7,Sep 13 2023 20: +0,1694631600
0.386,7,Sep 13 2023 22: +0,1694638800
0.37,1,Sep 13 2023 23: +0,1694642400
0.386,4,Sep 14 2023 00: +0,1694646000
0.41,4,Sep 14 2023 01: +0,1694649600
0.402,1,Sep 14 2023 02: +0,1694653200
0.415,1,Sep 14 2023 07: +0,1694671200
0.386,1,Sep 14 2023 11: +0,1694685600
0.416,2,Sep 14 2023 12: +0,1694689200
0.406,4,Sep 14 2023 13: +0,1694692800
0.418,3,Sep 14 2023 14: +0,1694696400
0.427,7,Sep 14 2023 15: +0,1694700000
0.39,2,Sep 14 2023 16: +0,1694703600
0.401,2,Sep 14 2023 17: +0,1694707200
0.381,1,Sep 14 2023 18: +0,1694710800
0.401,2,Sep 14 2023 19: +0,1694714400
0.386,1,Sep 14 2023 20: +0,1694718000
0.424,1,Sep 14 2023 21: +0,1694721600
0.39,2,Sep 14 2023 22: +0,1694725200
0.427,6,Sep 15 2023 01: +0,1694736000
0.394,3,Sep 15 2023 02: +0,1694739600
0.37,1,Sep 15 2023 06: +0,1694754000
0.42,2,Sep 15 2023 08: +0,1694761200
0.422,1,Sep 15 2023 10: +0,1694768400
0.378,1,Sep 15 2023 11: +0,1694772000
0.374,2,Sep 15 2023 12: +0,1694775600
0.38,1,Sep 15 2023 13: +0,1694779200
0.346,1,Sep 15 2023 15: +0,1694786400
0.352,1,Sep 15 2023 16: +0,1694790000
0.379,2,Sep 15 2023 17: +0,1694793600
0.411,2,Sep 15 2023 18: +0,1694797200
0.376,2,Sep 15 2023 19: +0,1694800800
0.398,2,Sep 15 2023 20: +0,1694804400
0.412,1,Sep 16 2023 00: +0,1694818800
0.422,1,Sep 16 2023 02: +0,1694826000
0.419,1,Sep 16 2023 06: +0,1694840400
0.38,1,Sep 16 2023 07: +0,1694844000
0.412,3,Sep 16 2023 09: +0,1694851200
0.412,3,Sep 16 2023 10: +0,1694854800
0.404,1,Sep 16 2023 11: +0,1694858400
0.408,2,Sep 16 2023 12: +0,1694862000
0.364,2,Sep 16 2023 13: +0,1694865600
0.405,3,Sep 16 2023 14: +0,1694869200
0.395,1,Sep 16 2023 17: +0,1694880000
0.412,1,Sep 16 2023 18: +0,1694883600
0.408,4,Sep 16 2023 19: +0,1694887200
0.41,3,Sep 16 2023 20: +0,1694890800
0.41,3,Sep 16 2023 21: +0,1694894400
0.422,3,Sep 16 2023 22: +0,1694898000
0.386,1,Sep 17 2023 01: +0,1694908800
0.409,1,Sep 17 2023 05: +0,1694923200
0.346,1,Sep 17 2023 06: +0,1694926800
0.409,2,Sep 17 2023 08: +0,1694934000
0.409,1,Sep 17 2023 10: +0,1694941200
0.348,4,Sep 17 2023 11: +0,1694944800
0.409,3,Sep 17 2023 12: +0,1694948400
0.408,1,Sep 17 2023 13: +0,1694952000
0.412,1,Sep 17 2023 14: +0,1694955600
0.397,3,Sep 17 2023 16: +0,1694962800
0.409,5,Sep 17 2023 17: +0,1694966400
0.407,4,Sep 17 2023 18: +0,1694970000
0.38,1,Sep 17 2023 19: +0,1694973600
0.393,2,Sep 17 2023 20: +0,1694977200
0.413,3,Sep 17 2023 21: +0,1694980800
0.399,1,Sep 17 2023 23: +0,1694988000
0.404,1,Sep 18 2023 00: +0,1694991600
0.38,3,Sep 18 2023 04: +0,1695006000
0.412,1,Sep 18 2023 05: +0,1695009600
0.421,1,Sep 18 2023 06: +0,1695013200
0.396,1,Sep 18 2023 07: +0,1695016800
0.404,2,Sep 18 2023 08: +0,1695020400
0.42,1,Sep 18 2023 10: +0,1695027600
0.409,3,Sep 18 2023 11: +0,1695031200
0.406,2,Sep 18 2023 13: +0,1695038400
0.406,3,Sep 18 2023 15: +0,1695045600
0.41,2,Sep 18 2023 16: +0,1695049200
0.404,2,Sep 18 2023 17: +0,1695052800
0.413,1,Sep 18 2023 20: +0,1695063600
0.405,3,Sep 18 2023 21: +0,1695067200
0.423,1,Sep 18 2023 22: +0,1695070800
0.376,1,Sep 18 2023 23: +0,1695074400
0.37,2,Sep 19 2023 01: +0,1695081600
0.377,1,Sep 19 2023 03: +0,1695088800
0.377,1,Sep 19 2023 07: +0,1695103200
0.38,1,Sep 19 2023 09: +0,1695110400
0.402,2,Sep 19 2023 10: +0,1695114000
0.421,1,Sep 19 2023 11: +0,1695117600
0.401,2,Sep 19 2023 14: +0,1695128400
0.361,1,Sep 19 2023 15: +0,1695132000
0.418,6,Sep 19 2023 16: +0,1695135600
0.418,3,Sep 19 2023 17: +0,1695139200
0.412,2,Sep 19 2023 18: +0,1695142800
0.424,3,Sep 19 2023 19: +0,1695146400
0.426,4,Sep 19 2023 20: +0,1695150000
0.419,1,Sep 19 2023 23: +0,1695160800
0.397,1,Sep 20 2023 00: +0,1695164400
0.43,8,Sep 20 2023 07: +0,1695189600
0.453,1,Sep 20 2023 12: +0,1695207600
0.438,2,Sep 20 2023 13: +0,1695211200
0.453,5,Sep 20 2023 14: +0,1695214800
0.481,1,Sep 20 2023 15: +0,1695218400
0.447,2,Sep 20 2023 17: +0,1695225600
0.445,2,Sep 20 2023 18: +0,1695229200
0.403,1,Sep 20 2023 19: +0,1695232800
0.447,2,Sep 20 2023 22: +0,1695243600
0.474,1,Sep 20 2023 23: +0,1695247200
0.451,1,Sep 21 2023 00: +0,1695250800
0.469,1,Sep 21 2023 01: +0,1695254400
0.451,1,Sep 21 2023 03: +0,1695261600
0.339,1,Sep 21 2023 04: +0,1695265200
0.471,8,Sep 21 2023 07: +0,1695276000
0.475,1,Sep 21 2023 08: +0,1695279600
0.481,3,Sep 21 2023 11: +0,1695290400
0.508,1,Sep 21 2023 12: +0,1695294000
0.513,1,Sep 21 2023 13: +0,1695297600
0.479,2,Sep 21 2023 14: +0,1695301200
0.475,2,Sep 21 2023 15: +0,1695304800
0.57,1,Sep 21 2023 16: +0,1695308400
0.57,1,Sep 21 2023 18: +0,1695315600
0.582,1,Sep 21 2023 19: +0,1695319200
0.603,2,Sep 21 2023 20: +0,1695322800
0.602,1,Sep 21 2023 22: +0,1695330000
0.593,1,Sep 21 2023 23: +0,1695333600
0.41,3,Sep 22 2023 10: +0,1695373200
0.481,1,Sep 22 2023 12: +0,1695380400
0.475,1,Sep 22 2023 13: +0,1695384000
0.478,2,Sep 22 2023 16: +0,1695394800
0.475,1,Sep 22 2023 18: +0,1695402000
0.492,5,Sep 22 2023 19: +0,1695405600
0.493,3,Sep 22 2023 20: +0,1695409200
0.489,1,Sep 22 2023 21: +0,1695412800
0.451,3,Sep 22 2023 22: +0,1695416400
0.456,2,Sep 22 2023 23: +0,1695420000
0.459,2,Sep 23 2023 01: +0,1695427200
0.418,1,Sep 23 2023 03: +0,1695434400
0.484,8,Sep 23 2023 08: +0,1695452400
0.443,1,Sep 23 2023 09: +0,1695456000
0.475,2,Sep 23 2023 10: +0,1695459600
0.514,1,Sep 23 2023 12: +0,1695466800
0.517,1,Sep 23 2023 13: +0,1695470400
0.602,1,Sep 23 2023 15: +0,1695477600
0.475,3,Sep 23 2023 20: +0,1695495600
0.459,2,Sep 23 2023 21: +0,1695499200
0.374,1,Sep 23 2023 22: +0,1695502800
0.418,1,Sep 23 2023 23: +0,1695506400
0.467,1,Sep 24 2023 00: +0,1695510000
0.467,1,Sep 24 2023 01: +0,1695513600
0.434,1,Sep 24 2023 03: +0,1695520800
0.451,1,Sep 24 2023 04: +0,1695524400
0.418,1,Sep 24 2023 07: +0,1695535200
0.481,1,Sep 24 2023 08: +0,1695538800
0.474,2,Sep 24 2023 09: +0,1695542400
0.475,2,Sep 24 2023 10: +0,1695546000
0.451,1,Sep 24 2023 11: +0,1695549600
0.471,3,Sep 24 2023 12: +0,1695553200
0.475,4,Sep 24 2023 13: +0,1695556800
0.48,1,Sep 24 2023 14: +0,1695560400
0.443,1,Sep 24 2023 15: +0,1695564000
0.418,1,Sep 24 2023 16: +0,1695567600
0.471,1,Sep 24 2023 17: +0,1695571200
0.443,2,Sep 24 2023 18: +0,1695574800
0.451,1,Sep 24 2023 19: +0,1695578400
0.457,2,Sep 24 2023 20: +0,1695582000
0.392,2,Sep 24 2023 21: +0,1695585600
0.418,1,Sep 25 2023 01: +0,1695600000
0.41,1,Sep 25 2023 07: +0,1695621600
0.426,6,Sep 25 2023 09: +0,1695628800
0.442,2,Sep 25 2023 13: +0,1695643200
0.447,1,Sep 25 2023 14: +0,1695646800
0.418,3,Sep 25 2023 16: +0,1695654000
0.396,2,Sep 25 2023 17: +0,1695657600
0.401,3,Sep 25 2023 19: +0,1695664800
0.417,4,Sep 25 2023 20: +0,1695668400
0.434,1,Sep 25 2023 21: +0,1695672000
0.451,2,Sep 25 2023 22: +0,1695675600
0.437,2,Sep 25 2023 23: +0,1695679200
0.443,2,Sep 26 2023 06: +0,1695704400
0.434,1,Sep 26 2023 11: +0,1695722400
0.418,1,Sep 26 2023 12: +0,1695726000
0.434,1,Sep 26 2023 13: +0,1695729600
0.452,1,Sep 26 2023 14: +0,1695733200
0.434,2,Sep 26 2023 16: +0,1695740400
0.352,1,Sep 26 2023 17: +0,1695744000
0.438,2,Sep 26 2023 18: +0,1695747600
0.422,2,Sep 26 2023 19: +0,1695751200
0.408,1,Sep 26 2023 20: +0,1695754800
0.196,1,Sep 26 2023 21: +0,1695758400
0.442,1,Sep 26 2023 22: +0,1695762000
0.38,2,Sep 26 2023 23: +0,1695765600
0.452,1,Sep 27 2023 00: +0,1695769200
0.408,1,Sep 27 2023 01: +0,1695772800
0.409,1,Sep 27 2023 07: +0,1695794400
0.389,1,Sep 27 2023 10: +0,1695805200
0.409,1,Sep 27 2023 11: +0,1695808800
0.409,1,Sep 27 2023 12: +0,1695812400
0.262,1,Sep 27 2023 13: +0,1695816000
0.425,1,Sep 27 2023 15: +0,1695823200
0.641,1,Sep 27 2023 16: +0,1695826800
0.414,1,Sep 27 2023 17: +0,1695830400
0.409,6,Sep 27 2023 22: +0,1695848400
0.409,3,Sep 27 2023 23: +0,1695852000
0.426,1,Sep 28 2023 03: +0,1695866400
0.43,1,Sep 28 2023 04: +0,1695870000
0.397,2,Sep 28 2023 09: +0,1695888000
0.432,2,Sep 28 2023 10: +0,1695891600
0.401,2,Sep 28 2023 11: +0,1695895200
0.397,2,Sep 28 2023 12: +0,1695898800
0.401,2,Sep 28 2023 13: +0,1695902400
0.376,2,Sep 28 2023 17: +0,1695916800
0.413,1,Sep 28 2023 18: +0,1695920400
0.39,4,Sep 28 2023 19: +0,1695924000
0.419,1,Sep 28 2023 20: +0,1695927600
0.376,2,Sep 28 2023 21: +0,1695931200
0.414,3,Sep 29 2023 00: +0,1695942000
0.387,1,Sep 29 2023 04: +0,1695956400
0.367,1,Sep 29 2023 06: +0,1695963600
0.376,1,Sep 29 2023 08: +0,1695970800
0.375,1,Sep 29 2023 09: +0,1695974400
0.332,1,Sep 29 2023 10: +0,1695978000
0.387,1,Sep 29 2023 11: +0,1695981600
0.265,2,Sep 29 2023 12: +0,1695985200
0.381,4,Sep 29 2023 13: +0,1695988800
0.427,1,Sep 29 2023 14: +0,1695992400
0.352,1,Sep 29 2023 16: +0,1695999600
0.387,1,Sep 29 2023 17: +0,1696003200
0.327,2,Sep 29 2023 18: +0,1696006800
0.411,3,Sep 29 2023 19: +0,1696010400
0.423,1,Sep 29 2023 20: +0,1696014000
0.401,3,Sep 29 2023 21: +0,1696017600
0.376,1,Sep 29 2023 22: +0,1696021200
0.355,2,Sep 29 2023 23: +0,1696024800
0.347,2,Sep 30 2023 00: +0,1696028400
0.412,3,Sep 30 2023 02: +0,1696035600
0.376,1,Sep 30 2023 07: +0,1696053600
0.299,1,Sep 30 2023 08: +0,1696057200
0.409,1,Sep 30 2023 11: +0,1696068000
0.355,2,Sep 30 2023 12: +0,1696071600
0.38,2,Sep 30 2023 14: +0,1696078800
0.358,2,Sep 30 2023 15: +0,1696082400
0.404,3,Sep 30 2023 16: +0,1696086000
0.376,1,Sep 30 2023 17: +0,1696089600
0.398,1,Sep 30 2023 18: +0,1696093200
0.388,2,Sep 30 2023 19: +0,1696096800
0.385,1,Sep 30 2023 20: +0,1696100400
0.388,1,Sep 30 2023 22: +0,1696107600
0.402,2,Sep 30 2023 23: +0,1696111200
0.385,1,Oct 01 2023 00: +0,1696114800
0.401,1,Oct 01 2023 01: +0,1696118400
0.291,2,Oct 01 2023 06: +0,1696136400
0.404,1,Oct 01 2023 08: +0,1696143600
0.405,1,Oct 01 2023 09: +0,1696147200
0.407,1,Oct 01 2023 10: +0,1696150800
0.36,3,Oct 01 2023 12: +0,1696158000
0.376,3,Oct 01 2023 15: +0,1696168800
0.344,4,Oct 01 2023 17: +0,1696176000
0.37,2,Oct 01 2023 18: +0,1696179600
0.368,3,Oct 01 2023 19: +0,1696183200
0.322,1,Oct 01 2023 20: +0,1696186800
0.352,1,Oct 01 2023 21: +0,1696190400
0.333,1,Oct 01 2023 23: +0,1696197600
0.359,1,Oct 02 2023 01: +0,1696204800
0.376,1,Oct 02 2023 02: +0,1696208400
0.36,2,Oct 02 2023 06: +0,1696222800
0.352,1,Oct 02 2023 09: +0,1696233600
0.369,1,Oct 02 2023 10: +0,1696237200
0.378,5,Oct 02 2023 11: +0,1696240800
0.296,2,Oct 02 2023 12: +0,1696244400
0.385,1,Oct 02 2023 13: +0,1696248000
0.388,1,Oct 02 2023 14: +0,1696251600
0.352,2,Oct 02 2023 16: +0,1696258800
0.384,1,Oct 02 2023 18: +0,1696266000
0.366,3,Oct 02 2023 20: +0,1696273200
0.346,1,Oct 02 2023 21: +0,1696276800
0.373,1,Oct 02 2023 23: +0,1696284000
0.341,2,Oct 03 2023 02: +0,1696294800
0.379,3,Oct 03 2023 04: +0,1696302000
0.346,1,Oct 03 2023 10: +0,1696323600
0.346,2,Oct 03 2023 11: +0,1696327200
0.346,1,Oct 03 2023 12: +0,1696330800
0.255,1,Oct 03 2023 13: +0,1696334400
0.299,1,Oct 03 2023 14: +0,1696338000
0.331,3,Oct 03 2023 15: +0,1696341600
0.334,1,Oct 03 2023 16: +0,1696345200
0.341,1,Oct 03 2023 18: +0,1696352400
0.346,2,Oct 03 2023 19: +0,1696356000
0.354,1,Oct 03 2023 23: +0,1696370400
0.363,1,Oct 04 2023 03: +0,1696384800
0.338,1,Oct 04 2023 04: +0,1696388400
0.346,4,Oct 04 2023 06: +0,1696395600
0.367,2,Oct 04 2023 07: +0,1696399200
0.369,2,Oct 04 2023 09: +0,1696406400
0.369,3,Oct 04 2023 10: +0,1696410000
0.33,3,Oct 04 2023 11: +0,1696413600
0.371,1,Oct 04 2023 13: +0,1696420800
0.338,1,Oct 04 2023 14: +0,1696424400
0.338,1,Oct 04 2023 15: +0,1696428000
0.352,4,Oct 04 2023 16: +0,1696431600
0.366,1,Oct 04 2023 17: +0,1696435200
0.354,2,Oct 04 2023 18: +0,1696438800
0.378,3,Oct 04 2023 19: +0,1696442400
0.379,3,Oct 04 2023 20: +0,1696446000
0.346,1,Oct 04 2023 23: +0,1696456800
0.251,2,Oct 05 2023 00: +0,1696460400
0.255,1,Oct 05 2023 01: +0,1696464000
0.358,2,Oct 05 2023 02: +0,1696467600
0.354,1,Oct 05 2023 04: +0,1696474800
0.354,1,Oct 05 2023 10: +0,1696496400
0.379,1,Oct 05 2023 11: +0,1696500000
0.379,1,Oct 05 2023 14: +0,1696510800
0.346,1,Oct 05 2023 15: +0,1696514400
0.376,1,Oct 05 2023 16: +0,1696518000
0.363,3,Oct 05 2023 17: +0,1696521600
0.35,2,Oct 05 2023 18: +0,1696525200
0.346,3,Oct 05 2023 19: +0,1696528800
0.379,2,Oct 05 2023 20: +0,1696532400
0.312,2,Oct 05 2023 22: +0,1696539600
0.342,1,Oct 06 2023 01: +0,1696550400
0.35,2,Oct 06 2023 02: +0,1696554000
0.371,1,Oct 06 2023 03: +0,1696557600
0.371,3,Oct 06 2023 07: +0,1696572000
0.376,1,Oct 06 2023 08: +0,1696575600
0.354,1,Oct 06 2023 10: +0,1696582800
0.354,1,Oct 06 2023 12: +0,1696590000
0.354,1,Oct 06 2023 13: +0,1696593600
0.361,2,Oct 06 2023 14: +0,1696597200
0.374,2,Oct 06 2023 17: +0,1696608000
0.378,2,Oct 06 2023 19: +0,1696615200
0.354,3,Oct 06 2023 20: +0,1696618800
0.299,1,Oct 06 2023 21: +0,1696622400
0.293,1,Oct 06 2023 23: +0,1696629600
0.354,3,Oct 07 2023 00: +0,1696633200
0.354,1,Oct 07 2023 01: +0,1696636800
0.376,2,Oct 07 2023 06: +0,1696654800
0.304,1,Oct 07 2023 07: +0,1696658400
0.354,1,Oct 07 2023 09: +0,1696665600
0.378,1,Oct 07 2023 10: +0,1696669200
0.351,1,Oct 07 2023 11: +0,1696672800
0.267,1,Oct 07 2023 12: +0,1696676400
0.333,3,Oct 07 2023 13: +0,1696680000
0.351,1,Oct 07 2023 14: +0,1696683600
0.343,4,Oct 07 2023 15: +0,1696687200
0.351,1,Oct 07 2023 17: +0,1696694400
0.335,1,Oct 07 2023 18: +0,1696698000
0.359,2,Oct 07 2023 19: +0,1696701600
0.368,2,Oct 07 2023 20: +0,1696705200
0.351,1,Oct 07 2023 22: +0,1696712400
0.295,1,Oct 07 2023 23: +0,1696716000
0.375,1,Oct 08 2023 03: +0,1696730400
0.335,1,Oct 08 2023 07: +0,1696744800
0.372,2,Oct 08 2023 08: +0,1696748400
0.369,3,Oct 08 2023 09: +0,1696752000
0.362,2,Oct 08 2023 10: +0,1696755600
0.335,1,Oct 08 2023 11: +0,1696759200
0.318,1,Oct 08 2023 13: +0,1696766400
0.326,1,Oct 08 2023 14: +0,1696770000
0.372,1,Oct 08 2023 15: +0,1696773600
0.356,2,Oct 08 2023 16: +0,1696777200
0.365,3,Oct 08 2023 17: +0,1696780800
0.397,2,Oct 08 2023 18: +0,1696784400
0.364,1,Oct 08 2023 19: +0,1696788000
0.335,1,Oct 08 2023 20: +0,1696791600
0.373,2,Oct 08 2023 21: +0,1696795200
0.346,2,Oct 08 2023 22: +0,1696798800
0.331,2,Oct 08 2023 23: +0,1696802400
0.368,1,Oct 09 2023 02: +0,1696813200
0.373,1,Oct 09 2023 03: +0,1696816800
0.373,1,Oct 09 2023 04: +0,1696820400
0.375,3,Oct 09 2023 05: +0,1696824000
0.375,8,Oct 09 2023 08: +0,1696834800
0.343,1,Oct 09 2023 10: +0,1696842000
0.367,2,Oct 09 2023 12: +0,1696849200
0.368,3,Oct 09 2023 13: +0,1696852800
0.375,5,Oct 09 2023 14: +0,1696856400
0.375,7,Oct 09 2023 15: +0,1696860000
0.358,2,Oct 09 2023 16: +0,1696863600
0.374,1,Oct 09 2023 18: +0,1696870800
0.366,5,Oct 09 2023 19: +0,1696874400
0.376,3,Oct 09 2023 20: +0,1696878000
0.347,2,Oct 09 2023 21: +0,1696881600
0.366,3,Oct 10 2023 01: +0,1696896000
0.382,9,Oct 10 2023 02: +0,1696899600
0.388,1,Oct 10 2023 04: +0,1696906800
0.337,2,Oct 10 2023 05: +0,1696910400
0.411,8,Oct 10 2023 07: +0,1696917600
0.412,3,Oct 10 2023 09: +0,1696924800
0.416,1,Oct 10 2023 10: +0,1696928400
0.383,2,Oct 10 2023 14: +0,1696942800
0.403,1,Oct 10 2023 15: +0,1696946400
0.403,1,Oct 10 2023 16: +0,1696950000
0.408,1,Oct 10 2023 18: +0,1696957200
0.365,2,Oct 10 2023 19: +0,1696960800
0.401,2,Oct 10 2023 20: +0,1696964400
0.318,1,Oct 10 2023 21: +0,1696968000
0.514,1,Oct 10 2023 23: +0,1696975200
0.405,1,Oct 11 2023 00: +0,1696978800
0.368,2,Oct 11 2023 02: +0,1696986000
0.412,1,Oct 11 2023 04: +0,1696993200
0.424,1,Oct 11 2023 08: +0,1697007600
0.419,2,Oct 11 2023 11: +0,1697018400
0.39,2,Oct 11 2023 13: +0,1697025600
0.418,1,Oct 11 2023 14: +0,1697029200
0.428,1,Oct 11 2023 15: +0,1697032800
0.432,1,Oct 11 2023 16: +0,1697036400
0.435,1,Oct 11 2023 17: +0,1697040000
0.424,1,Oct 11 2023 18: +0,1697043600
0.405,2,Oct 11 2023 19: +0,1697047200
0.424,1,Oct 11 2023 20: +0,1697050800
0.428,3,Oct 11 2023 21: +0,1697054400
0.374,2,Oct 11 2023 23: +0,1697061600
0.395,1,Oct 12 2023 00: +0,1697065200
0.361,1,Oct 12 2023 02: +0,1697072400
0.366,1,Oct 12 2023 03: +0,1697076000
0.354,1,Oct 12 2023 04: +0,1697079600
0.327,1,Oct 12 2023 05: +0,1697083200
0.379,2,Oct 12 2023 08: +0,1697094000
0.364,2,Oct 12 2023 09: +0,1697097600
0.436,5,Oct 12 2023 10: +0,1697101200
0.4,2,Oct 12 2023 12: +0,1697108400
0.387,2,Oct 12 2023 13: +0,1697112000
0.413,2,Oct 12 2023 15: +0,1697119200
0.406,11,Oct 12 2023 17: +0,1697126400
0.443,1,Oct 12 2023 18: +0,1697130000
0.39,3,Oct 12 2023 19: +0,1697133600
0.406,3,Oct 12 2023 20: +0,1697137200
0.354,1,Oct 12 2023 21: +0,1697140800
0.421,4,Oct 12 2023 22: +0,1697144400
0.428,1,Oct 13 2023 00: +0,1697151600
0.428,1,Oct 13 2023 04: +0,1697166000
0.406,1,Oct 13 2023 05: +0,1697169600
0.428,1,Oct 13 2023 06: +0,1697173200
0.337,1,Oct 13 2023 07: +0,1697176800
0.429,1,Oct 13 2023 08: +0,1697180400
0.44,1,Oct 13 2023 09: +0,1697184000
0.437,2,Oct 13 2023 11: +0,1697191200
0.396,2,Oct 13 2023 14: +0,1697202000
0.345,1,Oct 13 2023 15: +0,1697205600
0.419,3,Oct 13 2023 16: +0,1697209200
0.38,3,Oct 13 2023 18: +0,1697216400
0.415,1,Oct 13 2023 19: +0,1697220000
0.398,2,Oct 13 2023 20: +0,1697223600
0.373,1,Oct 13 2023 23: +0,1697234400
0.403,1,Oct 14 2023 01: +0,1697241600
0.378,1,Oct 14 2023 06: +0,1697259600
0.411,1,Oct 14 2023 08: +0,1697266800
0.414,1,Oct 14 2023 09: +0,1697270400
0.416,3,Oct 14 2023 10: +0,1697274000
0.387,4,Oct 14 2023 12: +0,1697281200
0.388,3,Oct 14 2023 15: +0,1697292000
0.375,2,Oct 14 2023 16: +0,1697295600
0.368,2,Oct 14 2023 17: +0,1697299200
0.414,1,Oct 14 2023 18: +0,1697302800
0.415,3,Oct 14 2023 19: +0,1697306400
0.419,5,Oct 14 2023 20: +0,1697310000
0.359,2,Oct 14 2023 21: +0,1697313600
0.393,2,Oct 15 2023 04: +0,1697338800
0.374,1,Oct 15 2023 06: +0,1697346000
0.433,2,Oct 15 2023 07: +0,1697349600
0.435,1,Oct 15 2023 10: +0,1697360400
0.432,1,Oct 15 2023 11: +0,1697364000
0.43,2,Oct 15 2023 12: +0,1697367600
0.443,1,Oct 15 2023 14: +0,1697374800
0.337,1,Oct 15 2023 16: +0,1697382000
0.447,1,Oct 15 2023 17: +0,1697385600
0.361,2,Oct 15 2023 18: +0,1697389200
0.398,3,Oct 15 2023 21: +0,1697400000
0.354,1,Oct 15 2023 22: +0,1697403600
0.428,1,Oct 16 2023 01: +0,1697414400
0.337,1,Oct 16 2023 03: +0,1697421600
0.337,1,Oct 16 2023 06: +0,1697432400
0.386,1,Oct 16 2023 08: +0,1697439600
0.417,2,Oct 16 2023 09: +0,1697443200
0.416,1,Oct 16 2023 11: +0,1697450400
0.383,2,Oct 16 2023 12: +0,1697454000
0.417,1,Oct 16 2023 15: +0,1697464800
0.401,2,Oct 16 2023 16: +0,1697468400
0.413,1,Oct 16 2023 17: +0,1697472000
0.42,3,Oct 16 2023 19: +0,1697479200
0.329,1,Oct 16 2023 20: +0,1697482800
0.388,1,Oct 16 2023 21: +0,1697486400
0.398,1,Oct 16 2023 23: +0,1697493600
0.411,5,Oct 17 2023 00: +0,1697497200
0.415,1,Oct 17 2023 04: +0,1697511600
0.416,1,Oct 17 2023 05: +0,1697515200
0.379,1,Oct 17 2023 07: +0,1697522400
0.391,1,Oct 17 2023 13: +0,1697544000
0.395,1,Oct 17 2023 14: +0,1697547600
0.398,4,Oct 17 2023 15: +0,1697551200
0.407,3,Oct 17 2023 16: +0,1697554800
0.337,1,Oct 17 2023 17: +0,1697558400
0.325,1,Oct 17 2023 20: +0,1697569200
0.428,1,Oct 17 2023 21: +0,1697572800
0.418,1,Oct 17 2023 22: +0,1697576400
0.331,3,Oct 18 2023 04: +0,1697598000
0.438,1,Oct 18 2023 05: +0,1697601600
0.387,1,Oct 18 2023 06: +0,1697605200
0.413,1,Oct 18 2023 08: +0,1697612400
0.395,2,Oct 18 2023 10: +0,1697619600
0.368,2,Oct 18 2023 12: +0,1697626800
0.389,2,Oct 18 2023 13: +0,1697630400
0.391,4,Oct 18 2023 14: +0,1697634000
0.391,2,Oct 18 2023 15: +0,1697637600
0.397,3,Oct 18 2023 16: +0,1697641200
0.354,1,Oct 18 2023 17: +0,1697644800
0.391,2,Oct 18 2023 18: +0,1697648400
0.409,4,Oct 18 2023 19: +0,1697652000
0.42,5,Oct 18 2023 20: +0,1697655600
0.425,1,Oct 18 2023 21: +0,1697659200
0.388,1,Oct 19 2023 05: +0,1697688000
0.365,1,Oct 19 2023 08: +0,1697698800
0.419,2,Oct 19 2023 09: +0,1697702400
0.395,1,Oct 19 2023 10: +0,1697706000
0.41,2,Oct 19 2023 12: +0,1697713200
0.403,3,Oct 19 2023 13: +0,1697716800
0.434,1,Oct 19 2023 14: +0,1697720400
0.435,1,Oct 19 2023 15: +0,1697724000
0.435,3,Oct 19 2023 16: +0,1697727600
0.415,3,Oct 19 2023 17: +0,1697731200
0.434,2,Oct 19 2023 18: +0,1697734800
0.346,5,Oct 19 2023 19: +0,1697738400
0.419,3,Oct 19 2023 20: +0,1697742000
0.412,3,Oct 20 2023 01: +0,1697760000
0.395,1,Oct 20 2023 04: +0,1697770800
0.419,1,Oct 20 2023 05: +0,1697774400
0.375,1,Oct 20 2023 06: +0,1697778000
0.428,2,Oct 20 2023 07: +0,1697781600
0.418,1,Oct 20 2023 12: +0,1697799600
0.418,1,Oct 20 2023 13: +0,1697803200
0.398,3,Oct 20 2023 14: +0,1697806800
0.389,2,Oct 20 2023 15: +0,1697810400
0.381,1,Oct 20 2023 17: +0,1697817600
0.393,2,Oct 20 2023 18: +0,1697821200
0.389,1,Oct 20 2023 19: +0,1697824800
0.394,1,Oct 20 2023 20: +0,1697828400
0.401,2,Oct 20 2023 22: +0,1697835600
0.414,2,Oct 21 2023 02: +0,1697850000
0.412,2,Oct 21 2023 03: +0,1697853600
0.421,1,Oct 21 2023 05: +0,1697860800
0.421,1,Oct 21 2023 06: +0,1697864400
0.429,2,Oct 21 2023 07: +0,1697868000
0.404,1,Oct 21 2023 08: +0,1697871600
0.387,1,Oct 21 2023 09: +0,1697875200
0.412,1,Oct 21 2023 10: +0,1697878800
0.436,3,Oct 21 2023 12: +0,1697886000
0.447,3,Oct 21 2023 14: +0,1697893200
0.443,1,Oct 21 2023 17: +0,1697904000
0.429,1,Oct 21 2023 18: +0,1697907600
0.431,1,Oct 21 2023 20: +0,1697914800
0.417,1,Oct 22 2023 00: +0,1697929200
0.436,1,Oct 22 2023 01: +0,1697932800
0.436,1,Oct 22 2023 05: +0,1697947200
0.437,7,Oct 22 2023 07: +0,1697954400
0.445,7,Oct 22 2023 08: +0,1697958000
0.451,2,Oct 22 2023 09: +0,1697961600
0.438,1,Oct 22 2023 10: +0,1697965200
0.474,1,Oct 22 2023 11: +0,1697968800
0.425,1,Oct 22 2023 12: +0,1697972400
0.438,1,Oct 22 2023 14: +0,1697979600
0.437,3,Oct 22 2023 15: +0,1697983200
0.428,1,Oct 22 2023 16: +0,1697986800
0.437,1,Oct 22 2023 17: +0,1697990400
0.427,2,Oct 22 2023 18: +0,1697994000
0.437,2,Oct 22 2023 19: +0,1697997600
0.429,1,Oct 22 2023 20: +0,1698001200
0.417,1,Oct 22 2023 21: +0,1698004800
0.429,1,Oct 22 2023 22: +0,1698008400
0.437,2,Oct 23 2023 00: +0,1698015600
0.429,3,Oct 23 2023 08: +0,1698044400
0.469,1,Oct 23 2023 10: +0,1698051600
0.355,1,Oct 23 2023 12: +0,1698058800
0.436,2,Oct 23 2023 13: +0,1698062400
0.415,1,Oct 23 2023 17: +0,1698076800
0.464,2,Oct 23 2023 19: +0,1698084000
0.469,2,Oct 23 2023 20: +0,1698087600
0.439,2,Oct 23 2023 21: +0,1698091200
0.429,1,Oct 24 2023 03: +0,1698112800
0.465,1,Oct 24 2023 08: +0,1698130800
0.472,1,Oct 24 2023 10: +0,1698138000
0.465,1,Oct 24 2023 16: +0,1698159600
0.419,2,Oct 24 2023 17: +0,1698163200
0.337,1,Oct 24 2023 18: +0,1698166800
0.472,1,Oct 24 2023 20: +0,1698174000
0.47,1,Oct 24 2023 21: +0,1698177600
0.445,1,Oct 24 2023 23: +0,1698184800
0.468,1,Oct 25 2023 04: +0,1698202800
0.468,1,Oct 25 2023 07: +0,1698213600
0.467,2,Oct 25 2023 08: +0,1698217200
0.437,2,Oct 25 2023 12: +0,1698231600
0.434,2,Oct 25 2023 13: +0,1698235200
0.454,5,Oct 25 2023 14: +0,1698238800
0.468,8,Oct 25 2023 15: +0,1698242400
0.466,1,Oct 25 2023 16: +0,1698246000
0.454,1,Oct 25 2023 17: +0,1698249600
0.472,1,Oct 25 2023 19: +0,1698256800
0.473,2,Oct 25 2023 20: +0,1698260400
0.472,1,Oct 25 2023 22: +0,1698267600
0.47,5,Oct 26 2023 10: +0,1698310800
0.484,1,Oct 26 2023 11: +0,1698314400
0.471,1,Oct 26 2023 13: +0,1698321600
0.482,1,Oct 26 2023 15: +0,1698328800
0.471,4,Oct 26 2023 16: +0,1698332400
0.459,1,Oct 26 2023 17: +0,1698336000
0.475,1,Oct 26 2023 18: +0,1698339600
0.444,2,Oct 26 2023 19: +0,1698343200
0.474,2,Oct 26 2023 20: +0,1698346800
0.475,1,Oct 26 2023 22: +0,1698354000
0.474,1,Oct 27 2023 00: +0,1698361200
0.475,1,Oct 27 2023 02: +0,1698368400
0.485,1,Oct 27 2023 03: +0,1698372000
0.476,1,Oct 27 2023 05: +0,1698379200
0.474,1,Oct 27 2023 07: +0,1698386400
0.476,3,Oct 27 2023 09: +0,1698393600
0.479,3,Oct 27 2023 10: +0,1698397200
0.479,3,Oct 27 2023 13: +0,1698408000
0.488,1,Oct 27 2023 14: +0,1698411600
0.483,4,Oct 27 2023 17: +0,1698422400
0.504,1,Oct 27 2023 18: +0,1698426000
0.485,1,Oct 27 2023 21: +0,1698436800
0.474,1,Oct 28 2023 00: +0,1698447600
0.476,1,Oct 28 2023 02: +0,1698454800
0.43,1,Oct 28 2023 08: +0,1698476400
0.476,1,Oct 28 2023 11: +0,1698487200
0.452,2,Oct 28 2023 12: +0,1698490800
0.422,1,Oct 28 2023 13: +0,1698494400
0.422,1,Oct 28 2023 19: +0,1698516000
0.337,1,Oct 28 2023 21: +0,1698523200
0.415,3,Oct 28 2023 22: +0,1698526800
0.428,1,Oct 29 2023 02: +0,1698544800
0.406,1,Oct 29 2023 09: +0,1698570000
0.343,2,Oct 29 2023 11: +0,1698577200
0.334,1,Oct 29 2023 13: +0,1698584400
0.406,3,Oct 29 2023 14: +0,1698588000
0.367,2,Oct 29 2023 15: +0,1698591600
0.398,1,Oct 29 2023 16: +0,1698595200
0.333,1,Oct 29 2023 17: +0,1698598800
0.389,1,Oct 29 2023 18: +0,1698602400
0.389,1,Oct 29 2023 20: +0,1698609600
0.395,1,Oct 30 2023 01: +0,1698627600
0.398,1,Oct 30 2023 08: +0,1698652800
0.406,2,Oct 30 2023 10: +0,1698660000
0.406,3,Oct 30 2023 15: +0,1698678000
0.432,1,Oct 30 2023 16: +0,1698681600
0.432,1,Oct 30 2023 17: +0,1698685200
0.398,1,Oct 30 2023 18: +0,1698688800
0.422,3,Oct 30 2023 19: +0,1698692400
0.432,1,Oct 30 2023 20: +0,1698696000
0.414,2,Oct 30 2023 22: +0,1698703200
0.398,1,Oct 30 2023 23: +0,1698706800
0.433,1,Oct 31 2023 04: +0,1698724800
0.349,1,Oct 31 2023 07: +0,1698735600
0.349,1,Oct 31 2023 08: +0,1698739200
0.411,2,Oct 31 2023 12: +0,1698753600
0.415,2,Oct 31 2023 13: +0,1698757200
0.412,2,Oct 31 2023 17: +0,1698771600
0.346,2,Oct 31 2023 18: +0,1698775200
0.369,4,Oct 31 2023 19: +0,1698778800
0.292,1,Oct 31 2023 20: +0,1698782400
0.377,5,Oct 31 2023 21: +0,1698786000
0.38,1,Nov 01 2023 02: +0,1698804000
0.388,2,Nov 01 2023 03: +0,1698807600
0.323,2,Nov 01 2023 04: +0,1698811200
0.338,1,Nov 01 2023 07: +0,1698822000
0.323,1,Nov 01 2023 08: +0,1698825600
0.37,1,Nov 01 2023 09: +0,1698829200
0.349,1,Nov 01 2023 10: +0,1698832800
0.373,1,Nov 01 2023 11: +0,1698836400
0.346,1,Nov 01 2023 12: +0,1698840000
0.361,2,Nov 01 2023 13: +0,1698843600
0.362,4,Nov 01 2023 14: +0,1698847200
0.337,1,Nov 01 2023 15: +0,1698850800
0.373,5,Nov 01 2023 17: +0,1698858000
0.349,3,Nov 01 2023 18: +0,1698861600
0.349,1,Nov 01 2023 19: +0,1698865200
0.361,2,Nov 01 2023 21: +0,1698872400
0.323,1,Nov 01 2023 22: +0,1698876000
0.345,2,Nov 01 2023 23: +0,1698879600
0.375,1,Nov 02 2023 02: +0,1698890400
0.297,1,Nov 02 2023 06: +0,1698904800
0.351,2,Nov 02 2023 07: +0,1698908400
0.301,1,Nov 02 2023 08: +0,1698912000
0.325,3,Nov 02 2023 09: +0,1698915600
0.346,1,Nov 02 2023 10: +0,1698919200
0.341,2,Nov 02 2023 11: +0,1698922800
0.337,2,Nov 02 2023 12: +0,1698926400
0.341,5,Nov 02 2023 13: +0,1698930000
0.341,3,Nov 02 2023 14: +0,1698933600
0.33,2,Nov 02 2023 15: +0,1698937200
0.337,2,Nov 02 2023 17: +0,1698944400
0.326,2,Nov 02 2023 18: +0,1698948000
0.332,4,Nov 02 2023 19: +0,1698951600
0.331,2,Nov 02 2023 20: +0,1698955200
0.34,2,Nov 02 2023 21: +0,1698958800
0.354,1,Nov 02 2023 23: +0,1698966000
0.373,11,Nov 03 2023 05: +0,1698987600
0.379,1,Nov 03 2023 12: +0,1699012800
0.345,2,Nov 03 2023 14: +0,1699020000
0.325,1,Nov 03 2023 15: +0,1699023600
0.353,2,Nov 03 2023 16: +0,1699027200
0.381,2,Nov 03 2023 17: +0,1699030800
0.382,1,Nov 03 2023 18: +0,1699034400
0.383,1,Nov 03 2023 19: +0,1699038000
0.358,1,Nov 03 2023 21: +0,1699045200
0.38,1,Nov 03 2023 22: +0,1699048800
0.381,1,Nov 04 2023 07: +0,1699081200
0.346,1,Nov 04 2023 11: +0,1699095600
0.222,1,Nov 04 2023 12: +0,1699099200
0.377,2,Nov 04 2023 13: +0,1699102800
0.302,2,Nov 04 2023 15: +0,1699110000
0.336,2,Nov 04 2023 16: +0,1699113600
0.346,4,Nov 04 2023 17: +0,1699117200
0.333,1,Nov 04 2023 21: +0,1699131600
0.333,2,Nov 04 2023 22: +0,1699135200
0.328,1,Nov 05 2023 00: +0,1699142400
0.325,1,Nov 05 2023 01: +0,1699146000
0.368,8,Nov 05 2023 03: +0,1699153200
0.373,1,Nov 05 2023 04: +0,1699156800
0.355,2,Nov 05 2023 09: +0,1699174800
0.325,1,Nov 05 2023 10: +0,1699178400
0.327,3,Nov 05 2023 11: +0,1699182000
0.344,2,Nov 05 2023 13: +0,1699189200
0.304,1,Nov 05 2023 16: +0,1699200000
0.26,1,Nov 05 2023 17: +0,1699203600
0.304,1,Nov 05 2023 18: +0,1699207200
0.347,1,Nov 05 2023 19: +0,1699210800
0.33,2,Nov 05 2023 20: +0,1699214400
0.341,1,Nov 05 2023 21: +0,1699218000
0.25,1,Nov 05 2023 23: +0,1699225200
0.317,1,Nov 06 2023 02: +0,1699236000
0.356,2,Nov 06 2023 03: +0,1699239600
0.295,1,Nov 06 2023 08: +0,1699257600
0.304,1,Nov 06 2023 09: +0,1699261200
0.315,1,Nov 06 2023 11: +0,1699268400
0.305,2,Nov 06 2023 13: +0,1699275600
0.313,3,Nov 06 2023 14: +0,1699279200
0.304,1,Nov 06 2023 15: +0,1699282800
0.313,3,Nov 06 2023 16: +0,1699286400
0.304,1,Nov 06 2023 17: +0,1699290000
0.309,2,Nov 06 2023 18: +0,1699293600
0.298,2,Nov 06 2023 19: +0,1699297200
0.118,1,Nov 06 2023 20: +0,1699300800
0.311,3,Nov 06 2023 21: +0,1699304400
0.313,4,Nov 07 2023 00: +0,1699315200
0.284,2,Nov 07 2023 01: +0,1699318800
0.285,2,Nov 07 2023 05: +0,1699333200
0.284,2,Nov 07 2023 10: +0,1699351200
0.315,2,Nov 07 2023 11: +0,1699354800
0.306,2,Nov 07 2023 12: +0,1699358400
0.315,1,Nov 07 2023 13: +0,1699362000
0.307,3,Nov 07 2023 15: +0,1699369200
0.29,1,Nov 07 2023 18: +0,1699380000
0.297,1,Nov 07 2023 19: +0,1699383600
0.316,1,Nov 07 2023 20: +0,1699387200
0.295,1,Nov 07 2023 22: +0,1699394400
0.315,1,Nov 08 2023 03: +0,1699412400
0.318,1,Nov 08 2023 06: +0,1699423200
0.305,1,Nov 08 2023 08: +0,1699430400
0.304,1,Nov 08 2023 11: +0,1699441200
0.314,1,Nov 08 2023 12: +0,1699444800
0.295,2,Nov 08 2023 13: +0,1699448400
0.3,2,Nov 08 2023 15: +0,1699455600
0.292,2,Nov 08 2023 18: +0,1699466400
0.309,1,Nov 08 2023 19: +0,1699470000
0.297,2,Nov 08 2023 20: +0,1699473600
0.312,2,Nov 08 2023 21: +0,1699477200
0.283,1,Nov 08 2023 22: +0,1699480800
0.311,2,Nov 09 2023 00: +0,1699488000
0.316,1,Nov 09 2023 02: +0,1699495200
0.29,1,Nov 09 2023 05: +0,1699506000
0.314,2,Nov 09 2023 09: +0,1699520400
0.297,1,Nov 09 2023 10: +0,1699524000
0.313,1,Nov 09 2023 11: +0,1699527600
0.308,1,Nov 09 2023 12: +0,1699531200
0.289,1,Nov 09 2023 13: +0,1699534800
0.297,1,Nov 09 2023 14: +0,1699538400
0.309,4,Nov 09 2023 16: +0,1699545600
0.305,1,Nov 09 2023 17: +0,1699549200
0.316,1,Nov 09 2023 18: +0,1699552800
0.301,2,Nov 09 2023 19: +0,1699556400
0.309,4,Nov 09 2023 20: +0,1699560000
0.315,6,Nov 09 2023 21: +0,1699563600
0.314,1,Nov 10 2023 02: +0,1699581600
0.318,18,Nov 10 2023 03: +0,1699585200
0.313,10,Nov 10 2023 09: +0,1699606800
0.315,3,Nov 10 2023 10: +0,1699610400
0.297,1,Nov 10 2023 11: +0,1699614000
0.318,1,Nov 10 2023 12: +0,1699617600
0.305,1,Nov 10 2023 13: +0,1699621200
0.313,1,Nov 10 2023 14: +0,1699624800
0.312,1,Nov 10 2023 18: +0,1699639200
0.314,2,Nov 10 2023 19: +0,1699642800
0.317,2,Nov 10 2023 20: +0,1699646400
0.278,1,Nov 10 2023 22: +0,1699653600
0.313,9,Nov 10 2023 23: +0,1699657200
0.287,1,Nov 11 2023 01: +0,1699664400
0.313,1,Nov 11 2023 02: +0,1699668000
0.315,1,Nov 11 2023 09: +0,1699693200
0.315,2,Nov 11 2023 11: +0,1699700400
0.308,1,Nov 11 2023 12: +0,1699704000
0.297,1,Nov 11 2023 14: +0,1699711200
0.311,1,Nov 11 2023 15: +0,1699714800
0.314,1,Nov 11 2023 16: +0,1699718400
0.315,1,Nov 11 2023 18: +0,1699725600
0.312,1,Nov 11 2023 19: +0,1699729200
0.297,1,Nov 11 2023 20: +0,1699732800
0.314,1,Nov 11 2023 21: +0,1699736400
0.297,2,Nov 11 2023 22: +0,1699740000
0.281,1,Nov 11 2023 23: +0,1699743600
0.304,3,Nov 12 2023 00: +0,1699747200
0.281,1,Nov 12 2023 03: +0,1699758000
0.274,3,Nov 12 2023 09: +0,1699779600
0.309,1,Nov 12 2023 10: +0,1699783200
0.273,3,Nov 12 2023 15: +0,1699801200
0.257,2,Nov 12 2023 16: +0,1699804800
0.246,1,Nov 12 2023 18: +0,1699812000
0.257,1,Nov 12 2023 19: +0,1699815600
0.265,2,Nov 12 2023 20: +0,1699819200
0.282,1,Nov 12 2023 21: +0,1699822800
0.282,2,Nov 12 2023 22: +0,1699826400
0.282,1,Nov 12 2023 23: +0,1699830000
0.281,1,Nov 13 2023 05: +0,1699851600
0.273,1,Nov 13 2023 06: +0,1699855200
0.27,2,Nov 13 2023 07: +0,1699858800
0.257,1,Nov 13 2023 11: +0,1699873200
0.291,1,Nov 13 2023 12: +0,1699876800
0.293,1,Nov 13 2023 14: +0,1699884000
0.276,2,Nov 13 2023 15: +0,1699887600
0.295,1,Nov 13 2023 16: +0,1699891200
0.289,1,Nov 13 2023 17: +0,1699894800
0.3,1,Nov 13 2023 18: +0,1699898400
0.303,3,Nov 13 2023 19: +0,1699902000
0.325,1,Nov 13 2023 20: +0,1699905600
0.278,1,Nov 13 2023 23: +0,1699916400
0.308,3,Nov 14 2023 01: +0,1699923600
0.305,1,Nov 14 2023 03: +0,1699930800
0.257,1,Nov 14 2023 06: +0,1699941600
0.319,1,Nov 14 2023 07: +0,1699945200
0.319,1,Nov 14 2023 09: +0,1699952400
0.267,2,Nov 14 2023 11: +0,1699959600
0.315,2,Nov 14 2023 12: +0,1699963200
0.308,1,Nov 14 2023 14: +0,1699970400
0.301,1,Nov 14 2023 18: +0,1699984800
0.249,1,Nov 14 2023 19: +0,1699988400
0.264,2,Nov 14 2023 20: +0,1699992000
0.278,1,Nov 14 2023 21: +0,1699995600
0.297,1,Nov 14 2023 23: +0,1700002800
0.278,1,Nov 15 2023 01: +0,1700010000
0.295,1,Nov 15 2023 06: +0,1700028000
0.309,1,Nov 15 2023 07: +0,1700031600
0.279,3,Nov 15 2023 10: +0,1700042400
0.28,1,Nov 15 2023 12: +0,1700049600
0.243,1,Nov 15 2023 14: +0,1700056800
0.295,2,Nov 15 2023 16: +0,1700064000
0.27,1,Nov 15 2023 17: +0,1700067600
0.292,1,Nov 15 2023 18: +0,1700071200
0.289,1,Nov 15 2023 19: +0,1700074800
0.267,2,Nov 15 2023 20: +0,1700078400
0.289,1,Nov 15 2023 21: +0,1700082000
0.281,1,Nov 15 2023 22: +0,1700085600
0.286,1,Nov 16 2023 00: +0,1700092800
0.294,1,Nov 16 2023 09: +0,1700125200
0.432,1,Nov 16 2023 10: +0,1700128800
0.251,1,Nov 16 2023 11: +0,1700132400
0.295,1,Nov 16 2023 13: +0,1700139600
0.279,1,Nov 16 2023 14: +0,1700143200
0.295,1,Nov 16 2023 16: +0,1700150400
0.295,1,Nov 16 2023 19: +0,1700161200
0.286,1,Nov 16 2023 20: +0,1700164800
0.273,1,Nov 16 2023 21: +0,1700168400
0.283,2,Nov 16 2023 22: +0,1700172000
0.288,2,Nov 16 2023 23: +0,1700175600
0.314,1,Nov 17 2023 02: +0,1700186400
0.295,1,Nov 17 2023 05: +0,1700197200
0.289,3,Nov 17 2023 06: +0,1700200800
0.295,1,Nov 17 2023 07: +0,1700204400
0.28,1,Nov 17 2023 10: +0,1700215200
0.281,1,Nov 17 2023 12: +0,1700222400
0.299,1,Nov 17 2023 13: +0,1700226000
0.26,1,Nov 17 2023 18: +0,1700244000
0.286,1,Nov 17 2023 19: +0,1700247600
0.26,1,Nov 17 2023 21: +0,1700254800
0.273,1,Nov 18 2023 02: +0,1700272800
0.268,1,Nov 18 2023 05: +0,1700283600
0.275,1,Nov 18 2023 07: +0,1700290800
0.265,1,Nov 18 2023 10: +0,1700301600
0.277,1,Nov 18 2023 11: +0,1700305200
0.285,2,Nov 18 2023 12: +0,1700308800
0.259,2,Nov 18 2023 15: +0,1700319600
0.265,2,Nov 18 2023 16: +0,1700323200
0.314,1,Nov 18 2023 18: +0,1700330400
0.277,2,Nov 18 2023 19: +0,1700334000
0.248,2,Nov 18 2023 21: +0,1700341200
0.276,1,Nov 18 2023 23: +0,1700348400
0.279,2,Nov 19 2023 00: +0,1700352000
0.275,3,Nov 19 2023 01: +0,1700355600
0.273,1,Nov 19 2023 04: +0,1700366400
0.281,2,Nov 19 2023 05: +0,1700370000
0.272,2,Nov 19 2023 09: +0,1700384400
0.288,1,Nov 19 2023 11: +0,1700391600
0.249,1,Nov 19 2023 12: +0,1700395200
0.268,1,Nov 19 2023 15: +0,1700406000
0.267,4,Nov 19 2023 16: +0,1700409600
0.276,1,Nov 19 2023 17: +0,1700413200
0.308,1,Nov 19 2023 18: +0,1700416800
0.263,1,Nov 19 2023 19: +0,1700420400
0.28,2,Nov 19 2023 20: +0,1700424000
0.279,1,Nov 19 2023 22: +0,1700431200
0.285,1,Nov 19 2023 23: +0,1700434800
0.285,1,Nov 20 2023 01: +0,1700442000
0.276,1,Nov 20 2023 11: +0,1700478000
0.285,1,Nov 20 2023 13: +0,1700485200
0.271,2,Nov 20 2023 19: +0,1700506800
0.274,3,Nov 20 2023 20: +0,1700510400
0.257,2,Nov 20 2023 21: +0,1700514000
0.272,1,Nov 20 2023 22: +0,1700517600
0.272,3,Nov 20 2023 23: +0,1700521200
0.261,2,Nov 21 2023 01: +0,1700528400
0.285,1,Nov 21 2023 02: +0,1700532000
0.287,6,Nov 21 2023 04: +0,1700539200
0.244,2,Nov 21 2023 09: +0,1700557200
0.28,1,Nov 21 2023 11: +0,1700564400
0.292,1,Nov 21 2023 12: +0,1700568000
0.29,2,Nov 21 2023 15: +0,1700578800
0.291,3,Nov 21 2023 16: +0,1700582400
0.255,1,Nov 21 2023 18: +0,1700589600
0.28,1,Nov 21 2023 19: +0,1700593200
0.271,2,Nov 21 2023 20: +0,1700596800
0.25,2,Nov 21 2023 22: +0,1700604000
0.288,4,Nov 22 2023 01: +0,1700614800
0.288,15,Nov 22 2023 02: +0,1700618400
0.263,1,Nov 22 2023 04: +0,1700625600
0.278,2,Nov 22 2023 07: +0,1700636400
0.378,1,Nov 22 2023 09: +0,1700643600
0.273,3,Nov 22 2023 10: +0,1700647200
0.243,1,Nov 22 2023 11: +0,1700650800
0.282,3,Nov 22 2023 13: +0,1700658000
0.288,3,Nov 22 2023 14: +0,1700661600
0.303,1,Nov 22 2023 16: +0,1700668800
0.272,3,Nov 22 2023 19: +0,1700679600
0.299,2,Nov 22 2023 21: +0,1700686800
0.298,1,Nov 23 2023 06: +0,1700719200
0.272,1,Nov 23 2023 09: +0,1700730000
0.288,3,Nov 23 2023 11: +0,1700737200
0.293,2,Nov 23 2023 13: +0,1700744400
0.208,1,Nov 23 2023 14: +0,1700748000
0.288,1,Nov 23 2023 16: +0,1700755200
0.297,2,Nov 23 2023 17: +0,1700758800
0.296,1,Nov 23 2023 18: +0,1700762400
0.296,5,Nov 23 2023 19: +0,1700766000
0.253,3,Nov 23 2023 20: +0,1700769600
0.286,4,Nov 23 2023 21: +0,1700773200
0.284,3,Nov 23 2023 23: +0,1700780400
0.288,1,Nov 24 2023 02: +0,1700791200
0.27,1,Nov 24 2023 07: +0,1700809200
0.296,1,Nov 24 2023 08: +0,1700812800
0.297,1,Nov 24 2023 09: +0,1700816400
0.291,1,Nov 24 2023 10: +0,1700820000
0.296,2,Nov 24 2023 11: +0,1700823600
0.296,1,Nov 24 2023 13: +0,1700830800
0.281,1,Nov 24 2023 14: +0,1700834400
0.282,1,Nov 24 2023 16: +0,1700841600
0.335,2,Nov 24 2023 17: +0,1700845200
0.293,1,Nov 24 2023 18: +0,1700848800
0.296,1,Nov 24 2023 20: +0,1700856000
0.301,2,Nov 24 2023 21: +0,1700859600
0.272,2,Nov 24 2023 22: +0,1700863200
0.415,2,Nov 25 2023 00: +0,1700870400
0.296,2,Nov 25 2023 06: +0,1700892000
0.28,2,Nov 25 2023 08: +0,1700899200
0.269,1,Nov 25 2023 09: +0,1700902800
0.278,1,Nov 25 2023 10: +0,1700906400
0.276,2,Nov 25 2023 12: +0,1700913600
0.303,1,Nov 25 2023 13: +0,1700917200
0.292,1,Nov 25 2023 14: +0,1700920800
0.286,4,Nov 25 2023 15: +0,1700924400
0.286,1,Nov 25 2023 16: +0,1700928000
0.286,2,Nov 25 2023 19: +0,1700938800
0.224,1,Nov 25 2023 20: +0,1700942400
0.298,2,Nov 25 2023 22: +0,1700949600
0.287,1,Nov 25 2023 23: +0,1700953200
0.305,2,Nov 26 2023 00: +0,1700956800
0.304,1,Nov 26 2023 08: +0,1700985600
0.276,1,Nov 26 2023 09: +0,1700989200
0.287,1,Nov 26 2023 10: +0,1700992800
0.256,1,Nov 26 2023 11: +0,1700996400
0.233,1,Nov 26 2023 12: +0,1701000000
0.291,1,Nov 26 2023 16: +0,1701014400
0.304,11,Nov 26 2023 17: +0,1701018000
0.309,5,Nov 26 2023 19: +0,1701025200
0.278,1,Nov 26 2023 20: +0,1701028800
0.296,2,Nov 26 2023 22: +0,1701036000
0.296,1,Nov 27 2023 03: +0,1701054000
0.294,1,Nov 27 2023 08: +0,1701072000
0.291,1,Nov 27 2023 09: +0,1701075600
0.293,2,Nov 27 2023 10: +0,1701079200
0.296,1,Nov 27 2023 11: +0,1701082800
0.301,1,Nov 27 2023 12: +0,1701086400
0.297,1,Nov 27 2023 14: +0,1701093600
0.289,4,Nov 27 2023 15: +0,1701097200
0.281,2,Nov 27 2023 16: +0,1701100800
0.289,1,Nov 27 2023 18: +0,1701108000
0.272,1,Nov 27 2023 20: +0,1701115200
0.272,2,Nov 27 2023 23: +0,1701126000
0.294,2,Nov 28 2023 00: +0,1701129600
0.206,1,Nov 28 2023 01: +0,1701133200
0.18,1,Nov 28 2023 05: +0,1701147600
0.296,1,Nov 28 2023 06: +0,1701151200
0.304,1,Nov 28 2023 12: +0,1701172800
0.297,1,Nov 28 2023 13: +0,1701176400
0.269,1,Nov 28 2023 16: +0,1701187200
0.287,3,Nov 28 2023 17: +0,1701190800
0.304,1,Nov 28 2023 18: +0,1701194400
0.233,1,Nov 28 2023 19: +0,1701198000
0.304,5,Nov 28 2023 20: +0,1701201600
0.287,1,Nov 28 2023 21: +0,1701205200
0.304,3,Nov 28 2023 23: +0,1701212400
0.288,1,Nov 29 2023 00: +0,1701216000
0.306,1,Nov 29 2023 07: +0,1701241200
0.306,1,Nov 29 2023 09: +0,1701248400
0.294,1,Nov 29 2023 12: +0,1701259200
0.307,1,Nov 29 2023 14: +0,1701266400
0.288,2,Nov 29 2023 15: +0,1701270000
0.275,1,Nov 29 2023 16: +0,1701273600
0.308,1,Nov 29 2023 17: +0,1701277200
0.306,1,Nov 29 2023 18: +0,1701280800
0.309,3,Nov 29 2023 19: +0,1701284400
0.288,4,Nov 29 2023 20: +0,1701288000
0.272,1,Nov 29 2023 21: +0,1701291600
0.32,8,Nov 30 2023 00: +0,1701302400
0.32,1,Nov 30 2023 01: +0,1701306000
0.323,2,Nov 30 2023 10: +0,1701338400
0.324,2,Nov 30 2023 15: +0,1701356400
0.265,2,Nov 30 2023 16: +0,1701360000
0.323,1,Nov 30 2023 18: +0,1701367200
0.286,1,Nov 30 2023 22: +0,1701381600
0.311,1,Dec 01 2023 01: +0,1701392400
0.276,1,Dec 01 2023 02: +0,1701396000
0.311,1,Dec 01 2023 04: +0,1701403200
0.322,1,Dec 01 2023 07: +0,1701414000
0.32,1,Dec 01 2023 12: +0,1701432000
0.366,1,Dec 01 2023 18: +0,1701453600
0.32,1,Dec 01 2023 19: +0,1701457200
0.33,3,Dec 01 2023 20: +0,1701460800
0.31,1,Dec 01 2023 21: +0,1701464400
0.28,1,Dec 01 2023 23: +0,1701471600
0.326,5,Dec 02 2023 01: +0,1701478800
0.33,10,Dec 02 2023 02: +0,1701482400
0.336,1,Dec 02 2023 10: +0,1701511200
0.321,1,Dec 02 2023 11: +0,1701514800
0.345,1,Dec 02 2023 12: +0,1701518400
0.309,1,Dec 02 2023 13: +0,1701522000
0.336,3,Dec 02 2023 17: +0,1701536400
0.274,4,Dec 03 2023 00: +0,1701561600
0.323,1,Dec 03 2023 04: +0,1701576000
0.311,2,Dec 03 2023 06: +0,1701583200
0.284,1,Dec 03 2023 07: +0,1701586800
0.321,1,Dec 03 2023 10: +0,1701597600
0.342,1,Dec 03 2023 14: +0,1701612000
0.342,1,Dec 03 2023 16: +0,1701619200
0.334,1,Dec 03 2023 21: +0,1701637200
0.267,2,Dec 04 2023 02: +0,1701655200
0.323,2,Dec 04 2023 05: +0,1701666000
0.318,1,Dec 04 2023 09: +0,1701680400
0.264,1,Dec 04 2023 15: +0,1701702000
0.311,2,Dec 04 2023 16: +0,1701705600
0.306,1,Dec 04 2023 18: +0,1701712800
0.385,62,Dec 04 2023 19: +0,1701716400
0.498,1,Dec 04 2023 23: +0,1701730800
0.641,2,Dec 05 2023 07: +0,1701759600
0.439,5,Dec 05 2023 09: +0,1701766800
0.43,16,Dec 05 2023 16: +0,1701792000
0.586,2,Dec 05 2023 17: +0,1701795600
0.514,3,Dec 05 2023 22: +0,1701813600
0.582,8,Dec 06 2023 15: +0,1701874800
0.451,1,Dec 06 2023 18: +0,1701885600
0.478,2,Dec 06 2023 19: +0,1701889200
0.599,1,Dec 06 2023 21: +0,1701896400
0.569,1,Dec 06 2023 22: +0,1701900000
0.577,1,Dec 07 2023 03: +0,1701918000
0.579,4,Dec 07 2023 05: +0,1701925200
0.591,5,Dec 07 2023 06: +0,1701928800
0.599,1,Dec 07 2023 17: +0,1701968400
0.606,1,Dec 07 2023 19: +0,1701975600
0.583,1,Dec 07 2023 21: +0,1701982800
0.455,1,Dec 08 2023 01: +0,1701997200
0.447,1,Dec 08 2023 11: +0,1702033200
0.471,4,Dec 08 2023 13: +0,1702040400
0.459,2,Dec 08 2023 14: +0,1702044000
0.495,1,Dec 08 2023 15: +0,1702047600
0.516,1,Dec 08 2023 16: +0,1702051200
0.479,1,Dec 08 2023 18: +0,1702058400
0.487,3,Dec 08 2023 19: +0,1702062000
0.487,1,Dec 08 2023 21: +0,1702069200
0.495,1,Dec 08 2023 22: +0,1702072800
0.455,1,Dec 08 2023 23: +0,1702076400
0.495,1,Dec 09 2023 02: +0,1702087200
0.479,1,Dec 09 2023 04: +0,1702094400
0.399,1,Dec 09 2023 06: +0,1702101600
0.487,3,Dec 09 2023 09: +0,1702112400
0.487,1,Dec 09 2023 11: +0,1702119600
0.475,2,Dec 09 2023 12: +0,1702123200
0.479,1,Dec 09 2023 13: +0,1702126800
0.455,1,Dec 09 2023 16: +0,1702137600
0.454,1,Dec 09 2023 17: +0,1702141200
0.455,3,Dec 09 2023 18: +0,1702144800
0.469,1,Dec 09 2023 21: +0,1702155600
0.397,1,Dec 09 2023 22: +0,1702159200
0.474,2,Dec 10 2023 00: +0,1702166400
0.417,1,Dec 10 2023 07: +0,1702191600
0.455,1,Dec 10 2023 09: +0,1702198800
0.444,1,Dec 10 2023 13: +0,1702213200
0.443,2,Dec 10 2023 14: +0,1702216800
0.446,1,Dec 10 2023 15: +0,1702220400
0.446,1,Dec 10 2023 16: +0,1702224000
0.452,9,Dec 10 2023 17: +0,1702227600
0.451,1,Dec 10 2023 18: +0,1702231200
0.458,1,Dec 10 2023 19: +0,1702234800
0.434,1,Dec 10 2023 20: +0,1702238400
0.422,1,Dec 11 2023 03: +0,1702263600
0.451,1,Dec 11 2023 13: +0,1702299600
0.446,1,Dec 11 2023 16: +0,1702310400
0.458,4,Dec 11 2023 20: +0,1702324800
0.45,1,Dec 11 2023 22: +0,1702332000
0.432,2,Dec 11 2023 23: +0,1702335600
0.448,1,Dec 12 2023 05: +0,1702357200
0.45,2,Dec 12 2023 06: +0,1702360800
0.443,1,Dec 12 2023 10: +0,1702375200
0.439,1,Dec 12 2023 14: +0,1702389600
0.458,1,Dec 12 2023 15: +0,1702393200
0.439,1,Dec 12 2023 16: +0,1702396800
0.404,2,Dec 12 2023 23: +0,1702422000
0.44,2,Dec 13 2023 13: +0,1702472400
0.436,1,Dec 13 2023 15: +0,1702479600
0.43,1,Dec 13 2023 17: +0,1702486800
0.426,2,Dec 13 2023 20: +0,1702497600
0.445,1,Dec 13 2023 22: +0,1702504800
0.457,2,Dec 13 2023 23: +0,1702508400
0.371,1,Dec 14 2023 00: +0,1702512000
0.455,2,Dec 14 2023 10: +0,1702548000
0.46,1,Dec 14 2023 11: +0,1702551600
0.411,1,Dec 14 2023 13: +0,1702558800
0.434,1,Dec 14 2023 15: +0,1702566000
0.418,1,Dec 14 2023 18: +0,1702576800
0.395,1,Dec 14 2023 21: +0,1702587600
0.358,1,Dec 15 2023 00: +0,1702598400
0.363,1,Dec 15 2023 06: +0,1702620000
0.378,2,Dec 15 2023 07: +0,1702623600
0.429,1,Dec 15 2023 08: +0,1702627200
0.405,1,Dec 15 2023 13: +0,1702645200
0.363,1,Dec 15 2023 18: +0,1702663200
0.37,4,Dec 15 2023 19: +0,1702666800
0.33,1,Dec 15 2023 22: +0,1702677600
0.363,1,Dec 15 2023 23: +0,1702681200
0.379,2,Dec 16 2023 01: +0,1702688400
0.415,1,Dec 16 2023 12: +0,1702728000
0.348,1,Dec 16 2023 13: +0,1702731600
0.346,1,Dec 16 2023 14: +0,1702735200
0.402,2,Dec 16 2023 15: +0,1702738800
0.405,2,Dec 16 2023 16: +0,1702742400
0.411,1,Dec 16 2023 17: +0,1702746000
0.363,1,Dec 16 2023 19: +0,1702753200
0.355,2,Dec 16 2023 21: +0,1702760400
0.363,1,Dec 16 2023 22: +0,1702764000
0.425,1,Dec 17 2023 03: +0,1702782000
0.406,1,Dec 17 2023 06: +0,1702792800
0.326,1,Dec 17 2023 08: +0,1702800000
0.355,1,Dec 17 2023 12: +0,1702814400
0.353,1,Dec 17 2023 15: +0,1702825200
0.319,1,Dec 17 2023 20: +0,1702843200
0.358,2,Dec 17 2023 21: +0,1702846800
0.337,1,Dec 18 2023 07: +0,1702882800
0.363,1,Dec 18 2023 10: +0,1702893600
0.346,1,Dec 18 2023 13: +0,1702904400
0.346,1,Dec 18 2023 14: +0,1702908000
0.366,2,Dec 18 2023 18: +0,1702922400
0.362,3,Dec 18 2023 19: +0,1702926000
0.346,1,Dec 18 2023 20: +0,1702929600
0.364,1,Dec 18 2023 22: +0,1702936800
0.371,1,Dec 18 2023 23: +0,1702940400
0.371,1,Dec 19 2023 03: +0,1702954800
0.363,5,Dec 19 2023 05: +0,1702962000
0.363,2,Dec 19 2023 07: +0,1702969200
0.371,1,Dec 19 2023 09: +0,1702976400
0.363,3,Dec 19 2023 10: +0,1702980000
0.375,1,Dec 19 2023 11: +0,1702983600
0.34,1,Dec 19 2023 13: +0,1702990800
0.297,1,Dec 19 2023 16: +0,1703001600
0.364,1,Dec 19 2023 17: +0,1703005200
0.361,2,Dec 19 2023 18: +0,1703008800
0.35,1,Dec 19 2023 20: +0,1703016000
0.357,1,Dec 19 2023 23: +0,1703026800
0.371,1,Dec 20 2023 08: +0,1703059200
0.354,2,Dec 20 2023 13: +0,1703077200
0.374,4,Dec 20 2023 14: +0,1703080800
0.371,1,Dec 20 2023 15: +0,1703084400
0.363,1,Dec 20 2023 16: +0,1703088000
0.367,4,Dec 20 2023 17: +0,1703091600
0.374,1,Dec 20 2023 20: +0,1703102400
0.368,2,Dec 20 2023 21: +0,1703106000
0.318,1,Dec 20 2023 22: +0,1703109600
0.371,5,Dec 20 2023 23: +0,1703113200
0.339,1,Dec 21 2023 00: +0,1703116800
0.371,1,Dec 21 2023 01: +0,1703120400
0.379,1,Dec 21 2023 13: +0,1703163600
0.348,1,Dec 21 2023 14: +0,1703167200
0.363,1,Dec 21 2023 15: +0,1703170800
0.365,1,Dec 21 2023 16: +0,1703174400
0.262,1,Dec 21 2023 17: +0,1703178000
0.355,1,Dec 21 2023 18: +0,1703181600
0.309,2,Dec 21 2023 23: +0,1703199600
0.358,1,Dec 22 2023 01: +0,1703206800
0.298,1,Dec 22 2023 03: +0,1703214000
0.375,1,Dec 22 2023 10: +0,1703239200
0.282,2,Dec 22 2023 13: +0,1703250000
0.341,1,Dec 22 2023 14: +0,1703253600
0.342,1,Dec 22 2023 15: +0,1703257200
0.329,1,Dec 22 2023 17: +0,1703264400
0.307,1,Dec 22 2023 18: +0,1703268000
0.276,3,Dec 22 2023 20: +0,1703275200
0.34,1,Dec 22 2023 22: +0,1703282400
0.338,1,Dec 22 2023 23: +0,1703286000
0.309,1,Dec 23 2023 03: +0,1703300400
0.289,1,Dec 23 2023 08: +0,1703318400
0.276,1,Dec 23 2023 12: +0,1703332800
0.282,1,Dec 23 2023 13: +0,1703336400
0.329,1,Dec 23 2023 15: +0,1703343600
0.292,1,Dec 23 2023 16: +0,1703347200
0.321,2,Dec 23 2023 17: +0,1703350800
0.252,1,Dec 23 2023 18: +0,1703354400
0.323,1,Dec 23 2023 20: +0,1703361600
0.302,2,Dec 24 2023 01: +0,1703379600
0.319,1,Dec 24 2023 02: +0,1703383200
0.32,2,Dec 24 2023 05: +0,1703394000
0.317,1,Dec 24 2023 08: +0,1703404800
0.309,1,Dec 24 2023 09: +0,1703408400
0.317,1,Dec 24 2023 10: +0,1703412000
0.312,2,Dec 24 2023 12: +0,1703419200
0.305,2,Dec 24 2023 13: +0,1703422800
0.309,3,Dec 24 2023 14: +0,1703426400
0.292,1,Dec 24 2023 17: +0,1703437200
0.317,1,Dec 24 2023 18: +0,1703440800
0.284,2,Dec 24 2023 19: +0,1703444400
0.254,1,Dec 24 2023 20: +0,1703448000
0.32,3,Dec 24 2023 21: +0,1703451600
0.321,1,Dec 24 2023 23: +0,1703458800
0.309,3,Dec 25 2023 10: +0,1703498400
0.322,2,Dec 25 2023 11: +0,1703502000
0.301,1,Dec 25 2023 12: +0,1703505600
0.317,1,Dec 25 2023 13: +0,1703509200
0.309,1,Dec 25 2023 17: +0,1703523600
0.313,1,Dec 25 2023 21: +0,1703538000
0.314,2,Dec 25 2023 23: +0,1703545200
0.253,1,Dec 26 2023 03: +0,1703559600
0.276,1,Dec 26 2023 05: +0,1703566800
0.314,1,Dec 26 2023 07: +0,1703574000
0.296,2,Dec 26 2023 08: +0,1703577600
0.306,2,Dec 26 2023 12: +0,1703592000
0.319,2,Dec 26 2023 13: +0,1703595600
0.324,1,Dec 26 2023 14: +0,1703599200
0.307,3,Dec 26 2023 15: +0,1703602800
0.289,1,Dec 26 2023 17: +0,1703610000
0.322,1,Dec 26 2023 20: +0,1703620800
0.32,3,Dec 26 2023 21: +0,1703624400
0.309,3,Dec 26 2023 22: +0,1703628000
0.308,1,Dec 27 2023 03: +0,1703646000
0.321,2,Dec 27 2023 04: +0,1703649600
0.308,2,Dec 27 2023 05: +0,1703653200
0.309,1,Dec 27 2023 06: +0,1703656800
0.315,5,Dec 27 2023 08: +0,1703664000
0.315,2,Dec 27 2023 09: +0,1703667600
0.321,1,Dec 27 2023 11: +0,1703674800
0.326,1,Dec 27 2023 12: +0,1703678400
0.302,1,Dec 27 2023 13: +0,1703682000
0.292,1,Dec 27 2023 14: +0,1703685600
0.291,1,Dec 27 2023 16: +0,1703692800
0.309,3,Dec 27 2023 18: +0,1703700000
0.312,3,Dec 27 2023 19: +0,1703703600
0.316,1,Dec 27 2023 22: +0,1703714400
0.299,1,Dec 27 2023 23: +0,1703718000
0.243,3,Dec 28 2023 00: +0,1703721600
0.311,1,Dec 28 2023 02: +0,1703728800
0.316,1,Dec 28 2023 04: +0,1703736000
0.278,2,Dec 28 2023 06: +0,1703743200
0.316,1,Dec 28 2023 09: +0,1703754000
0.256,1,Dec 28 2023 11: +0,1703761200
0.311,1,Dec 28 2023 13: +0,1703768400
0.299,3,Dec 28 2023 14: +0,1703772000
0.32,1,Dec 28 2023 15: +0,1703775600
0.286,2,Dec 28 2023 17: +0,1703782800
0.315,2,Dec 28 2023 18: +0,1703786400
0.245,1,Dec 28 2023 19: +0,1703790000
0.327,1,Dec 28 2023 20: +0,1703793600
0.327,1,Dec 28 2023 22: +0,1703800800
0.305,2,Dec 28 2023 23: +0,1703804400
0.327,1,Dec 29 2023 00: +0,1703808000
0.317,1,Dec 29 2023 05: +0,1703826000
0.252,1,Dec 29 2023 10: +0,1703844000
0.315,8,Dec 29 2023 11: +0,1703847600
0.312,1,Dec 29 2023 12: +0,1703851200
0.312,5,Dec 29 2023 14: +0,1703858400
0.301,1,Dec 29 2023 15: +0,1703862000
0.321,1,Dec 29 2023 18: +0,1703872800
0.308,1,Dec 29 2023 19: +0,1703876400
0.31,2,Dec 29 2023 20: +0,1703880000
0.324,1,Dec 29 2023 21: +0,1703883600
0.315,1,Dec 29 2023 22: +0,1703887200
0.319,1,Dec 29 2023 23: +0,1703890800
0.304,1,Dec 30 2023 01: +0,1703898000
0.223,1,Dec 30 2023 05: +0,1703912400
0.288,1,Dec 30 2023 07: +0,1703919600
0.307,1,Dec 30 2023 12: +0,1703937600
0.25,1,Dec 30 2023 14: +0,1703944800
0.315,7,Dec 30 2023 17: +0,1703955600
0.326,1,Dec 30 2023 23: +0,1703977200
0.258,2,Dec 31 2023 00: +0,1703980800
0.315,5,Dec 31 2023 03: +0,1703991600
0.247,2,Dec 31 2023 05: +0,1703998800
0.23,1,Dec 31 2023 12: +0,1704024000
0.268,1,Dec 31 2023 14: +0,1704031200
0.268,1,Dec 31 2023 15: +0,1704034800
0.322,1,Dec 31 2023 16: +0,1704038400
0.31,1,Dec 31 2023 17: +0,1704042000
0.332,1,Dec 31 2023 18: +0,1704045600
0.321,1,Dec 31 2023 21: +0,1704056400
0.275,1,Dec 31 2023 23: +0,1704063600
0.299,1,Jan 01 2024 01: +0,1704070800
0.323,2,Jan 01 2024 02: +0,1704074400
0.315,4,Jan 01 2024 03: +0,1704078000
0.315,2,Jan 01 2024 08: +0,1704096000
0.315,4,Jan 01 2024 13: +0,1704114000
0.31,1,Jan 01 2024 17: +0,1704128400
0.322,1,Jan 01 2024 18: +0,1704132000
0.299,1,Jan 01 2024 19: +0,1704135600
0.278,2,Jan 01 2024 20: +0,1704139200
0.267,1,Jan 01 2024 21: +0,1704142800
0.299,1,Jan 02 2024 02: +0,1704160800
0.315,6,Jan 02 2024 08: +0,1704182400
0.326,1,Jan 02 2024 09: +0,1704186000
0.302,2,Jan 02 2024 14: +0,1704204000
0.307,9,Jan 02 2024 16: +0,1704211200
0.307,1,Jan 02 2024 20: +0,1704225600
0.307,5,Jan 02 2024 22: +0,1704232800
0.314,1,Jan 03 2024 04: +0,1704254400
0.314,1,Jan 03 2024 05: +0,1704258000
0.317,1,Jan 03 2024 07: +0,1704265200
0.309,1,Jan 03 2024 14: +0,1704290400
0.322,1,Jan 03 2024 16: +0,1704297600
0.309,2,Jan 03 2024 18: +0,1704304800
0.297,1,Jan 04 2024 00: +0,1704326400
0.326,1,Jan 04 2024 03: +0,1704337200
0.307,1,Jan 04 2024 10: +0,1704362400
0.316,1,Jan 04 2024 11: +0,1704366000
0.298,1,Jan 04 2024 14: +0,1704376800
0.294,1,Jan 04 2024 16: +0,1704384000
0.307,1,Jan 04 2024 17: +0,1704387600
0.315,1,Jan 04 2024 19: +0,1704394800
0.311,2,Jan 04 2024 22: +0,1704405600
0.315,2,Jan 04 2024 23: +0,1704409200
0.314,1,Jan 05 2024 03: +0,1704423600
0.317,1,Jan 05 2024 08: +0,1704441600
0.315,3,Jan 05 2024 12: +0,1704456000
0.315,3,Jan 05 2024 13: +0,1704459600
0.317,1,Jan 05 2024 15: +0,1704466800
0.316,2,Jan 05 2024 16: +0,1704470400
0.318,1,Jan 05 2024 18: +0,1704477600
0.307,1,Jan 05 2024 19: +0,1704481200
0.317,3,Jan 05 2024 20: +0,1704484800
0.308,2,Jan 05 2024 22: +0,1704492000
0.307,1,Jan 05 2024 23: +0,1704495600
0.319,1,Jan 06 2024 00: +0,1704499200
0.29,1,Jan 06 2024 02: +0,1704506400
0.322,1,Jan 06 2024 10: +0,1704535200
0.322,1,Jan 06 2024 16: +0,1704556800
0.311,1,Jan 06 2024 20: +0,1704571200
0.289,1,Jan 06 2024 21: +0,1704574800
0.305,2,Jan 06 2024 23: +0,1704582000
0.307,1,Jan 07 2024 00: +0,1704585600
0.307,1,Jan 07 2024 01: +0,1704589200
0.277,1,Jan 07 2024 02: +0,1704592800
0.287,1,Jan 07 2024 05: +0,1704603600
0.315,8,Jan 07 2024 07: +0,1704610800
0.323,1,Jan 07 2024 08: +0,1704614400
0.328,1,Jan 07 2024 09: +0,1704618000
0.319,2,Jan 07 2024 13: +0,1704632400
0.327,1,Jan 07 2024 14: +0,1704636000
0.275,1,Jan 07 2024 18: +0,1704650400
0.276,3,Jan 07 2024 20: +0,1704657600
0.298,1,Jan 07 2024 21: +0,1704661200
0.313,2,Jan 07 2024 22: +0,1704664800
0.216,1,Jan 08 2024 06: +0,1704693600
0.267,1,Jan 08 2024 08: +0,1704700800
0.322,1,Jan 08 2024 09: +0,1704704400
0.317,2,Jan 08 2024 15: +0,1704726000
0.342,1,Jan 08 2024 17: +0,1704733200
0.262,1,Jan 08 2024 19: +0,1704740400
0.327,1,Jan 08 2024 20: +0,1704744000
0.307,1,Jan 08 2024 22: +0,1704751200
0.275,1,Jan 09 2024 00: +0,1704758400
0.297,1,Jan 09 2024 01: +0,1704762000
0.297,1,Jan 09 2024 09: +0,1704790800
0.3,2,Jan 09 2024 10: +0,1704794400
0.317,1,Jan 09 2024 13: +0,1704805200
0.307,1,Jan 09 2024 15: +0,1704812400
0.258,1,Jan 09 2024 16: +0,1704816000
0.31,1,Jan 09 2024 17: +0,1704819600
0.298,2,Jan 09 2024 21: +0,1704834000
0.32,3,Jan 10 2024 06: +0,1704866400
0.32,1,Jan 10 2024 07: +0,1704870000
0.307,3,Jan 10 2024 08: +0,1704873600
0.264,1,Jan 10 2024 09: +0,1704877200
0.236,1,Jan 10 2024 10: +0,1704880800
0.328,1,Jan 10 2024 14: +0,1704895200
0.313,4,Jan 10 2024 15: +0,1704898800
0.31,1,Jan 10 2024 17: +0,1704906000
0.328,11,Jan 10 2024 18: +0,1704909600
0.328,1,Jan 10 2024 19: +0,1704913200
0.328,1,Jan 10 2024 20: +0,1704916800
0.262,1,Jan 11 2024 01: +0,1704934800
0.307,3,Jan 11 2024 04: +0,1704945600
0.257,1,Jan 11 2024 08: +0,1704960000
0.303,2,Jan 11 2024 09: +0,1704963600
0.313,1,Jan 11 2024 14: +0,1704981600
0.297,1,Jan 11 2024 15: +0,1704985200
0.289,1,Jan 11 2024 17: +0,1704992400
0.302,4,Jan 11 2024 20: +0,1705003200
0.304,1,Jan 11 2024 21: +0,1705006800
0.272,2,Jan 12 2024 09: +0,1705050000
0.304,3,Jan 12 2024 12: +0,1705060800
0.255,1,Jan 12 2024 14: +0,1705068000
0.301,1,Jan 12 2024 15: +0,1705071600
0.303,2,Jan 12 2024 16: +0,1705075200
0.3,1,Jan 12 2024 17: +0,1705078800
0.298,1,Jan 12 2024 18: +0,1705082400
0.3,3,Jan 12 2024 20: +0,1705089600
0.301,1,Jan 12 2024 21: +0,1705093200
0.308,1,Jan 12 2024 22: +0,1705096800
0.309,1,Jan 12 2024 23: +0,1705100400
0.292,2,Jan 13 2024 00: +0,1705104000
0.267,1,Jan 13 2024 01: +0,1705107600
0.309,1,Jan 13 2024 04: +0,1705118400
0.294,1,Jan 13 2024 06: +0,1705125600
0.285,1,Jan 13 2024 10: +0,1705140000
0.304,1,Jan 13 2024 13: +0,1705150800
0.308,1,Jan 13 2024 14: +0,1705154400
0.308,4,Jan 13 2024 18: +0,1705168800
0.307,2,Jan 13 2024 19: +0,1705172400
0.306,1,Jan 13 2024 20: +0,1705176000
0.302,1,Jan 14 2024 02: +0,1705197600
0.294,1,Jan 14 2024 05: +0,1705208400
0.3,2,Jan 14 2024 07: +0,1705215600
0.273,1,Jan 14 2024 08: +0,1705219200
0.314,1,Jan 14 2024 12: +0,1705233600
0.303,1,Jan 14 2024 14: +0,1705240800
0.303,1,Jan 14 2024 15: +0,1705244400
0.309,1,Jan 14 2024 16: +0,1705248000
0.308,1,Jan 14 2024 21: +0,1705266000
0.309,1,Jan 15 2024 08: +0,1705305600
0.297,1,Jan 15 2024 09: +0,1705309200
0.297,1,Jan 15 2024 14: +0,1705327200
0.297,5,Jan 15 2024 15: +0,1705330800
0.308,1,Jan 15 2024 16: +0,1705334400
0.303,1,Jan 15 2024 17: +0,1705338000
0.303,1,Jan 15 2024 20: +0,1705348800
0.255,1,Jan 16 2024 00: +0,1705363200
0.282,1,Jan 16 2024 05: +0,1705381200
0.292,1,Jan 16 2024 07: +0,1705388400
0.236,1,Jan 16 2024 12: +0,1705406400
0.294,2,Jan 16 2024 13: +0,1705410000
0.29,2,Jan 16 2024 14: +0,1705413600
0.285,1,Jan 16 2024 17: +0,1705424400
0.298,2,Jan 16 2024 18: +0,1705428000
0.304,1,Jan 16 2024 21: +0,1705438800
0.298,2,Jan 16 2024 22: +0,1705442400
0.292,1,Jan 17 2024 06: +0,1705471200
0.292,5,Jan 17 2024 10: +0,1705485600
0.292,2,Jan 17 2024 11: +0,1705489200
0.293,2,Jan 17 2024 13: +0,1705496400
0.295,4,Jan 17 2024 16: +0,1705507200
0.295,1,Jan 17 2024 18: +0,1705514400
0.295,1,Jan 17 2024 19: +0,1705518000
0.298,2,Jan 17 2024 20: +0,1705521600
0.297,1,Jan 17 2024 23: +0,1705532400
0.276,1,Jan 18 2024 02: +0,1705543200
0.282,1,Jan 18 2024 05: +0,1705554000
0.269,1,Jan 18 2024 06: +0,1705557600
0.3,5,Jan 18 2024 10: +0,1705572000
0.271,2,Jan 18 2024 13: +0,1705582800
0.3,3,Jan 18 2024 14: +0,1705586400
0.327,1,Jan 18 2024 15: +0,1705590000
0.3,2,Jan 18 2024 16: +0,1705593600
0.297,2,Jan 18 2024 18: +0,1705600800
0.289,1,Jan 18 2024 19: +0,1705604400
0.301,1,Jan 18 2024 20: +0,1705608000
0.302,1,Jan 18 2024 21: +0,1705611600
0.304,1,Jan 18 2024 23: +0,1705618800
0.279,1,Jan 19 2024 01: +0,1705626000
0.306,1,Jan 19 2024 06: +0,1705644000
0.287,1,Jan 19 2024 12: +0,1705665600
0.301,1,Jan 19 2024 13: +0,1705669200
0.304,2,Jan 19 2024 15: +0,1705676400
0.293,1,Jan 19 2024 18: +0,1705687200
0.3,1,Jan 19 2024 22: +0,1705701600
0.341,1,Jan 20 2024 00: +0,1705708800
0.3,1,Jan 20 2024 01: +0,1705712400
0.292,1,Jan 20 2024 02: +0,1705716000
0.292,1,Jan 20 2024 04: +0,1705723200
0.292,1,Jan 20 2024 06: +0,1705730400
0.3,2,Jan 20 2024 10: +0,1705744800
0.3,1,Jan 20 2024 11: +0,1705748400
0.29,1,Jan 20 2024 14: +0,1705759200
0.273,1,Jan 20 2024 17: +0,1705770000
0.276,3,Jan 20 2024 19: +0,1705777200
0.264,2,Jan 20 2024 21: +0,1705784400
0.244,1,Jan 20 2024 23: +0,1705791600
0.272,1,Jan 21 2024 04: +0,1705809600
0.291,1,Jan 21 2024 07: +0,1705820400
0.295,6,Jan 21 2024 08: +0,1705824000
0.291,1,Jan 21 2024 09: +0,1705827600
0.299,1,Jan 21 2024 12: +0,1705838400
0.299,5,Jan 21 2024 15: +0,1705849200
0.299,11,Jan 21 2024 16: +0,1705852800
0.299,3,Jan 21 2024 18: +0,1705860000
0.264,1,Jan 21 2024 20: +0,1705867200
0.307,1,Jan 21 2024 22: +0,1705874400
0.321,1,Jan 22 2024 00: +0,1705881600
0.307,1,Jan 22 2024 09: +0,1705914000
0.315,1,Jan 22 2024 10: +0,1705917600
0.317,1,Jan 22 2024 11: +0,1705921200
0.315,4,Jan 22 2024 12: +0,1705924800
0.278,2,Jan 22 2024 14: +0,1705932000
0.283,1,Jan 22 2024 17: +0,1705942800
0.307,2,Jan 22 2024 18: +0,1705946400
0.319,2,Jan 22 2024 20: +0,1705953600
0.314,1,Jan 22 2024 23: +0,1705964400
0.281,1,Jan 23 2024 01: +0,1705971600
0.267,1,Jan 23 2024 04: +0,1705982400
0.315,3,Jan 23 2024 05: +0,1705986000
0.312,1,Jan 23 2024 13: +0,1706014800
0.299,1,Jan 23 2024 16: +0,1706025600
0.299,1,Jan 23 2024 19: +0,1706036400
0.288,1,Jan 23 2024 20: +0,1706040000
0.299,2,Jan 23 2024 21: +0,1706043600
0.266,1,Jan 24 2024 04: +0,1706068800
0.257,1,Jan 24 2024 08: +0,1706083200
0.295,2,Jan 24 2024 10: +0,1706090400
0.291,2,Jan 24 2024 11: +0,1706094000
0.292,2,Jan 24 2024 15: +0,1706108400
0.244,1,Jan 24 2024 18: +0,1706119200
0.298,2,Jan 24 2024 21: +0,1706130000
0.307,2,Jan 25 2024 09: +0,1706173200
0.306,1,Jan 25 2024 13: +0,1706187600
0.305,1,Jan 25 2024 15: +0,1706194800
0.303,3,Jan 25 2024 17: +0,1706202000
0.261,2,Jan 25 2024 18: +0,1706205600
0.29,1,Jan 25 2024 19: +0,1706209200
0.291,1,Jan 26 2024 01: +0,1706230800
0.225,1,Jan 26 2024 02: +0,1706234400
0.275,1,Jan 26 2024 09: +0,1706259600
0.276,1,Jan 26 2024 11: +0,1706266800
0.264,3,Jan 26 2024 14: +0,1706277600
0.273,1,Jan 26 2024 17: +0,1706288400
0.271,2,Jan 26 2024 18: +0,1706292000
0.225,3,Jan 26 2024 21: +0,1706302800
0.264,1,Jan 27 2024 05: +0,1706331600
0.254,2,Jan 27 2024 06: +0,1706335200
0.259,1,Jan 27 2024 07: +0,1706338800
0.273,2,Jan 27 2024 08: +0,1706342400
0.264,2,Jan 27 2024 10: +0,1706349600
0.264,1,Jan 27 2024 13: +0,1706360400
0.282,1,Jan 27 2024 14: +0,1706364000
0.268,2,Jan 27 2024 16: +0,1706371200
0.283,1,Jan 27 2024 17: +0,1706374800
0.278,1,Jan 27 2024 21: +0,1706389200
0.284,1,Jan 28 2024 01: +0,1706403600
0.285,1,Jan 28 2024 08: +0,1706428800
0.286,2,Jan 28 2024 12: +0,1706443200
0.292,1,Jan 28 2024 13: +0,1706446800
0.27,1,Jan 28 2024 16: +0,1706457600
0.262,2,Jan 28 2024 17: +0,1706461200
0.238,1,Jan 28 2024 20: +0,1706472000
0.242,2,Jan 29 2024 07: +0,1706511600
0.242,1,Jan 29 2024 11: +0,1706526000
0.254,1,Jan 29 2024 14: +0,1706536800
0.254,1,Jan 29 2024 16: +0,1706544000
0.303,1,Jan 29 2024 17: +0,1706547600
0.254,2,Jan 29 2024 18: +0,1706551200
0.253,2,Jan 29 2024 19: +0,1706554800
0.266,1,Jan 29 2024 20: +0,1706558400
0.265,2,Jan 29 2024 23: +0,1706569200
0.262,2,Jan 30 2024 09: +0,1706605200
0.254,1,Jan 30 2024 10: +0,1706608800
0.265,1,Jan 30 2024 11: +0,1706612400
0.231,1,Jan 30 2024 15: +0,1706626800
0.238,1,Jan 30 2024 16: +0,1706630400
0.248,2,Jan 30 2024 18: +0,1706637600
0.238,3,Jan 31 2024 10: +0,1706695200
0.246,1,Jan 31 2024 11: +0,1706698800
0.257,1,Jan 31 2024 14: +0,1706709600
0.257,1,Jan 31 2024 16: +0,1706716800
0.246,2,Jan 31 2024 17: +0,1706720400
0.246,1,Jan 31 2024 18: +0,1706724000
0.254,2,Jan 31 2024 19: +0,1706727600
0.254,3,Jan 31 2024 20: +0,1706731200
0.254,1,Jan 31 2024 21: +0,1706734800
0.269,1,Jan 31 2024 22: +0,1706738400
0.439,1,Jan 31 2024 23: +0,1706742000
0.265,1,Feb 01 2024 07: +0,1706770800
0.23,1,Feb 01 2024 10: +0,1706781600
0.174,1,Feb 01 2024 12: +0,1706788800
0.272,1,Feb 01 2024 13: +0,1706792400
0.254,1,Feb 01 2024 15: +0,1706799600
0.132,1,Feb 01 2024 16: +0,1706803200
0.246,1,Feb 01 2024 17: +0,1706806800
0.246,1,Feb 01 2024 18: +0,1706810400
0.255,3,Feb 01 2024 19: +0,1706814000
0.268,1,Feb 01 2024 20: +0,1706817600
0.266,1,Feb 01 2024 22: +0,1706824800
0.274,1,Feb 02 2024 00: +0,1706832000
0.266,1,Feb 02 2024 06: +0,1706853600
0.267,1,Feb 02 2024 11: +0,1706871600
0.256,2,Feb 02 2024 12: +0,1706875200
0.253,2,Feb 02 2024 13: +0,1706878800
0.273,1,Feb 02 2024 15: +0,1706886000
0.254,1,Feb 02 2024 17: +0,1706893200
0.27,1,Feb 02 2024 20: +0,1706904000
0.24,2,Feb 02 2024 21: +0,1706907600
0.265,1,Feb 03 2024 05: +0,1706936400
0.27,1,Feb 03 2024 09: +0,1706950800
0.266,3,Feb 03 2024 11: +0,1706958000
0.232,1,Feb 03 2024 12: +0,1706961600
0.284,1,Feb 03 2024 13: +0,1706965200
0.269,1,Feb 03 2024 17: +0,1706979600
0.26,1,Feb 03 2024 18: +0,1706983200
0.267,1,Feb 03 2024 20: +0,1706990400
0.274,2,Feb 03 2024 22: +0,1706997600
0.27,2,Feb 04 2024 09: +0,1707037200
0.264,2,Feb 04 2024 10: +0,1707040800
0.246,1,Feb 04 2024 11: +0,1707044400
0.246,1,Feb 04 2024 17: +0,1707066000
0.25,2,Feb 04 2024 18: +0,1707069600
0.263,2,Feb 04 2024 19: +0,1707073200
0.26,2,Feb 04 2024 20: +0,1707076800
0.274,2,Feb 04 2024 22: +0,1707084000
0.254,1,Feb 05 2024 00: +0,1707091200
0.274,1,Feb 05 2024 02: +0,1707098400
0.254,1,Feb 05 2024 11: +0,1707130800
0.27,1,Feb 05 2024 13: +0,1707138000
0.272,1,Feb 05 2024 15: +0,1707145200
0.237,2,Feb 05 2024 18: +0,1707156000
0.232,1,Feb 05 2024 20: +0,1707163200
0.269,1,Feb 05 2024 23: +0,1707174000
0.272,1,Feb 06 2024 00: +0,1707177600
0.278,1,Feb 06 2024 01: +0,1707181200
0.28,1,Feb 06 2024 07: +0,1707202800
0.27,1,Feb 06 2024 08: +0,1707206400
0.28,1,Feb 06 2024 10: +0,1707213600
0.277,1,Feb 06 2024 13: +0,1707224400
0.254,3,Feb 06 2024 14: +0,1707228000
0.246,1,Feb 06 2024 20: +0,1707249600
0.258,1,Feb 06 2024 21: +0,1707253200
0.267,1,Feb 06 2024 23: +0,1707260400
0.278,3,Feb 07 2024 04: +0,1707278400
0.279,2,Feb 07 2024 07: +0,1707289200
0.244,1,Feb 07 2024 08: +0,1707292800
0.257,2,Feb 07 2024 09: +0,1707296400
0.27,2,Feb 07 2024 11: +0,1707303600
0.216,1,Feb 07 2024 17: +0,1707325200
0.274,1,Feb 07 2024 18: +0,1707328800
0.275,1,Feb 07 2024 19: +0,1707332400
0.251,2,Feb 07 2024 21: +0,1707339600
0.284,1,Feb 07 2024 23: +0,1707346800
0.277,1,Feb 08 2024 09: +0,1707382800
0.248,2,Feb 08 2024 13: +0,1707397200
0.253,2,Feb 08 2024 15: +0,1707404400
0.228,1,Feb 08 2024 16: +0,1707408000
0.234,2,Feb 08 2024 18: +0,1707415200
0.256,1,Feb 08 2024 22: +0,1707429600
0.265,1,Feb 09 2024 01: +0,1707440400
0.241,2,Feb 09 2024 07: +0,1707462000
0.232,1,Feb 09 2024 10: +0,1707472800
0.246,1,Feb 09 2024 11: +0,1707476400
0.25,3,Feb 09 2024 15: +0,1707490800
0.193,1,Feb 09 2024 16: +0,1707494400
0.244,1,Feb 09 2024 18: +0,1707501600
0.176,1,Feb 09 2024 19: +0,1707505200
0.215,3,Feb 09 2024 20: +0,1707508800
0.257,3,Feb 09 2024 21: +0,1707512400
0.274,1,Feb 10 2024 00: +0,1707523200
0.275,1,Feb 10 2024 03: +0,1707534000
0.201,1,Feb 10 2024 04: +0,1707537600
0.241,1,Feb 10 2024 05: +0,1707541200
0.267,1,Feb 10 2024 13: +0,1707570000
0.259,2,Feb 10 2024 14: +0,1707573600
0.245,1,Feb 10 2024 17: +0,1707584400
0.249,4,Feb 10 2024 18: +0,1707588000
0.255,1,Feb 10 2024 19: +0,1707591600
0.255,1,Feb 10 2024 21: +0,1707598800
0.255,1,Feb 10 2024 22: +0,1707602400
0.267,3,Feb 11 2024 00: +0,1707609600
0.251,2,Feb 11 2024 08: +0,1707638400
0.262,1,Feb 11 2024 10: +0,1707645600
0.257,3,Feb 11 2024 11: +0,1707649200
0.265,2,Feb 11 2024 12: +0,1707652800
0.257,1,Feb 11 2024 14: +0,1707660000
0.243,2,Feb 11 2024 15: +0,1707663600
0.251,1,Feb 11 2024 17: +0,1707670800
0.257,3,Feb 11 2024 18: +0,1707674400
0.247,1,Feb 11 2024 21: +0,1707685200
0.256,1,Feb 12 2024 01: +0,1707699600
0.233,1,Feb 12 2024 07: +0,1707721200
0.263,5,Feb 12 2024 12: +0,1707739200
0.257,1,Feb 12 2024 13: +0,1707742800
0.229,1,Feb 12 2024 17: +0,1707757200
0.262,1,Feb 12 2024 20: +0,1707768000
0.271,11,Feb 12 2024 21: +0,1707771600
0.266,2,Feb 13 2024 00: +0,1707782400
0.247,1,Feb 13 2024 04: +0,1707796800
0.255,1,Feb 13 2024 08: +0,1707811200
0.244,1,Feb 13 2024 10: +0,1707818400
0.209,1,Feb 13 2024 11: +0,1707822000
0.253,2,Feb 13 2024 12: +0,1707825600
0.251,1,Feb 13 2024 13: +0,1707829200
0.261,1,Feb 13 2024 17: +0,1707843600
0.258,2,Feb 13 2024 18: +0,1707847200
0.244,1,Feb 13 2024 19: +0,1707850800
0.251,1,Feb 13 2024 20: +0,1707854400
0.252,1,Feb 14 2024 00: +0,1707868800
0.255,1,Feb 14 2024 01: +0,1707872400
0.257,1,Feb 14 2024 09: +0,1707901200
0.257,1,Feb 14 2024 12: +0,1707912000
0.214,1,Feb 14 2024 13: +0,1707915600
0.256,3,Feb 14 2024 15: +0,1707922800
0.255,1,Feb 14 2024 17: +0,1707930000
0.255,1,Feb 14 2024 18: +0,1707933600
0.25,2,Feb 14 2024 19: +0,1707937200
0.199,1,Feb 14 2024 20: +0,1707940800
0.266,1,Feb 14 2024 21: +0,1707944400
0.259,1,Feb 14 2024 23: +0,1707951600
0.264,1,Feb 15 2024 01: +0,1707958800
0.231,1,Feb 15 2024 05: +0,1707973200
0.223,1,Feb 15 2024 06: +0,1707976800
0.255,6,Feb 15 2024 08: +0,1707984000
0.266,1,Feb 15 2024 09: +0,1707987600
0.266,2,Feb 15 2024 13: +0,1708002000
0.275,1,Feb 15 2024 15: +0,1708009200
0.223,1,Feb 15 2024 16: +0,1708012800
0.247,2,Feb 15 2024 17: +0,1708016400
0.252,2,Feb 15 2024 22: +0,1708034400
0.238,1,Feb 15 2024 23: +0,1708038000
0.279,9,Feb 16 2024 03: +0,1708052400
0.266,1,Feb 16 2024 06: +0,1708063200
0.265,2,Feb 16 2024 16: +0,1708099200
0.27,1,Feb 16 2024 18: +0,1708106400
0.254,1,Feb 16 2024 19: +0,1708110000
0.286,2,Feb 16 2024 22: +0,1708120800
0.274,1,Feb 16 2024 23: +0,1708124400
0.231,1,Feb 17 2024 00: +0,1708128000
0.231,1,Feb 17 2024 08: +0,1708156800
0.247,4,Feb 17 2024 10: +0,1708164000
0.257,1,Feb 17 2024 11: +0,1708167600
0.244,1,Feb 17 2024 12: +0,1708171200
0.24,1,Feb 17 2024 13: +0,1708174800
0.256,3,Feb 17 2024 15: +0,1708182000
0.265,2,Feb 17 2024 16: +0,1708185600
0.265,3,Feb 17 2024 17: +0,1708189200
0.281,1,Feb 17 2024 21: +0,1708203600
0.274,1,Feb 18 2024 00: +0,1708214400
0.246,1,Feb 18 2024 01: +0,1708218000
0.256,1,Feb 18 2024 05: +0,1708232400
0.274,1,Feb 18 2024 10: +0,1708250400
0.256,1,Feb 18 2024 13: +0,1708261200
0.229,1,Feb 18 2024 16: +0,1708272000
0.238,1,Feb 18 2024 17: +0,1708275600
0.242,2,Feb 18 2024 18: +0,1708279200
0.267,2,Feb 18 2024 21: +0,1708290000
0.204,2,Feb 18 2024 23: +0,1708297200
0.229,1,Feb 19 2024 02: +0,1708308000
0.245,1,Feb 19 2024 06: +0,1708322400
0.268,3,Feb 19 2024 10: +0,1708336800
0.258,2,Feb 19 2024 16: +0,1708358400
0.242,1,Feb 19 2024 17: +0,1708362000
0.21,1,Feb 19 2024 20: +0,1708372800
0.257,2,Feb 19 2024 22: +0,1708380000
0.237,1,Feb 20 2024 01: +0,1708390800
0.237,1,Feb 20 2024 02: +0,1708394400
0.237,1,Feb 20 2024 09: +0,1708419600
0.169,1,Feb 20 2024 10: +0,1708423200
0.253,2,Feb 20 2024 12: +0,1708430400
0.238,1,Feb 20 2024 14: +0,1708437600
0.246,2,Feb 20 2024 16: +0,1708444800
0.211,2,Feb 20 2024 19: +0,1708455600
0.254,1,Feb 20 2024 20: +0,1708459200
0.254,1,Feb 20 2024 21: +0,1708462800
0.149,1,Feb 21 2024 01: +0,1708477200
0.205,1,Feb 21 2024 04: +0,1708488000
0.213,1,Feb 21 2024 05: +0,1708491600
0.256,1,Feb 21 2024 06: +0,1708495200
0.231,1,Feb 21 2024 09: +0,1708506000
0.245,1,Feb 21 2024 10: +0,1708509600
0.265,3,Feb 21 2024 11: +0,1708513200
0.27,1,Feb 21 2024 12: +0,1708516800
0.236,2,Feb 21 2024 15: +0,1708527600
0.213,2,Feb 21 2024 16: +0,1708531200
0.259,3,Feb 21 2024 17: +0,1708534800
0.217,2,Feb 21 2024 18: +0,1708538400
0.225,2,Feb 21 2024 19: +0,1708542000
0.256,1,Feb 21 2024 21: +0,1708549200
0.255,1,Feb 21 2024 22: +0,1708552800
0.238,1,Feb 21 2024 23: +0,1708556400
0.189,1,Feb 22 2024 04: +0,1708574400
0.248,1,Feb 22 2024 07: +0,1708585200
0.261,1,Feb 22 2024 13: +0,1708606800
0.245,2,Feb 22 2024 14: +0,1708610400
0.244,4,Feb 22 2024 15: +0,1708614000
0.252,2,Feb 22 2024 17: +0,1708621200
0.271,1,Feb 22 2024 18: +0,1708624800
0.205,1,Feb 22 2024 21: +0,1708635600
0.263,1,Feb 22 2024 22: +0,1708639200
0.169,1,Feb 22 2024 23: +0,1708642800
0.265,1,Feb 23 2024 00: +0,1708646400
0.237,1,Feb 23 2024 06: +0,1708668000
0.264,1,Feb 23 2024 08: +0,1708675200
0.245,2,Feb 23 2024 09: +0,1708678800
0.252,3,Feb 23 2024 12: +0,1708689600
0.264,10,Feb 23 2024 15: +0,1708700400
0.252,1,Feb 23 2024 19: +0,1708714800
0.252,1,Feb 23 2024 20: +0,1708718400
0.242,2,Feb 23 2024 21: +0,1708722000
0.237,1,Feb 23 2024 22: +0,1708725600
0.233,2,Feb 23 2024 23: +0,1708729200
0.247,1,Feb 24 2024 00: +0,1708732800
0.252,2,Feb 24 2024 02: +0,1708740000
0.245,1,Feb 24 2024 04: +0,1708747200
0.252,3,Feb 24 2024 08: +0,1708761600
0.237,1,Feb 24 2024 09: +0,1708765200
0.254,2,Feb 24 2024 11: +0,1708772400
0.225,2,Feb 24 2024 15: +0,1708786800
0.261,5,Feb 24 2024 16: +0,1708790400
0.225,2,Feb 24 2024 20: +0,1708804800
0.248,1,Feb 24 2024 21: +0,1708808400
0.252,5,Feb 24 2024 22: +0,1708812000
0.255,1,Feb 25 2024 00: +0,1708819200
0.247,1,Feb 25 2024 09: +0,1708851600
0.253,1,Feb 25 2024 10: +0,1708855200
0.229,2,Feb 25 2024 12: +0,1708862400
0.231,1,Feb 25 2024 14: +0,1708869600
0.232,1,Feb 25 2024 17: +0,1708880400
0.233,4,Feb 25 2024 18: +0,1708884000
0.236,1,Feb 26 2024 01: +0,1708909200
0.237,1,Feb 26 2024 04: +0,1708920000
0.237,3,Feb 26 2024 06: +0,1708927200
0.255,1,Feb 26 2024 10: +0,1708941600
0.256,2,Feb 26 2024 12: +0,1708948800
0.258,2,Feb 26 2024 14: +0,1708956000
0.261,1,Feb 26 2024 16: +0,1708963200
0.237,1,Feb 26 2024 17: +0,1708966800
0.264,1,Feb 26 2024 20: +0,1708977600
0.263,2,Feb 27 2024 01: +0,1708995600
0.221,1,Feb 27 2024 08: +0,1709020800
0.264,3,Feb 27 2024 10: +0,1709028000
0.272,11,Feb 27 2024 11: +0,1709031600
0.245,1,Feb 27 2024 12: +0,1709035200
0.255,1,Feb 27 2024 13: +0,1709038800
0.269,1,Feb 27 2024 14: +0,1709042400
0.276,5,Feb 27 2024 15: +0,1709046000
0.281,1,Feb 27 2024 19: +0,1709060400
0.214,1,Feb 27 2024 21: +0,1709067600
0.275,3,Feb 27 2024 22: +0,1709071200
0.237,1,Feb 27 2024 23: +0,1709074800
0.284,1,Feb 28 2024 05: +0,1709096400
0.245,1,Feb 28 2024 06: +0,1709100000
0.241,2,Feb 28 2024 08: +0,1709107200
0.282,3,Feb 28 2024 09: +0,1709110800
0.274,1,Feb 28 2024 12: +0,1709121600
0.333,2,Feb 28 2024 13: +0,1709125200
0.272,2,Feb 28 2024 14: +0,1709128800
0.293,10,Feb 28 2024 15: +0,1709132400
0.327,1,Feb 28 2024 16: +0,1709136000
0.325,3,Feb 28 2024 17: +0,1709139600
0.336,1,Feb 28 2024 18: +0,1709143200
0.325,1,Feb 28 2024 19: +0,1709146800
0.336,2,Feb 28 2024 20: +0,1709150400
0.239,2,Feb 28 2024 21: +0,1709154000
0.324,1,Feb 28 2024 23: +0,1709161200
0.272,1,Feb 29 2024 09: +0,1709197200
0.253,1,Feb 29 2024 12: +0,1709208000
0.278,1,Feb 29 2024 13: +0,1709211600
0.284,1,Feb 29 2024 14: +0,1709215200
0.277,2,Feb 29 2024 16: +0,1709222400
0.265,1,Feb 29 2024 18: +0,1709229600
0.269,3,Feb 29 2024 22: +0,1709244000
0.285,1,Mar 01 2024 09: +0,1709283600
0.241,1,Mar 01 2024 14: +0,1709301600
0.275,2,Mar 01 2024 17: +0,1709312400
0.257,2,Mar 01 2024 18: +0,1709316000
0.247,4,Mar 01 2024 19: +0,1709319600
0.251,2,Mar 01 2024 21: +0,1709326800
0.268,1,Mar 01 2024 22: +0,1709330400
0.265,1,Mar 01 2024 23: +0,1709334000
0.278,10,Mar 02 2024 00: +0,1709337600
0.273,1,Mar 02 2024 02: +0,1709344800
0.268,1,Mar 02 2024 04: +0,1709352000
0.292,1,Mar 02 2024 05: +0,1709355600
0.299,1,Mar 02 2024 09: +0,1709370000
0.3,1,Mar 02 2024 10: +0,1709373600
0.265,2,Mar 02 2024 13: +0,1709384400
0.294,2,Mar 02 2024 17: +0,1709398800
0.298,1,Mar 02 2024 19: +0,1709406000
0.233,2,Mar 02 2024 20: +0,1709409600
0.288,1,Mar 03 2024 05: +0,1709442000
0.25,1,Mar 03 2024 12: +0,1709467200
0.271,2,Mar 03 2024 14: +0,1709474400
0.264,2,Mar 03 2024 15: +0,1709478000
0.254,2,Mar 03 2024 16: +0,1709481600
0.265,2,Mar 03 2024 17: +0,1709485200
0.295,2,Mar 03 2024 19: +0,1709492400
0.271,1,Mar 03 2024 20: +0,1709496000
0.242,1,Mar 03 2024 21: +0,1709499600
0.277,4,Mar 03 2024 23: +0,1709506800
0.246,2,Mar 04 2024 02: +0,1709517600
0.286,1,Mar 04 2024 04: +0,1709524800
0.289,1,Mar 04 2024 07: +0,1709535600
0.294,2,Mar 04 2024 09: +0,1709542800
0.294,1,Mar 04 2024 10: +0,1709546400
0.296,1,Mar 04 2024 11: +0,1709550000
0.309,4,Mar 04 2024 12: +0,1709553600
0.307,3,Mar 04 2024 16: +0,1709568000
0.313,1,Mar 04 2024 17: +0,1709571600
0.285,2,Mar 04 2024 18: +0,1709575200
0.288,2,Mar 04 2024 19: +0,1709578800
0.304,2,Mar 04 2024 22: +0,1709589600
0.343,1,Mar 04 2024 23: +0,1709593200
0.303,1,Mar 05 2024 00: +0,1709596800
0.304,4,Mar 05 2024 01: +0,1709600400
0.312,3,Mar 05 2024 06: +0,1709618400
0.321,1,Mar 05 2024 07: +0,1709622000
0.312,1,Mar 05 2024 08: +0,1709625600
0.315,1,Mar 05 2024 09: +0,1709629200
0.312,2,Mar 05 2024 11: +0,1709636400
0.3,2,Mar 05 2024 12: +0,1709640000
0.322,1,Mar 05 2024 15: +0,1709650800
0.32,1,Mar 05 2024 18: +0,1709661600
0.318,2,Mar 05 2024 19: +0,1709665200
0.315,1,Mar 05 2024 20: +0,1709668800
0.325,1,Mar 05 2024 22: +0,1709676000
0.235,1,Mar 05 2024 23: +0,1709679600
0.329,4,Mar 06 2024 00: +0,1709683200
0.314,1,Mar 06 2024 02: +0,1709690400
0.315,1,Mar 06 2024 07: +0,1709708400
0.32,11,Mar 06 2024 08: +0,1709712000
0.32,3,Mar 06 2024 09: +0,1709715600
0.335,1,Mar 06 2024 10: +0,1709719200
0.328,1,Mar 06 2024 11: +0,1709722800
0.32,1,Mar 06 2024 15: +0,1709737200
0.271,3,Mar 06 2024 16: +0,1709740800
0.325,1,Mar 06 2024 17: +0,1709744400
0.316,2,Mar 06 2024 18: +0,1709748000
0.328,5,Mar 06 2024 19: +0,1709751600
0.297,2,Mar 06 2024 21: +0,1709758800
0.312,1,Mar 06 2024 22: +0,1709762400
0.296,1,Mar 07 2024 05: +0,1709787600
0.306,1,Mar 07 2024 06: +0,1709791200
0.293,2,Mar 07 2024 09: +0,1709802000
0.32,1,Mar 07 2024 10: +0,1709805600
0.322,1,Mar 07 2024 16: +0,1709827200
0.29,1,Mar 07 2024 17: +0,1709830800
0.308,2,Mar 07 2024 19: +0,1709838000
0.305,1,Mar 07 2024 20: +0,1709841600
0.312,1,Mar 07 2024 21: +0,1709845200
0.324,7,Mar 07 2024 22: +0,1709848800
0.179,1,Mar 08 2024 01: +0,1709859600
0.326,1,Mar 08 2024 02: +0,1709863200
0.298,1,Mar 08 2024 03: +0,1709866800
0.252,1,Mar 08 2024 04: +0,1709870400
0.341,1,Mar 08 2024 05: +0,1709874000
0.281,1,Mar 08 2024 10: +0,1709892000
0.308,1,Mar 08 2024 12: +0,1709899200
0.326,1,Mar 08 2024 13: +0,1709902800
0.323,1,Mar 08 2024 15: +0,1709910000
0.341,3,Mar 08 2024 16: +0,1709913600
0.332,1,Mar 08 2024 17: +0,1709917200
0.312,1,Mar 08 2024 18: +0,1709920800
0.298,2,Mar 08 2024 21: +0,1709931600
0.297,2,Mar 08 2024 22: +0,1709935200
0.337,2,Mar 08 2024 23: +0,1709938800
0.314,1,Mar 09 2024 02: +0,1709949600
0.316,3,Mar 09 2024 10: +0,1709978400
0.256,1,Mar 09 2024 11: +0,1709982000
0.276,2,Mar 09 2024 12: +0,1709985600
0.384,1,Mar 09 2024 13: +0,1709989200
0.333,1,Mar 09 2024 15: +0,1709996400
0.289,1,Mar 09 2024 16: +0,1710000000
0.316,1,Mar 09 2024 17: +0,1710003600
0.265,1,Mar 09 2024 18: +0,1710007200
0.334,3,Mar 09 2024 19: +0,1710010800
0.341,1,Mar 09 2024 20: +0,1710014400
0.344,1,Mar 09 2024 21: +0,1710018000
0.337,1,Mar 09 2024 22: +0,1710021600
0.299,1,Mar 10 2024 02: +0,1710036000
0.328,1,Mar 10 2024 07: +0,1710054000
0.25,1,Mar 10 2024 09: +0,1710061200
0.316,1,Mar 10 2024 10: +0,1710064800
0.284,2,Mar 10 2024 11: +0,1710068400
0.284,1,Mar 10 2024 12: +0,1710072000
0.314,1,Mar 10 2024 15: +0,1710082800
0.312,1,Mar 10 2024 18: +0,1710093600
0.289,1,Mar 10 2024 19: +0,1710097200
0.299,2,Mar 10 2024 20: +0,1710100800
0.293,2,Mar 11 2024 00: +0,1710115200
0.265,1,Mar 11 2024 04: +0,1710129600
0.279,2,Mar 11 2024 05: +0,1710133200
0.273,1,Mar 11 2024 08: +0,1710144000
0.288,2,Mar 11 2024 09: +0,1710147600
0.36,1,Mar 11 2024 11: +0,1710154800
0.275,4,Mar 11 2024 13: +0,1710162000
0.272,2,Mar 11 2024 14: +0,1710165600
0.29,1,Mar 11 2024 19: +0,1710183600
0.29,1,Mar 11 2024 20: +0,1710187200
0.285,1,Mar 11 2024 21: +0,1710190800
0.284,2,Mar 11 2024 22: +0,1710194400
0.272,2,Mar 11 2024 23: +0,1710198000
0.28,4,Mar 12 2024 00: +0,1710201600
0.294,3,Mar 12 2024 08: +0,1710230400
0.294,1,Mar 12 2024 11: +0,1710241200
0.291,1,Mar 12 2024 14: +0,1710252000
0.292,1,Mar 12 2024 15: +0,1710255600
0.292,4,Mar 12 2024 16: +0,1710259200
0.291,2,Mar 12 2024 19: +0,1710270000
0.29,2,Mar 12 2024 20: +0,1710273600
0.181,1,Mar 12 2024 22: +0,1710280800
0.3,3,Mar 12 2024 23: +0,1710284400
0.272,1,Mar 13 2024 06: +0,1710309600
0.316,1,Mar 13 2024 10: +0,1710324000
0.368,2,Mar 13 2024 13: +0,1710334800
0.299,3,Mar 13 2024 16: +0,1710345600
0.313,1,Mar 13 2024 17: +0,1710349200
0.285,2,Mar 13 2024 18: +0,1710352800
0.252,1,Mar 13 2024 19: +0,1710356400
0.295,1,Mar 13 2024 21: +0,1710363600
0.314,1,Mar 13 2024 22: +0,1710367200
0.295,1,Mar 14 2024 04: +0,1710388800
0.31,1,Mar 14 2024 07: +0,1710399600
0.252,1,Mar 14 2024 10: +0,1710410400
0.299,1,Mar 14 2024 11: +0,1710414000
0.292,2,Mar 14 2024 12: +0,1710417600
0.264,1,Mar 14 2024 15: +0,1710428400
0.297,2,Mar 14 2024 16: +0,1710432000
0.312,1,Mar 14 2024 17: +0,1710435600
0.292,1,Mar 14 2024 19: +0,1710442800
0.267,3,Mar 14 2024 20: +0,1710446400
0.252,1,Mar 15 2024 02: +0,1710468000
0.213,1,Mar 15 2024 06: +0,1710482400
0.252,1,Mar 15 2024 09: +0,1710493200
0.27,1,Mar 15 2024 12: +0,1710504000
0.259,2,Mar 15 2024 13: +0,1710507600
0.252,1,Mar 15 2024 15: +0,1710514800
0.267,2,Mar 15 2024 16: +0,1710518400
0.281,2,Mar 15 2024 17: +0,1710522000
0.276,8,Mar 15 2024 19: +0,1710529200
0.284,2,Mar 15 2024 22: +0,1710540000
0.286,1,Mar 15 2024 23: +0,1710543600
0.281,1,Mar 16 2024 00: +0,1710547200
0.272,3,Mar 16 2024 06: +0,1710568800
0.269,2,Mar 16 2024 07: +0,1710572400
0.267,2,Mar 16 2024 09: +0,1710579600
0.275,1,Mar 16 2024 10: +0,1710583200
0.275,1,Mar 16 2024 11: +0,1710586800
0.287,2,Mar 16 2024 12: +0,1710590400
0.27,1,Mar 16 2024 14: +0,1710597600
0.284,3,Mar 16 2024 15: +0,1710601200
0.273,1,Mar 16 2024 16: +0,1710604800
0.279,1,Mar 16 2024 17: +0,1710608400
0.252,1,Mar 16 2024 19: +0,1710615600
0.337,2,Mar 16 2024 20: +0,1710619200
0.271,1,Mar 16 2024 21: +0,1710622800
0.252,1,Mar 16 2024 23: +0,1710630000
0.259,2,Mar 17 2024 08: +0,1710662400
0.269,2,Mar 17 2024 11: +0,1710673200
0.259,2,Mar 17 2024 12: +0,1710676800
0.264,3,Mar 17 2024 13: +0,1710680400
0.258,2,Mar 17 2024 14: +0,1710684000
0.272,1,Mar 17 2024 15: +0,1710687600
0.266,1,Mar 17 2024 17: +0,1710694800
0.287,2,Mar 17 2024 18: +0,1710698400
0.272,1,Mar 17 2024 19: +0,1710702000
0.229,1,Mar 17 2024 20: +0,1710705600
0.256,1,Mar 17 2024 21: +0,1710709200
0.259,2,Mar 18 2024 02: +0,1710727200
0.256,1,Mar 18 2024 04: +0,1710734400
0.279,1,Mar 18 2024 06: +0,1710741600
0.287,1,Mar 18 2024 07: +0,1710745200
0.284,2,Mar 18 2024 09: +0,1710752400
0.255,2,Mar 18 2024 15: +0,1710774000
0.279,3,Mar 18 2024 18: +0,1710784800
0.273,1,Mar 18 2024 20: +0,1710792000
0.281,1,Mar 18 2024 21: +0,1710795600
0.279,1,Mar 18 2024 23: +0,1710802800
0.246,1,Mar 19 2024 00: +0,1710806400
0.22,1,Mar 19 2024 02: +0,1710813600
0.282,1,Mar 19 2024 07: +0,1710831600
0.284,2,Mar 19 2024 08: +0,1710835200
0.265,1,Mar 19 2024 09: +0,1710838800
0.268,1,Mar 19 2024 11: +0,1710846000
0.277,1,Mar 19 2024 13: +0,1710853200
0.264,1,Mar 19 2024 14: +0,1710856800
0.261,2,Mar 19 2024 15: +0,1710860400
0.272,2,Mar 19 2024 16: +0,1710864000
0.3,1,Mar 19 2024 17: +0,1710867600
0.27,1,Mar 19 2024 18: +0,1710871200
0.291,2,Mar 19 2024 19: +0,1710874800
0.243,2,Mar 19 2024 20: +0,1710878400
0.265,1,Mar 19 2024 21: +0,1710882000
0.255,1,Mar 20 2024 02: +0,1710900000
0.272,3,Mar 20 2024 09: +0,1710925200
0.29,1,Mar 20 2024 11: +0,1710932400
0.272,3,Mar 20 2024 12: +0,1710936000
0.292,12,Mar 20 2024 13: +0,1710939600
0.303,1,Mar 20 2024 16: +0,1710950400
0.31,11,Mar 20 2024 17: +0,1710954000
0.326,1,Mar 20 2024 19: +0,1710961200
0.268,1,Mar 20 2024 21: +0,1710968400
0.305,1,Mar 20 2024 22: +0,1710972000
0.248,1,Mar 20 2024 23: +0,1710975600
0.264,1,Mar 21 2024 00: +0,1710979200
0.313,2,Mar 21 2024 02: +0,1710986400
0.309,1,Mar 21 2024 08: +0,1711008000
0.317,1,Mar 21 2024 09: +0,1711011600
0.297,2,Mar 21 2024 11: +0,1711018800
0.305,2,Mar 21 2024 13: +0,1711026000
0.301,1,Mar 21 2024 14: +0,1711029600
0.293,1,Mar 21 2024 15: +0,1711033200
0.312,2,Mar 21 2024 18: +0,1711044000
0.324,2,Mar 21 2024 19: +0,1711047600
0.325,1,Mar 21 2024 20: +0,1711051200
0.317,1,Mar 22 2024 03: +0,1711076400
0.318,2,Mar 22 2024 07: +0,1711090800
0.329,1,Mar 22 2024 09: +0,1711098000
0.328,1,Mar 22 2024 10: +0,1711101600
0.301,1,Mar 22 2024 13: +0,1711112400
0.317,1,Mar 22 2024 14: +0,1711116000
0.33,2,Mar 22 2024 16: +0,1711123200
0.319,1,Mar 22 2024 17: +0,1711126800
0.312,2,Mar 22 2024 19: +0,1711134000
0.321,1,Mar 22 2024 21: +0,1711141200
0.302,1,Mar 23 2024 00: +0,1711152000
0.309,1,Mar 23 2024 03: +0,1711162800
0.297,3,Mar 23 2024 09: +0,1711184400
0.254,1,Mar 23 2024 10: +0,1711188000
0.293,1,Mar 23 2024 12: +0,1711195200
0.325,1,Mar 23 2024 13: +0,1711198800
0.299,1,Mar 23 2024 14: +0,1711202400
0.317,6,Mar 23 2024 15: +0,1711206000
0.321,2,Mar 23 2024 16: +0,1711209600
0.325,1,Mar 23 2024 19: +0,1711220400
0.325,1,Mar 23 2024 20: +0,1711224000
0.293,1,Mar 23 2024 22: +0,1711231200
0.301,2,Mar 24 2024 09: +0,1711270800
0.314,1,Mar 24 2024 13: +0,1711285200
0.317,1,Mar 24 2024 17: +0,1711299600
0.322,1,Mar 24 2024 19: +0,1711306800
0.321,1,Mar 25 2024 01: +0,1711328400
0.319,1,Mar 25 2024 02: +0,1711332000
0.308,1,Mar 25 2024 04: +0,1711339200
0.328,1,Mar 25 2024 07: +0,1711350000
0.332,1,Mar 25 2024 08: +0,1711353600
0.463,1,Mar 25 2024 10: +0,1711360800
0.337,2,Mar 25 2024 12: +0,1711368000
0.325,10,Mar 25 2024 17: +0,1711386000
0.322,2,Mar 25 2024 19: +0,1711393200
0.322,3,Mar 25 2024 20: +0,1711396800
0.328,1,Mar 25 2024 21: +0,1711400400
0.325,1,Mar 25 2024 22: +0,1711404000
0.297,1,Mar 25 2024 23: +0,1711407600
0.326,1,Mar 26 2024 06: +0,1711432800
0.329,6,Mar 26 2024 07: +0,1711436400
0.332,5,Mar 26 2024 08: +0,1711440000
0.315,1,Mar 26 2024 10: +0,1711447200
0.336,2,Mar 26 2024 12: +0,1711454400
0.344,1,Mar 26 2024 19: +0,1711479600
0.315,1,Mar 26 2024 20: +0,1711483200
0.332,1,Mar 27 2024 08: +0,1711526400
0.332,4,Mar 27 2024 09: +0,1711530000
0.345,1,Mar 27 2024 11: +0,1711537200
0.355,1,Mar 27 2024 12: +0,1711540800
0.349,1,Mar 27 2024 13: +0,1711544400
0.36,4,Mar 27 2024 14: +0,1711548000
0.349,2,Mar 27 2024 15: +0,1711551600
0.381,1,Mar 27 2024 17: +0,1711558800
0.378,1,Mar 27 2024 19: +0,1711566000
0.357,3,Mar 27 2024 20: +0,1711569600
0.366,1,Mar 27 2024 22: +0,1711576800
0.317,1,Mar 28 2024 00: +0,1711584000
0.347,1,Mar 28 2024 03: +0,1711594800
0.343,2,Mar 28 2024 06: +0,1711605600
0.341,1,Mar 28 2024 10: +0,1711620000
0.333,1,Mar 28 2024 11: +0,1711623600
0.35,1,Mar 28 2024 19: +0,1711652400
0.351,2,Mar 28 2024 22: +0,1711663200
0.342,1,Mar 28 2024 23: +0,1711666800
0.355,1,Mar 29 2024 00: +0,1711670400
0.357,1,Mar 29 2024 07: +0,1711695600
0.357,1,Mar 29 2024 11: +0,1711710000
0.349,2,Mar 29 2024 13: +0,1711717200
0.359,1,Mar 29 2024 14: +0,1711720800
0.328,1,Mar 29 2024 15: +0,1711724400
0.341,5,Mar 29 2024 16: +0,1711728000
0.351,1,Mar 29 2024 18: +0,1711735200
0.334,1,Mar 29 2024 23: +0,1711753200
0.34,3,Mar 30 2024 08: +0,1711785600
0.34,1,Mar 30 2024 09: +0,1711789200
0.356,1,Mar 30 2024 10: +0,1711792800
0.341,1,Mar 30 2024 12: +0,1711800000
0.343,3,Mar 30 2024 13: +0,1711803600
0.344,1,Mar 30 2024 14: +0,1711807200
0.344,2,Mar 30 2024 18: +0,1711821600
0.349,1,Mar 30 2024 19: +0,1711825200
0.264,1,Mar 30 2024 21: +0,1711832400
0.304,2,Mar 30 2024 23: +0,1711839600
0.339,2,Mar 31 2024 07: +0,1711864800
0.339,3,Mar 31 2024 09: +0,1711872000
0.352,1,Mar 31 2024 11: +0,1711879200
0.354,1,Mar 31 2024 12: +0,1711882800
0.345,1,Mar 31 2024 14: +0,1711890000
0.341,1,Mar 31 2024 15: +0,1711893600
0.343,1,Mar 31 2024 16: +0,1711897200
0.352,1,Mar 31 2024 18: +0,1711904400
0.359,2,Mar 31 2024 20: +0,1711911600
0.354,1,Apr 01 2024 03: +0,1711936800
0.352,1,Apr 01 2024 08: +0,1711954800
0.354,1,Apr 01 2024 10: +0,1711962000
0.308,3,Apr 01 2024 19: +0,1711994400
0.309,2,Apr 01 2024 21: +0,1712001600
0.308,1,Apr 02 2024 00: +0,1712012400
0.315,1,Apr 02 2024 04: +0,1712026800
0.308,1,Apr 02 2024 07: +0,1712037600
0.314,1,Apr 02 2024 09: +0,1712044800
0.239,1,Apr 02 2024 12: +0,1712055600
0.453,2,Apr 02 2024 14: +0,1712062800
0.285,1,Apr 02 2024 15: +0,1712066400
0.295,1,Apr 02 2024 16: +0,1712070000
0.313,1,Apr 02 2024 20: +0,1712084400
0.251,1,Apr 02 2024 22: +0,1712091600
0.311,2,Apr 02 2024 23: +0,1712095200
0.314,1,Apr 03 2024 08: +0,1712127600
0.321,1,Apr 03 2024 11: +0,1712138400
0.308,2,Apr 03 2024 14: +0,1712149200
0.32,1,Apr 03 2024 16: +0,1712156400
0.308,2,Apr 03 2024 17: +0,1712160000
0.308,1,Apr 03 2024 21: +0,1712174400
0.294,2,Apr 03 2024 22: +0,1712178000
0.308,1,Apr 04 2024 06: +0,1712206800
0.316,3,Apr 04 2024 07: +0,1712210400
0.282,1,Apr 04 2024 10: +0,1712221200
0.308,1,Apr 04 2024 11: +0,1712224800
0.363,1,Apr 04 2024 15: +0,1712239200
0.302,2,Apr 04 2024 17: +0,1712246400
0.304,1,Apr 04 2024 20: +0,1712257200
0.319,1,Apr 04 2024 21: +0,1712260800
0.316,1,Apr 04 2024 22: +0,1712264400
0.301,1,Apr 05 2024 00: +0,1712271600
0.308,1,Apr 05 2024 02: +0,1712278800
0.468,1,Apr 05 2024 07: +0,1712296800
0.44,1,Apr 05 2024 08: +0,1712300400
0.306,1,Apr 05 2024 09: +0,1712304000
0.251,1,Apr 05 2024 11: +0,1712311200
0.355,1,Apr 05 2024 13: +0,1712318400
0.315,1,Apr 05 2024 15: +0,1712325600
0.306,1,Apr 05 2024 17: +0,1712332800
0.313,5,Apr 05 2024 20: +0,1712343600
0.326,3,Apr 05 2024 23: +0,1712354400
0.295,1,Apr 06 2024 04: +0,1712372400
0.295,3,Apr 06 2024 09: +0,1712390400
0.317,1,Apr 06 2024 10: +0,1712394000
0.321,6,Apr 06 2024 11: +0,1712397600
0.313,1,Apr 06 2024 12: +0,1712401200
0.338,1,Apr 06 2024 18: +0,1712422800
0.338,1,Apr 06 2024 20: +0,1712430000
0.346,1,Apr 06 2024 23: +0,1712440800
0.299,1,Apr 07 2024 02: +0,1712451600
0.313,1,Apr 07 2024 04: +0,1712458800
0.302,1,Apr 07 2024 10: +0,1712480400
0.313,1,Apr 07 2024 12: +0,1712487600
0.319,3,Apr 07 2024 13: +0,1712491200
0.289,2,Apr 07 2024 18: +0,1712509200
0.319,3,Apr 07 2024 19: +0,1712512800
0.328,2,Apr 07 2024 20: +0,1712516400
0.332,1,Apr 07 2024 21: +0,1712520000
0.337,12,Apr 07 2024 22: +0,1712523600
0.347,3,Apr 08 2024 13: +0,1712577600
0.325,1,Apr 09 2024 00: +0,1712617200
0.331,1,Apr 09 2024 06: +0,1712638800
0.299,2,Apr 09 2024 15: +0,1712671200
0.318,1,Apr 09 2024 18: +0,1712682000
0.313,3,Apr 10 2024 09: +0,1712736000
0.311,1,Apr 10 2024 10: +0,1712739600
0.319,2,Apr 10 2024 12: +0,1712746800
0.318,3,Apr 10 2024 17: +0,1712764800
0.317,2,Apr 10 2024 18: +0,1712768400
0.325,1,Apr 10 2024 19: +0,1712772000
0.301,2,Apr 10 2024 21: +0,1712779200
0.325,1,Apr 10 2024 22: +0,1712782800
0.315,2,Apr 11 2024 06: +0,1712811600
0.308,3,Apr 11 2024 10: +0,1712826000
0.297,1,Apr 11 2024 11: +0,1712829600
0.326,1,Apr 11 2024 12: +0,1712833200
0.255,1,Apr 11 2024 13: +0,1712836800
0.268,1,Apr 11 2024 15: +0,1712844000
0.281,1,Apr 11 2024 16: +0,1712847600
0.297,1,Apr 11 2024 18: +0,1712854800
0.29,1,Apr 11 2024 19: +0,1712858400
0.296,2,Apr 11 2024 22: +0,1712869200
0.281,1,Apr 12 2024 13: +0,1712923200
0.305,1,Apr 12 2024 15: +0,1712930400
0.31,1,Apr 12 2024 16: +0,1712934000
0.317,1,Apr 12 2024 17: +0,1712937600
0.315,1,Apr 12 2024 18: +0,1712941200
0.313,1,Apr 12 2024 19: +0,1712944800
0.317,1,Apr 12 2024 22: +0,1712955600
0.289,1,Apr 13 2024 00: +0,1712962800
0.314,1,Apr 13 2024 02: +0,1712970000
0.305,3,Apr 13 2024 10: +0,1712998800
0.316,1,Apr 13 2024 15: +0,1713016800
0.313,1,Apr 13 2024 18: +0,1713027600
0.316,1,Apr 13 2024 19: +0,1713031200
0.289,1,Apr 14 2024 04: +0,1713063600
0.296,1,Apr 14 2024 05: +0,1713067200
0.257,1,Apr 14 2024 06: +0,1713070800
0.299,1,Apr 14 2024 07: +0,1713074400
0.299,1,Apr 14 2024 09: +0,1713081600
0.317,3,Apr 14 2024 14: +0,1713099600
0.303,4,Apr 14 2024 16: +0,1713106800
0.293,3,Apr 14 2024 18: +0,1713114000
0.307,1,Apr 14 2024 19: +0,1713117600
0.315,2,Apr 14 2024 20: +0,1713121200
0.209,1,Apr 14 2024 21: +0,1713124800
0.315,1,Apr 14 2024 22: +0,1713128400
0.255,1,Apr 14 2024 23: +0,1713132000
0.255,1,Apr 15 2024 11: +0,1713175200
0.317,1,Apr 15 2024 13: +0,1713182400
0.307,3,Apr 15 2024 14: +0,1713186000
0.313,8,Apr 15 2024 20: +0,1713207600
0.313,2,Apr 15 2024 21: +0,1713211200
0.325,1,Apr 16 2024 04: +0,1713236400
0.313,1,Apr 16 2024 06: +0,1713243600
0.273,1,Apr 16 2024 10: +0,1713258000
0.315,1,Apr 16 2024 11: +0,1713261600
0.324,3,Apr 16 2024 13: +0,1713268800
0.333,1,Apr 16 2024 15: +0,1713276000
0.306,1,Apr 16 2024 16: +0,1713279600
0.267,1,Apr 16 2024 17: +0,1713283200
0.331,2,Apr 16 2024 18: +0,1713286800
0.315,2,Apr 16 2024 19: +0,1713290400
0.319,2,Apr 16 2024 22: +0,1713301200
0.366,1,Apr 17 2024 01: +0,1713312000
0.329,1,Apr 17 2024 02: +0,1713315600
0.316,1,Apr 17 2024 10: +0,1713344400
0.323,4,Apr 17 2024 11: +0,1713348000
0.315,2,Apr 17 2024 14: +0,1713358800
0.333,1,Apr 17 2024 15: +0,1713362400
0.336,2,Apr 17 2024 18: +0,1713373200
0.329,1,Apr 17 2024 19: +0,1713376800
0.34,1,Apr 17 2024 20: +0,1713380400
0.293,1,Apr 18 2024 00: +0,1713394800
0.314,2,Apr 18 2024 06: +0,1713416400
0.313,1,Apr 18 2024 08: +0,1713423600
0.306,2,Apr 18 2024 09: +0,1713427200
0.322,1,Apr 18 2024 10: +0,1713430800
0.324,1,Apr 18 2024 11: +0,1713434400
0.342,5,Apr 18 2024 12: +0,1713438000
0.309,2,Apr 18 2024 14: +0,1713445200
0.297,1,Apr 18 2024 15: +0,1713448800
0.309,2,Apr 18 2024 18: +0,1713459600
0.306,1,Apr 18 2024 19: +0,1713463200
0.324,1,Apr 18 2024 20: +0,1713466800
0.337,1,Apr 18 2024 21: +0,1713470400
0.295,1,Apr 18 2024 22: +0,1713474000
0.302,2,Apr 19 2024 00: +0,1713481200
0.342,1,Apr 19 2024 04: +0,1713495600
0.337,1,Apr 19 2024 05: +0,1713499200
0.334,1,Apr 19 2024 09: +0,1713513600
0.318,1,Apr 19 2024 11: +0,1713520800
0.334,3,Apr 19 2024 13: +0,1713528000
0.338,2,Apr 19 2024 15: +0,1713535200
0.35,3,Apr 19 2024 16: +0,1713538800
0.363,1,Apr 19 2024 18: +0,1713546000
0.303,1,Apr 19 2024 21: +0,1713556800
0.305,1,Apr 19 2024 22: +0,1713560400
0.293,1,Apr 20 2024 07: +0,1713592800
0.345,2,Apr 20 2024 09: +0,1713600000
0.335,1,Apr 20 2024 10: +0,1713603600
0.258,1,Apr 20 2024 11: +0,1713607200
0.209,1,Apr 20 2024 12: +0,1713610800
0.362,1,Apr 20 2024 13: +0,1713614400
0.325,1,Apr 20 2024 17: +0,1713628800
0.362,1,Apr 20 2024 18: +0,1713632400
0.344,1,Apr 20 2024 19: +0,1713636000
0.345,1,Apr 20 2024 23: +0,1713650400
0.32,1,Apr 21 2024 00: +0,1713654000
0.332,1,Apr 21 2024 04: +0,1713668400
0.289,1,Apr 21 2024 08: +0,1713682800
0.325,1,Apr 21 2024 10: +0,1713690000
0.313,1,Apr 21 2024 12: +0,1713697200
0.325,1,Apr 21 2024 13: +0,1713700800
0.326,2,Apr 21 2024 14: +0,1713704400
0.33,2,Apr 21 2024 15: +0,1713708000
0.342,1,Apr 21 2024 16: +0,1713711600
0.357,1,Apr 21 2024 19: +0,1713722400
0.367,1,Apr 21 2024 20: +0,1713726000
0.367,1,Apr 21 2024 22: +0,1713733200
0.311,1,Apr 22 2024 00: +0,1713740400
0.311,1,Apr 22 2024 04: +0,1713754800
0.257,1,Apr 22 2024 11: +0,1713780000
0.332,1,Apr 22 2024 12: +0,1713783600
0.351,1,Apr 22 2024 14: +0,1713790800
0.331,2,Apr 22 2024 16: +0,1713798000
0.323,1,Apr 22 2024 17: +0,1713801600
0.303,1,Apr 22 2024 18: +0,1713805200
0.355,1,Apr 22 2024 19: +0,1713808800
0.364,1,Apr 22 2024 20: +0,1713812400
0.341,2,Apr 22 2024 21: +0,1713816000
0.295,1,Apr 23 2024 12: +0,1713870000
0.295,3,Apr 23 2024 13: +0,1713873600
0.319,1,Apr 23 2024 14: +0,1713877200
0.464,2,Apr 23 2024 15: +0,1713880800
0.313,2,Apr 23 2024 21: +0,1713902400
0.325,1,Apr 24 2024 04: +0,1713927600
0.28,2,Apr 24 2024 10: +0,1713949200
0.324,1,Apr 24 2024 12: +0,1713956400
0.319,3,Apr 24 2024 13: +0,1713960000
0.335,2,Apr 24 2024 15: +0,1713967200
0.352,2,Apr 24 2024 16: +0,1713970800
0.334,2,Apr 24 2024 18: +0,1713978000
0.367,3,Apr 24 2024 21: +0,1713988800
0.279,2,Apr 25 2024 02: +0,1714006800
0.279,1,Apr 25 2024 08: +0,1714028400
0.392,1,Apr 25 2024 10: +0,1714035600
0.367,1,Apr 25 2024 11: +0,1714039200
0.362,1,Apr 25 2024 16: +0,1714057200
0.38,2,Apr 25 2024 18: +0,1714064400
0.381,2,Apr 25 2024 19: +0,1714068000
0.385,1,Apr 25 2024 20: +0,1714071600
0.335,1,Apr 25 2024 23: +0,1714082400
0.393,7,Apr 26 2024 05: +0,1714104000
0.327,1,Apr 26 2024 12: +0,1714129200
0.287,1,Apr 26 2024 13: +0,1714132800
0.328,1,Apr 26 2024 14: +0,1714136400
0.344,1,Apr 26 2024 15: +0,1714140000
0.295,1,Apr 26 2024 16: +0,1714143600
0.341,1,Apr 26 2024 17: +0,1714147200
0.345,1,Apr 26 2024 18: +0,1714150800
0.313,1,Apr 26 2024 20: +0,1714158000
0.319,1,Apr 26 2024 21: +0,1714161600
0.314,2,Apr 26 2024 22: +0,1714165200
0.325,1,Apr 27 2024 00: +0,1714172400
0.376,1,Apr 27 2024 02: +0,1714179600
0.321,2,Apr 27 2024 05: +0,1714190400
0.311,3,Apr 27 2024 06: +0,1714194000
0.334,1,Apr 27 2024 11: +0,1714212000
0.303,1,Apr 27 2024 13: +0,1714219200
0.333,1,Apr 27 2024 14: +0,1714222800
0.327,1,Apr 27 2024 16: +0,1714230000
0.295,1,Apr 27 2024 17: +0,1714233600
0.328,1,Apr 27 2024 18: +0,1714237200
0.319,1,Apr 27 2024 19: +0,1714240800
0.315,2,Apr 27 2024 20: +0,1714244400
0.327,1,Apr 27 2024 23: +0,1714255200
0.335,1,Apr 28 2024 08: +0,1714287600
0.346,1,Apr 28 2024 09: +0,1714291200
0.295,1,Apr 28 2024 12: +0,1714302000
0.335,2,Apr 28 2024 13: +0,1714305600
0.295,1,Apr 28 2024 15: +0,1714312800
0.319,1,Apr 28 2024 19: +0,1714327200
0.376,1,Apr 28 2024 21: +0,1714334400
0.378,4,Apr 28 2024 23: +0,1714341600
0.323,2,Apr 29 2024 11: +0,1714384800
0.34,1,Apr 29 2024 13: +0,1714392000
0.328,1,Apr 29 2024 19: +0,1714413600
0.329,3,Apr 29 2024 20: +0,1714417200
0.271,1,Apr 29 2024 21: +0,1714420800
0.322,1,Apr 29 2024 23: +0,1714428000
0.321,1,Apr 30 2024 00: +0,1714431600
0.311,1,Apr 30 2024 01: +0,1714435200
0.321,3,Apr 30 2024 11: +0,1714471200
0.316,1,Apr 30 2024 14: +0,1714482000
0.303,1,Apr 30 2024 15: +0,1714485600
0.321,2,Apr 30 2024 16: +0,1714489200
0.367,10,Apr 30 2024 19: +0,1714500000
0.376,1,Apr 30 2024 21: +0,1714507200
0.374,1,Apr 30 2024 22: +0,1714510800
0.311,1,May 01 2024 02: +0,1714525200
0.311,1,May 01 2024 08: +0,1714546800
0.321,2,May 01 2024 09: +0,1714550400
0.351,1,May 01 2024 16: +0,1714575600
0.339,1,May 01 2024 18: +0,1714582800
0.356,1,May 01 2024 19: +0,1714586400
0.303,1,May 02 2024 05: +0,1714622400
0.316,1,May 02 2024 09: +0,1714636800
0.295,1,May 02 2024 12: +0,1714647600
0.295,1,May 02 2024 13: +0,1714651200
0.315,1,May 02 2024 15: +0,1714658400
0.287,1,May 02 2024 17: +0,1714665600
0.307,2,May 02 2024 19: +0,1714672800
0.313,2,May 02 2024 21: +0,1714680000
0.295,1,May 02 2024 22: +0,1714683600
0.321,1,May 03 2024 00: +0,1714690800
0.295,1,May 03 2024 06: +0,1714712400
0.328,1,May 03 2024 07: +0,1714716000
0.319,1,May 03 2024 09: +0,1714723200
0.328,1,May 03 2024 12: +0,1714734000
0.319,1,May 03 2024 15: +0,1714744800
0.295,1,May 03 2024 16: +0,1714748400
0.314,1,May 03 2024 19: +0,1714759200
0.323,2,May 03 2024 21: +0,1714766400
0.316,3,May 03 2024 22: +0,1714770000
0.323,1,May 04 2024 00: +0,1714777200
0.314,1,May 04 2024 01: +0,1714780800
0.33,1,May 04 2024 09: +0,1714809600
0.319,1,May 04 2024 17: +0,1714838400
0.32,4,May 04 2024 19: +0,1714845600
0.324,1,May 04 2024 21: +0,1714852800
0.32,1,May 05 2024 00: +0,1714863600
0.317,1,May 05 2024 02: +0,1714870800
0.332,1,May 05 2024 08: +0,1714892400
0.331,1,May 05 2024 09: +0,1714896000
0.296,1,May 05 2024 11: +0,1714903200
0.332,1,May 05 2024 12: +0,1714906800
0.327,1,May 05 2024 13: +0,1714910400
0.332,4,May 05 2024 16: +0,1714921200
0.314,2,May 05 2024 17: +0,1714924800
0.327,1,May 05 2024 18: +0,1714928400
0.324,1,May 05 2024 19: +0,1714932000
0.305,2,May 05 2024 21: +0,1714939200
0.296,1,May 05 2024 22: +0,1714942800
0.308,2,May 06 2024 00: +0,1714950000
0.328,1,May 06 2024 08: +0,1714978800
0.378,2,May 06 2024 10: +0,1714986000
0.339,2,May 06 2024 11: +0,1714989600
0.337,4,May 06 2024 14: +0,1715000400
0.329,2,May 06 2024 15: +0,1715004000
0.341,1,May 06 2024 17: +0,1715011200
0.336,4,May 06 2024 19: +0,1715018400
0.328,1,May 06 2024 20: +0,1715022000
0.336,5,May 07 2024 06: +0,1715058000
0.288,1,May 07 2024 12: +0,1715079600
0.328,1,May 07 2024 18: +0,1715101200
0.328,1,May 07 2024 22: +0,1715115600
0.328,1,May 08 2024 06: +0,1715144400
0.308,1,May 08 2024 08: +0,1715151600
0.337,1,May 08 2024 12: +0,1715166000
0.332,2,May 08 2024 14: +0,1715173200
0.32,1,May 08 2024 16: +0,1715180400
0.34,1,May 08 2024 17: +0,1715184000
0.32,1,May 08 2024 18: +0,1715187600
0.337,1,May 08 2024 19: +0,1715191200
0.326,2,May 08 2024 22: +0,1715202000
0.304,1,May 08 2024 23: +0,1715205600
0.247,1,May 09 2024 05: +0,1715227200
0.317,1,May 09 2024 06: +0,1715230800
0.318,4,May 09 2024 13: +0,1715256000
0.32,1,May 09 2024 14: +0,1715259600
0.338,1,May 09 2024 16: +0,1715266800
0.309,1,May 09 2024 21: +0,1715284800
0.255,1,May 09 2024 23: +0,1715292000
0.254,1,May 10 2024 01: +0,1715299200
0.263,1,May 10 2024 03: +0,1715306400
0.308,4,May 10 2024 08: +0,1715324400
0.336,1,May 10 2024 10: +0,1715331600
0.294,1,May 10 2024 11: +0,1715335200
0.3,1,May 10 2024 12: +0,1715338800
0.3,3,May 10 2024 13: +0,1715342400
0.313,1,May 10 2024 14: +0,1715346000
0.324,1,May 10 2024 15: +0,1715349600
0.316,1,May 10 2024 17: +0,1715356800
0.308,1,May 10 2024 18: +0,1715360400
0.332,1,May 10 2024 21: +0,1715371200
0.336,1,May 11 2024 07: +0,1715407200
0.323,1,May 11 2024 08: +0,1715410800
0.324,2,May 11 2024 12: +0,1715425200
0.316,1,May 11 2024 13: +0,1715428800
0.332,3,May 11 2024 19: +0,1715450400
0.35,1,May 11 2024 21: +0,1715457600
0.334,2,May 11 2024 23: +0,1715464800
0.332,1,May 12 2024 02: +0,1715475600
0.351,1,May 12 2024 03: +0,1715479200
0.344,1,May 12 2024 07: +0,1715493600
0.349,1,May 12 2024 10: +0,1715504400
0.343,2,May 12 2024 11: +0,1715508000
0.34,1,May 12 2024 12: +0,1715511600
0.343,1,May 12 2024 18: +0,1715533200
0.35,1,May 12 2024 19: +0,1715536800
0.341,1,May 13 2024 03: +0,1715565600
0.3,1,May 13 2024 07: +0,1715580000
0.351,1,May 13 2024 12: +0,1715598000
0.372,1,May 13 2024 13: +0,1715601600
0.325,2,May 13 2024 16: +0,1715612400
0.318,1,May 13 2024 17: +0,1715616000
0.326,2,May 13 2024 18: +0,1715619600
0.307,1,May 13 2024 21: +0,1715630400
0.34,1,May 14 2024 03: +0,1715652000
0.347,1,May 14 2024 09: +0,1715673600
0.292,1,May 14 2024 10: +0,1715677200
0.341,1,May 14 2024 18: +0,1715706000
0.331,1,May 14 2024 20: +0,1715713200
0.308,1,May 14 2024 22: +0,1715720400
0.332,1,May 15 2024 02: +0,1715734800
0.353,1,May 15 2024 03: +0,1715738400
0.32,1,May 15 2024 06: +0,1715749200
0.353,1,May 15 2024 09: +0,1715760000
0.34,2,May 15 2024 11: +0,1715767200
0.34,1,May 15 2024 12: +0,1715770800
0.361,1,May 15 2024 18: +0,1715792400
0.34,1,May 15 2024 19: +0,1715796000
0.332,2,May 16 2024 02: +0,1715821200
0.338,1,May 16 2024 04: +0,1715828400
0.332,1,May 16 2024 08: +0,1715842800
0.332,1,May 16 2024 09: +0,1715846400
0.364,1,May 16 2024 11: +0,1715853600
0.328,2,May 16 2024 12: +0,1715857200
0.308,1,May 16 2024 14: +0,1715864400
0.364,1,May 16 2024 15: +0,1715868000
0.379,1,May 16 2024 16: +0,1715871600
0.364,1,May 16 2024 18: +0,1715878800
0.365,1,May 16 2024 19: +0,1715882400
0.332,2,May 16 2024 20: +0,1715886000
0.268,3,May 16 2024 21: +0,1715889600
0.335,2,May 16 2024 22: +0,1715893200
0.349,1,May 16 2024 23: +0,1715896800
0.363,1,May 17 2024 04: +0,1715914800
0.354,1,May 17 2024 05: +0,1715918400
0.369,3,May 17 2024 06: +0,1715922000
0.375,1,May 17 2024 09: +0,1715932800
0.364,1,May 17 2024 11: +0,1715940000
0.338,1,May 17 2024 14: +0,1715950800
0.292,1,May 17 2024 15: +0,1715954400
0.332,1,May 17 2024 18: +0,1715965200
0.369,3,May 17 2024 21: +0,1715976000
0.346,1,May 17 2024 22: +0,1715979600
0.332,1,May 18 2024 00: +0,1715986800
0.364,1,May 18 2024 09: +0,1716019200
0.362,1,May 18 2024 13: +0,1716033600
0.35,1,May 18 2024 14: +0,1716037200
0.323,1,May 18 2024 20: +0,1716058800
0.302,1,May 18 2024 22: +0,1716066000
0.315,1,May 19 2024 01: +0,1716076800
0.315,2,May 19 2024 02: +0,1716080400
0.335,1,May 19 2024 05: +0,1716091200
0.336,1,May 19 2024 06: +0,1716094800
0.341,1,May 19 2024 07: +0,1716098400
0.307,1,May 19 2024 08: +0,1716102000
0.32,1,May 19 2024 16: +0,1716130800
0.319,1,May 19 2024 23: +0,1716156000
0.34,1,May 20 2024 00: +0,1716159600
0.34,1,May 20 2024 04: +0,1716174000
0.322,1,May 20 2024 06: +0,1716181200
0.323,1,May 20 2024 08: +0,1716188400
0.181,1,May 20 2024 11: +0,1716199200
0.333,1,May 20 2024 13: +0,1716206400
0.299,1,May 20 2024 15: +0,1716213600
0.326,2,May 20 2024 16: +0,1716217200
0.344,1,May 20 2024 17: +0,1716220800
0.331,4,May 20 2024 18: +0,1716224400
0.299,1,May 20 2024 20: +0,1716231600
0.329,3,May 20 2024 21: +0,1716235200
0.337,2,May 20 2024 22: +0,1716238800
0.354,1,May 20 2024 23: +0,1716242400
0.327,1,May 21 2024 04: +0,1716260400
0.291,1,May 21 2024 06: +0,1716267600
0.291,1,May 21 2024 08: +0,1716274800
0.346,1,May 21 2024 11: +0,1716285600
0.353,1,May 21 2024 12: +0,1716289200
0.35,1,May 21 2024 15: +0,1716300000
0.353,1,May 21 2024 16: +0,1716303600
0.346,1,May 21 2024 17: +0,1716307200
0.355,1,May 21 2024 19: +0,1716314400
0.344,1,May 21 2024 21: +0,1716321600
0.356,2,May 21 2024 22: +0,1716325200
0.311,1,May 21 2024 23: +0,1716328800
0.362,3,May 22 2024 04: +0,1716346800
0.346,1,May 22 2024 09: +0,1716364800
0.359,1,May 22 2024 12: +0,1716375600
0.37,5,May 22 2024 13: +0,1716379200
0.367,1,May 22 2024 14: +0,1716382800
0.346,1,May 22 2024 16: +0,1716390000
0.378,1,May 22 2024 18: +0,1716397200
0.346,1,May 22 2024 19: +0,1716400800
0.373,1,May 23 2024 01: +0,1716422400
0.373,3,May 23 2024 05: +0,1716436800
0.371,2,May 23 2024 08: +0,1716447600
0.373,1,May 23 2024 16: +0,1716476400
0.398,1,May 23 2024 18: +0,1716483600
0.351,2,May 23 2024 20: +0,1716490800
0.37,1,May 23 2024 22: +0,1716498000
0.352,1,May 24 2024 04: +0,1716519600
0.352,1,May 24 2024 16: +0,1716562800
0.334,1,May 24 2024 17: +0,1716566400
0.345,2,May 24 2024 19: +0,1716573600
0.353,1,May 24 2024 20: +0,1716577200
0.352,3,May 24 2024 22: +0,1716584400
0.37,1,May 24 2024 23: +0,1716588000
0.361,1,May 25 2024 03: +0,1716602400
0.358,1,May 25 2024 05: +0,1716609600
0.361,1,May 25 2024 06: +0,1716613200
0.361,1,May 25 2024 10: +0,1716627600
0.352,2,May 25 2024 12: +0,1716634800
0.352,2,May 25 2024 14: +0,1716642000
0.361,2,May 25 2024 17: +0,1716652800
0.262,1,May 25 2024 19: +0,1716660000
0.362,2,May 25 2024 20: +0,1716663600
0.373,1,May 26 2024 00: +0,1716678000
0.363,1,May 26 2024 04: +0,1716692400
0.35,1,May 26 2024 08: +0,1716706800
0.37,1,May 26 2024 13: +0,1716724800
0.366,1,May 26 2024 15: +0,1716732000
0.39,3,May 26 2024 17: +0,1716739200
0.37,1,May 26 2024 21: +0,1716753600
0.377,2,May 27 2024 01: +0,1716768000
0.369,2,May 27 2024 13: +0,1716811200
0.375,1,May 27 2024 14: +0,1716814800
0.378,2,May 27 2024 21: +0,1716840000
0.338,1,May 28 2024 07: +0,1716876000
0.369,1,May 28 2024 10: +0,1716886800
0.294,1,May 28 2024 15: +0,1716904800
0.283,1,May 28 2024 19: +0,1716919200
0.306,1,May 29 2024 02: +0,1716944400
0.343,1,May 29 2024 16: +0,1716994800
0.338,1,May 29 2024 17: +0,1716998400
0.345,3,May 29 2024 18: +0,1717002000
0.35,2,May 29 2024 19: +0,1717005600
0.264,1,May 29 2024 20: +0,1717009200
0.394,1,May 30 2024 03: +0,1717034400
0.264,1,May 30 2024 06: +0,1717045200
0.366,1,May 30 2024 07: +0,1717048800
0.38,1,May 30 2024 12: +0,1717066800
0.35,1,May 30 2024 15: +0,1717077600
0.38,1,May 30 2024 17: +0,1717084800
0.338,1,May 30 2024 18: +0,1717088400
0.338,1,May 30 2024 19: +0,1717092000
0.229,1,May 30 2024 20: +0,1717095600
0.376,1,May 30 2024 21: +0,1717099200
0.382,1,May 30 2024 23: +0,1717106400
0.361,1,May 31 2024 11: +0,1717149600
0.338,1,May 31 2024 15: +0,1717164000
0.337,1,May 31 2024 17: +0,1717171200
0.352,2,May 31 2024 19: +0,1717178400
0.355,1,May 31 2024 20: +0,1717182000
0.352,2,Jun 01 2024 07: +0,1717221600
0.359,1,Jun 01 2024 09: +0,1717228800
0.349,1,Jun 01 2024 13: +0,1717243200
0.352,3,Jun 01 2024 15: +0,1717250400
0.302,2,Jun 01 2024 17: +0,1717257600
0.358,1,Jun 01 2024 19: +0,1717264800
0.361,1,Jun 01 2024 22: +0,1717275600
0.316,1,Jun 01 2024 23: +0,1717279200
0.325,2,Jun 02 2024 01: +0,1717286400
0.303,1,Jun 02 2024 18: +0,1717347600
0.323,2,Jun 02 2024 19: +0,1717351200
0.337,2,Jun 02 2024 21: +0,1717358400
0.298,1,Jun 02 2024 22: +0,1717362000
0.325,1,Jun 02 2024 23: +0,1717365600
0.392,1,Jun 03 2024 01: +0,1717372800
0.329,1,Jun 03 2024 04: +0,1717383600
0.307,1,Jun 03 2024 06: +0,1717390800
0.384,1,Jun 03 2024 07: +0,1717394400
0.332,1,Jun 03 2024 11: +0,1717408800
0.336,2,Jun 03 2024 12: +0,1717412400
0.335,2,Jun 03 2024 18: +0,1717434000
0.35,3,Jun 03 2024 20: +0,1717441200
0.371,1,Jun 04 2024 02: +0,1717462800
0.371,1,Jun 04 2024 04: +0,1717470000
0.362,1,Jun 04 2024 08: +0,1717484400
0.336,1,Jun 04 2024 09: +0,1717488000
0.345,1,Jun 04 2024 10: +0,1717491600
0.371,3,Jun 04 2024 14: +0,1717506000
0.362,1,Jun 04 2024 15: +0,1717509600
0.762,2,Jun 04 2024 16: +0,1717513200
0.365,1,Jun 04 2024 19: +0,1717524000
0.371,1,Jun 04 2024 22: +0,1717534800
0.369,1,Jun 05 2024 03: +0,1717552800
0.363,1,Jun 05 2024 07: +0,1717567200
0.356,1,Jun 05 2024 11: +0,1717581600
0.36,1,Jun 05 2024 12: +0,1717585200
0.355,2,Jun 05 2024 15: +0,1717596000
0.354,1,Jun 05 2024 16: +0,1717599600
0.356,1,Jun 05 2024 17: +0,1717603200
0.354,1,Jun 05 2024 19: +0,1717610400
0.354,1,Jun 05 2024 22: +0,1717621200
0.371,1,Jun 06 2024 03: +0,1717639200
0.335,1,Jun 06 2024 05: +0,1717646400
0.36,1,Jun 06 2024 07: +0,1717653600
0.37,1,Jun 06 2024 09: +0,1717660800
0.37,1,Jun 06 2024 12: +0,1717671600
0.342,2,Jun 06 2024 15: +0,1717682400
0.335,1,Jun 06 2024 20: +0,1717700400
0.379,1,Jun 06 2024 21: +0,1717704000
0.382,1,Jun 06 2024 22: +0,1717707600
0.364,1,Jun 06 2024 23: +0,1717711200
0.362,2,Jun 07 2024 09: +0,1717747200
0.361,1,Jun 07 2024 10: +0,1717750800
0.361,1,Jun 07 2024 12: +0,1717758000
0.328,1,Jun 07 2024 18: +0,1717779600
0.389,1,Jun 07 2024 23: +0,1717797600
0.362,2,Jun 08 2024 05: +0,1717819200
0.364,1,Jun 08 2024 10: +0,1717837200
0.357,2,Jun 08 2024 11: +0,1717840800
0.304,1,Jun 08 2024 12: +0,1717844400
0.354,2,Jun 08 2024 14: +0,1717851600
0.363,1,Jun 08 2024 15: +0,1717855200
0.357,1,Jun 08 2024 17: +0,1717862400
0.358,2,Jun 08 2024 21: +0,1717876800
0.363,1,Jun 09 2024 07: +0,1717912800
0.387,1,Jun 09 2024 09: +0,1717920000
0.389,1,Jun 09 2024 13: +0,1717934400
0.388,1,Jun 09 2024 17: +0,1717948800
0.327,1,Jun 09 2024 18: +0,1717952400
0.361,2,Jun 09 2024 22: +0,1717966800
0.301,1,Jun 09 2024 23: +0,1717970400
0.34,1,Jun 10 2024 01: +0,1717977600
0.328,1,Jun 10 2024 09: +0,1718006400
0.386,1,Jun 10 2024 11: +0,1718013600
0.332,1,Jun 10 2024 15: +0,1718028000
0.306,1,Jun 10 2024 18: +0,1718038800
0.308,1,Jun 10 2024 19: +0,1718042400
0.332,1,Jun 10 2024 21: +0,1718049600
0.34,1,Jun 10 2024 23: +0,1718056800
0.355,1,Jun 11 2024 06: +0,1718082000
0.354,1,Jun 11 2024 12: +0,1718103600
0.37,1,Jun 11 2024 13: +0,1718107200
0.372,1,Jun 11 2024 17: +0,1718121600
0.31,1,Jun 11 2024 18: +0,1718125200
0.372,1,Jun 11 2024 19: +0,1718128800
0.332,1,Jun 12 2024 01: +0,1718150400
0.292,1,Jun 12 2024 12: +0,1718190000
0.364,1,Jun 12 2024 15: +0,1718200800
0.356,1,Jun 12 2024 17: +0,1718208000
0.354,1,Jun 12 2024 20: +0,1718218800
0.331,6,Jun 12 2024 21: +0,1718222400
0.305,1,Jun 13 2024 00: +0,1718233200
0.327,1,Jun 13 2024 04: +0,1718247600
0.343,1,Jun 13 2024 09: +0,1718265600
0.309,1,Jun 13 2024 12: +0,1718276400
0.305,1,Jun 13 2024 16: +0,1718290800
0.342,1,Jun 13 2024 17: +0,1718294400
0.333,2,Jun 13 2024 18: +0,1718298000
0.334,1,Jun 13 2024 20: +0,1718305200
0.34,1,Jun 14 2024 00: +0,1718319600
0.319,1,Jun 14 2024 02: +0,1718326800
0.34,1,Jun 14 2024 06: +0,1718341200
0.352,1,Jun 14 2024 07: +0,1718344800
0.359,1,Jun 14 2024 12: +0,1718362800
0.328,1,Jun 14 2024 13: +0,1718366400
0.327,2,Jun 14 2024 16: +0,1718377200
0.349,1,Jun 14 2024 19: +0,1718388000
0.319,1,Jun 14 2024 21: +0,1718395200
0.329,1,Jun 15 2024 00: +0,1718406000
0.321,1,Jun 15 2024 04: +0,1718420400
0.33,1,Jun 15 2024 12: +0,1718449200
0.327,2,Jun 15 2024 15: +0,1718460000
