price,quantity,date,unix timestamp
13.689,109,Dec 03 2020 01: +0,1606957200
12.729,1483,Dec 04 2020 01: +0,1607043600
14.37,878,Dec 05 2020 01: +0,1607130000
14.637,527,Dec 06 2020 01: +0,1607216400
13.144,398,Dec 07 2020 01: +0,1607302800
13.918,343,Dec 08 2020 01: +0,1607389200
11.936,402,Dec 09 2020 01: +0,1607475600
12.522,274,Dec 10 2020 01: +0,1607562000
15.396,360,Dec 11 2020 01: +0,1607648400
18.02,273,Dec 12 2020 01: +0,1607734800
15.424,190,Dec 13 2020 01: +0,1607821200
14.404,185,Dec 14 2020 01: +0,1607907600
14.095,207,Dec 15 2020 01: +0,1607994000
14.197,247,Dec 16 2020 01: +0,1608080400
15.339,218,Dec 17 2020 01: +0,1608166800
16.201,165,Dec 18 2020 01: +0,1608253200
16.594,180,Dec 19 2020 01: +0,1608339600
16.238,184,Dec 20 2020 01: +0,1608426000
14.983,130,Dec 21 2020 01: +0,1608512400
14.244,141,Dec 22 2020 01: +0,1608598800
14.037,186,Dec 23 2020 01: +0,1608685200
13.472,156,Dec 24 2020 01: +0,1608771600
13.333,144,Dec 25 2020 01: +0,1608858000
13.035,153,Dec 26 2020 01: +0,1608944400
12.591,91,Dec 27 2020 01: +0,1609030800
12.456,141,Dec 28 2020 01: +0,1609117200
12.771,155,Dec 29 2020 01: +0,1609203600
12.695,147,Dec 30 2020 01: +0,1609290000
14.075,176,Dec 31 2020 01: +0,1609376400
15.167,168,Jan 01 2021 01: +0,1609462800
14.802,141,Jan 02 2021 01: +0,1609549200
15.269,152,Jan 03 2021 01: +0,1609635600
15.592,126,Jan 04 2021 01: +0,1609722000
15.335,123,Jan 05 2021 01: +0,1609808400
15.433,166,Jan 06 2021 01: +0,1609894800
15.461,141,Jan 07 2021 01: +0,1609981200
15.127,117,Jan 08 2021 01: +0,1610067600
14.502,130,Jan 09 2021 01: +0,1610154000
14.821,106,Jan 10 2021 01: +0,1610240400
14.34,96,Jan 11 2021 01: +0,1610326800
14.704,80,Jan 12 2021 01: +0,1610413200
14.154,136,Jan 13 2021 01: +0,1610499600
14.557,168,Jan 14 2021 01: +0,1610586000
14.71,121,Jan 15 2021 01: +0,1610672400
14.323,119,Jan 16 2021 01: +0,1610758800
14.246,103,Jan 17 2021 01: +0,1610845200
14.637,119,Jan 18 2021 01: +0,1610931600
14.155,95,Jan 19 2021 01: +0,1611018000
13.695,115,Jan 20 2021 01: +0,1611104400
13.567,114,Jan 21 2021 01: +0,1611190800
13.453,91,Jan 22 2021 01: +0,1611277200
13.505,94,Jan 23 2021 01: +0,1611363600
13.269,97,Jan 24 2021 01: +0,1611450000
13.064,111,Jan 25 2021 01: +0,1611536400
13.456,93,Jan 26 2021 01: +0,1611622800
13.22,114,Jan 27 2021 01: +0,1611709200
12.433,168,Jan 28 2021 01: +0,1611795600
12.394,115,Jan 29 2021 01: +0,1611882000
12.671,136,Jan 30 2021 01: +0,1611968400
12.774,101,Jan 31 2021 01: +0,1612054800
12.505,84,Feb 01 2021 01: +0,1612141200
12.417,67,Feb 02 2021 01: +0,1612227600
12.578,130,Feb 03 2021 01: +0,1612314000
13.133,130,Feb 04 2021 01: +0,1612400400
13.064,107,Feb 05 2021 01: +0,1612486800
13.36,138,Feb 06 2021 01: +0,1612573200
13.666,112,Feb 07 2021 01: +0,1612659600
13.225,83,Feb 08 2021 01: +0,1612746000
13.62,97,Feb 09 2021 01: +0,1612832400
12.886,128,Feb 10 2021 01: +0,1612918800
12.299,87,Feb 11 2021 01: +0,1613005200
12.172,96,Feb 12 2021 01: +0,1613091600
12.355,150,Feb 13 2021 01: +0,1613178000
12.309,90,Feb 14 2021 01: +0,1613264400
12.028,74,Feb 15 2021 01: +0,1613350800
11.974,96,Feb 16 2021 01: +0,1613437200
11.493,101,Feb 17 2021 01: +0,1613523600
11.708,95,Feb 18 2021 01: +0,1613610000
12.356,124,Feb 19 2021 01: +0,1613696400
12.174,108,Feb 20 2021 01: +0,1613782800
12.055,83,Feb 21 2021 01: +0,1613869200
12.144,81,Feb 22 2021 01: +0,1613955600
12.153,112,Feb 23 2021 01: +0,1614042000
11.869,108,Feb 24 2021 01: +0,1614128400
11.538,110,Feb 25 2021 01: +0,1614214800
11.593,98,Feb 26 2021 01: +0,1614301200
11.741,95,Feb 27 2021 01: +0,1614387600
12.123,109,Feb 28 2021 01: +0,1614474000
11.884,113,Mar 01 2021 01: +0,1614560400
12.141,74,Mar 02 2021 01: +0,1614646800
12.336,110,Mar 03 2021 01: +0,1614733200
12.963,79,Mar 04 2021 01: +0,1614819600
13.652,131,Mar 05 2021 01: +0,1614906000
14.148,115,Mar 06 2021 01: +0,1614992400
13.64,88,Mar 07 2021 01: +0,1615078800
14.249,83,Mar 08 2021 01: +0,1615165200
14.199,79,Mar 09 2021 01: +0,1615251600
16.272,162,Mar 10 2021 01: +0,1615338000
16.886,94,Mar 11 2021 01: +0,1615424400
15.598,101,Mar 12 2021 01: +0,1615510800
14.978,102,Mar 13 2021 01: +0,1615597200
15.019,101,Mar 14 2021 01: +0,1615683600
15.121,75,Mar 15 2021 01: +0,1615770000
15.273,98,Mar 16 2021 01: +0,1615856400
15.449,131,Mar 17 2021 01: +0,1615942800
15.62,132,Mar 18 2021 01: +0,1616029200
15.908,131,Mar 19 2021 01: +0,1616115600
16.126,121,Mar 20 2021 01: +0,1616202000
16.434,131,Mar 21 2021 01: +0,1616288400
16.539,99,Mar 22 2021 01: +0,1616374800
18.195,121,Mar 23 2021 01: +0,1616461200
18.985,96,Mar 24 2021 01: +0,1616547600
19.043,77,Mar 25 2021 01: +0,1616634000
19.363,76,Mar 26 2021 01: +0,1616720400
19.059,106,Mar 27 2021 01: +0,1616806800
17.875,92,Mar 28 2021 01: +0,1616893200
18.918,83,Mar 29 2021 01: +0,1616976000
18.706,83,Mar 30 2021 01: +0,1617062400
18.709,94,Mar 31 2021 01: +0,1617148800
19.026,96,Apr 01 2021 01: +0,1617235200
19.398,88,Apr 02 2021 01: +0,1617321600
19.714,77,Apr 03 2021 01: +0,1617408000
19.691,86,Apr 04 2021 01: +0,1617494400
20.02,72,Apr 05 2021 01: +0,1617580800
20.802,84,Apr 06 2021 01: +0,1617667200
18.901,74,Apr 07 2021 01: +0,1617753600
18.197,85,Apr 08 2021 01: +0,1617840000
18.699,107,Apr 09 2021 01: +0,1617926400
18.018,97,Apr 10 2021 01: +0,1618012800
17.119,65,Apr 11 2021 01: +0,1618099200
17.479,86,Apr 12 2021 01: +0,1618185600
17.562,71,Apr 13 2021 01: +0,1618272000
19.521,39,Apr 14 2021 01: +0,1618358400
19.25,96,Apr 15 2021 01: +0,1618444800
19.633,94,Apr 16 2021 01: +0,1618531200
19.711,73,Apr 17 2021 01: +0,1618617600
19.047,72,Apr 18 2021 01: +0,1618704000
19.529,67,Apr 19 2021 01: +0,1618790400
20.081,86,Apr 20 2021 01: +0,1618876800
20.137,78,Apr 21 2021 01: +0,1618963200
21.28,113,Apr 22 2021 01: +0,1619049600
21.33,80,Apr 23 2021 01: +0,1619136000
22.413,85,Apr 24 2021 01: +0,1619222400
21.788,76,Apr 25 2021 01: +0,1619308800
21.623,66,Apr 26 2021 01: +0,1619395200
21.908,66,Apr 27 2021 01: +0,1619481600
21.96,54,Apr 28 2021 01: +0,1619568000
23.544,91,Apr 29 2021 01: +0,1619654400
24.74,88,Apr 30 2021 01: +0,1619740800
26.17,68,May 01 2021 01: +0,1619827200
25.492,63,May 02 2021 01: +0,1619913600
23.733,49,May 03 2021 01: +0,1620000000
26.655,75,May 04 2021 01: +0,1620086400
26.153,51,May 05 2021 01: +0,1620172800
25.177,55,May 06 2021 01: +0,1620259200
24.616,56,May 07 2021 01: +0,1620345600
24.286,50,May 08 2021 01: +0,1620432000
23.711,44,May 09 2021 01: +0,1620518400
23.713,54,May 10 2021 01: +0,1620604800
24.446,22,May 11 2021 01: +0,1620691200
23.712,39,May 12 2021 01: +0,1620777600
23.302,29,May 13 2021 01: +0,1620864000
22.918,29,May 14 2021 01: +0,1620950400
23.37,37,May 15 2021 01: +0,1621036800
23.282,30,May 16 2021 01: +0,1621123200
23.974,32,May 17 2021 01: +0,1621209600
23.593,54,May 18 2021 01: +0,1621296000
23.896,41,May 19 2021 01: +0,1621382400
24.161,19,May 20 2021 01: +0,1621468800
23.286,17,May 21 2021 01: +0,1621555200
24.297,27,May 22 2021 01: +0,1621641600
23.81,19,May 23 2021 01: +0,1621728000
23.082,27,May 24 2021 01: +0,1621814400
23.506,21,May 25 2021 01: +0,1621900800
25.028,29,May 26 2021 01: +0,1621987200
25.67,32,May 27 2021 01: +0,1622073600
26.011,22,May 28 2021 01: +0,1622160000
25.802,19,May 29 2021 01: +0,1622246400
25.742,37,May 30 2021 01: +0,1622332800
25.914,29,May 31 2021 01: +0,1622419200
25.144,24,Jun 01 2021 01: +0,1622505600
25.63,27,Jun 02 2021 01: +0,1622592000
26.372,32,Jun 03 2021 01: +0,1622678400
26.85,25,Jun 04 2021 01: +0,1622764800
27.018,34,Jun 05 2021 01: +0,1622851200
27.467,18,Jun 06 2021 01: +0,1622937600
26.909,19,Jun 07 2021 01: +0,1623024000
28.334,11,Jun 08 2021 01: +0,1623110400
28.036,18,Jun 09 2021 01: +0,1623196800
28.196,17,Jun 10 2021 01: +0,1623283200
27.438,17,Jun 11 2021 01: +0,1623369600
29.657,33,Jun 12 2021 01: +0,1623456000
30.553,22,Jun 13 2021 01: +0,1623542400
29.164,15,Jun 14 2021 01: +0,1623628800
27.228,9,Jun 15 2021 01: +0,1623715200
27.54,8,Jun 16 2021 01: +0,1623801600
28.544,15,Jun 17 2021 01: +0,1623888000
27.51,24,Jun 18 2021 01: +0,1623974400
25.957,8,Jun 19 2021 01: +0,1624060800
25.699,15,Jun 20 2021 01: +0,1624147200
25.825,16,Jun 21 2021 01: +0,1624233600
25.252,16,Jun 22 2021 01: +0,1624320000
26.813,20,Jun 23 2021 01: +0,1624406400
25.176,20,Jun 24 2021 01: +0,1624492800
24.89,20,Jun 25 2021 01: +0,1624579200
24.722,17,Jun 26 2021 01: +0,1624665600
24.007,17,Jun 27 2021 01: +0,1624752000
23.895,19,Jun 28 2021 01: +0,1624838400
23.959,15,Jun 29 2021 01: +0,1624924800
24.307,9,Jun 30 2021 01: +0,1625011200
24.325,8,Jul 01 2021 01: +0,1625097600
23.45,5,Jul 02 2021 01: +0,1625184000
24.39,12,Jul 03 2021 01: +0,1625270400
24.966,9,Jul 04 2021 01: +0,1625356800
23.803,19,Jul 05 2021 01: +0,1625443200
23.854,7,Jul 06 2021 01: +0,1625529600
23.228,18,Jul 07 2021 01: +0,1625616000
21.251,21,Jul 08 2021 01: +0,1625702400
24.155,13,Jul 09 2021 01: +0,1625788800
23.429,6,Jul 10 2021 01: +0,1625875200
22.35,16,Jul 11 2021 01: +0,1625961600
22.949,17,Jul 12 2021 01: +0,1626048000
23.053,12,Jul 13 2021 01: +0,1626134400
22.922,21,Jul 14 2021 01: +0,1626220800
22.295,11,Jul 15 2021 01: +0,1626307200
22.665,27,Jul 16 2021 01: +0,1626393600
21.485,17,Jul 17 2021 01: +0,1626480000
20.982,12,Jul 18 2021 01: +0,1626566400
21.715,16,Jul 19 2021 01: +0,1626652800
21.113,11,Jul 20 2021 01: +0,1626739200
21.623,23,Jul 21 2021 01: +0,1626825600
20.914,9,Jul 22 2021 01: +0,1626912000
21.535,14,Jul 23 2021 01: +0,1626998400
22.277,11,Jul 24 2021 01: +0,1627084800
22.288,20,Jul 25 2021 01: +0,1627171200
22.16,13,Jul 26 2021 01: +0,1627257600
23.124,4,Jul 27 2021 01: +0,1627344000
22.211,7,Jul 28 2021 01: +0,1627430400
22.421,17,Jul 29 2021 01: +0,1627516800
23.599,8,Jul 30 2021 01: +0,1627603200
22.073,14,Jul 31 2021 01: +0,1627689600
22.728,16,Aug 01 2021 01: +0,1627776000
22.13,14,Aug 02 2021 01: +0,1627862400
20.888,10,Aug 03 2021 01: +0,1627948800
21.631,13,Aug 04 2021 01: +0,1628035200
22.392,12,Aug 05 2021 01: +0,1628121600
21.766,7,Aug 06 2021 01: +0,1628208000
21.183,6,Aug 07 2021 01: +0,1628294400
21.058,14,Aug 08 2021 01: +0,1628380800
20.949,11,Aug 09 2021 01: +0,1628467200
20.686,8,Aug 10 2021 01: +0,1628553600
20.818,10,Aug 11 2021 01: +0,1628640000
20.23,12,Aug 12 2021 01: +0,1628726400
20.434,7,Aug 13 2021 01: +0,1628812800
19.564,13,Aug 14 2021 01: +0,1628899200
20.105,9,Aug 15 2021 01: +0,1628985600
19.42,10,Aug 16 2021 01: +0,1629072000
19.622,11,Aug 17 2021 01: +0,1629158400
19.34,12,Aug 18 2021 01: +0,1629244800
19.287,11,Aug 19 2021 01: +0,1629331200
19.212,7,Aug 20 2021 01: +0,1629417600
18.82,9,Aug 21 2021 01: +0,1629504000
20.08,9,Aug 22 2021 01: +0,1629590400
18.501,4,Aug 23 2021 01: +0,1629676800
20.075,6,Aug 24 2021 01: +0,1629763200
19.67,2,Aug 25 2021 01: +0,1629849600
18.691,6,Aug 26 2021 01: +0,1629936000
19.364,17,Aug 27 2021 01: +0,1630022400
18.377,24,Aug 28 2021 01: +0,1630108800
18.356,5,Aug 29 2021 01: +0,1630195200
17.789,11,Aug 30 2021 01: +0,1630281600
18.424,15,Aug 31 2021 01: +0,1630368000
18.604,10,Sep 01 2021 01: +0,1630454400
19.208,7,Sep 02 2021 01: +0,1630540800
18.68,24,Sep 03 2021 01: +0,1630627200
17.596,8,Sep 04 2021 01: +0,1630713600
18.715,19,Sep 05 2021 01: +0,1630800000
19.217,3,Sep 06 2021 01: +0,1630886400
19.067,21,Sep 07 2021 01: +0,1630972800
18.98,8,Sep 08 2021 01: +0,1631059200
19.213,10,Sep 09 2021 01: +0,1631145600
18.368,8,Sep 10 2021 01: +0,1631232000
17.956,7,Sep 11 2021 01: +0,1631318400
18.911,15,Sep 12 2021 01: +0,1631404800
18.161,15,Sep 13 2021 01: +0,1631491200
18.145,8,Sep 14 2021 01: +0,1631577600
17.899,11,Sep 15 2021 01: +0,1631664000
18.377,10,Sep 16 2021 01: +0,1631750400
18.051,12,Sep 17 2021 01: +0,1631836800
17.683,6,Sep 18 2021 01: +0,1631923200
17.629,9,Sep 19 2021 01: +0,1632009600
16.988,11,Sep 20 2021 01: +0,1632096000
17.241,3,Sep 21 2021 01: +0,1632182400
12.609,99,Sep 22 2021 01: +0,1632268800
11.776,27,Sep 23 2021 01: +0,1632355200
13.852,41,Sep 24 2021 01: +0,1632441600
13.885,50,Sep 25 2021 01: +0,1632528000
13.885,23,Sep 26 2021 01: +0,1632614400
14.167,24,Sep 27 2021 01: +0,1632700800
14.498,24,Sep 28 2021 01: +0,1632787200
14.545,29,Sep 29 2021 01: +0,1632873600
14.514,14,Sep 30 2021 01: +0,1632960000
14.094,8,Oct 01 2021 01: +0,1633046400
13.808,12,Oct 02 2021 01: +0,1633132800
14.793,13,Oct 03 2021 01: +0,1633219200
13.996,16,Oct 04 2021 01: +0,1633305600
14.349,26,Oct 05 2021 01: +0,1633392000
14.13,34,Oct 06 2021 01: +0,1633478400
14.059,12,Oct 07 2021 01: +0,1633564800
14.189,12,Oct 08 2021 01: +0,1633651200
14.973,33,Oct 09 2021 01: +0,1633737600
14.775,17,Oct 10 2021 01: +0,1633824000
14.614,14,Oct 11 2021 01: +0,1633910400
14.231,15,Oct 12 2021 01: +0,1633996800
14.43,42,Oct 13 2021 01: +0,1634083200
14.107,8,Oct 14 2021 01: +0,1634169600
14.448,6,Oct 15 2021 01: +0,1634256000
13.895,10,Oct 16 2021 01: +0,1634342400
13.968,8,Oct 17 2021 01: +0,1634428800
14.186,19,Oct 18 2021 01: +0,1634515200
13.731,5,Oct 19 2021 01: +0,1634601600
14.385,19,Oct 20 2021 01: +0,1634688000
14.375,6,Oct 21 2021 01: +0,1634774400
12.504,27,Oct 22 2021 01: +0,1634860800
11.99,19,Oct 23 2021 01: +0,1634947200
12.541,15,Oct 24 2021 01: +0,1635033600
12.518,18,Oct 25 2021 01: +0,1635120000
12.789,27,Oct 26 2021 01: +0,1635206400
12.904,20,Oct 27 2021 01: +0,1635292800
13.08,10,Oct 28 2021 01: +0,1635379200
13.401,12,Oct 29 2021 01: +0,1635465600
13.203,12,Oct 30 2021 01: +0,1635552000
13.864,25,Oct 31 2021 01: +0,1635638400
13.394,15,Nov 01 2021 01: +0,1635728400
14.19,19,Nov 02 2021 01: +0,1635814800
14.046,13,Nov 03 2021 01: +0,1635901200
13.886,14,Nov 04 2021 01: +0,1635987600
14.28,20,Nov 05 2021 01: +0,1636074000
14.472,11,Nov 06 2021 01: +0,1636160400
14.82,13,Nov 07 2021 01: +0,1636246800
12.822,16,Nov 08 2021 01: +0,1636333200
13.328,18,Nov 09 2021 01: +0,1636419600
12.637,11,Nov 10 2021 01: +0,1636506000
13.061,21,Nov 11 2021 01: +0,1636592400
13.786,15,Nov 12 2021 01: +0,1636678800
13.325,18,Nov 13 2021 01: +0,1636765200
14.412,7,Nov 14 2021 01: +0,1636851600
13.728,8,Nov 15 2021 01: +0,1636938000
13.884,5,Nov 16 2021 01: +0,1637024400
14.054,17,Nov 17 2021 01: +0,1637110800
13.83,13,Nov 18 2021 01: +0,1637197200
14.508,13,Nov 19 2021 01: +0,1637283600
15.681,10,Nov 20 2021 01: +0,1637370000
13.077,6,Nov 21 2021 01: +0,1637456400
13.425,8,Nov 22 2021 01: +0,1637542800
14.714,12,Nov 23 2021 01: +0,1637629200
13.713,9,Nov 24 2021 01: +0,1637715600
14.151,14,Nov 25 2021 01: +0,1637802000
14.279,9,Nov 26 2021 01: +0,1637888400
13.739,9,Nov 27 2021 01: +0,1637974800
13.956,8,Nov 28 2021 01: +0,1638061200
14.35,10,Nov 29 2021 01: +0,1638147600
14.251,16,Nov 30 2021 01: +0,1638234000
14.642,12,Dec 01 2021 01: +0,1638320400
14.337,13,Dec 02 2021 01: +0,1638406800
14.678,7,Dec 03 2021 01: +0,1638493200
15.789,10,Dec 04 2021 01: +0,1638579600
14.804,12,Dec 05 2021 01: +0,1638666000
15.347,11,Dec 06 2021 01: +0,1638752400
16.207,6,Dec 07 2021 01: +0,1638838800
16.233,9,Dec 08 2021 01: +0,1638925200
16.757,10,Dec 09 2021 01: +0,1639011600
16.598,5,Dec 10 2021 01: +0,1639098000
16.183,8,Dec 11 2021 01: +0,1639184400
15.763,6,Dec 12 2021 01: +0,1639270800
15.983,6,Dec 13 2021 01: +0,1639357200
15.562,13,Dec 14 2021 01: +0,1639443600
16.057,14,Dec 15 2021 01: +0,1639530000
15.354,8,Dec 16 2021 01: +0,1639616400
16.591,10,Dec 17 2021 01: +0,1639702800
16.442,5,Dec 18 2021 01: +0,1639789200
14.975,3,Dec 19 2021 01: +0,1639875600
16.201,7,Dec 20 2021 01: +0,1639962000
16.835,11,Dec 21 2021 01: +0,1640048400
16.464,6,Dec 22 2021 01: +0,1640134800
15.669,6,Dec 23 2021 01: +0,1640221200
16.152,17,Dec 24 2021 01: +0,1640307600
16.114,8,Dec 25 2021 01: +0,1640394000
16.59,8,Dec 26 2021 01: +0,1640480400
15.657,7,Dec 27 2021 01: +0,1640566800
16.863,3,Dec 28 2021 01: +0,1640653200
16.454,13,Dec 29 2021 01: +0,1640739600
17.133,12,Dec 30 2021 01: +0,1640826000
16.975,5,Dec 31 2021 01: +0,1640912400
18.512,2,Jan 01 2022 01: +0,1640998800
16.738,8,Jan 02 2022 01: +0,1641085200
17.63,9,Jan 03 2022 01: +0,1641171600
16.618,4,Jan 04 2022 01: +0,1641258000
16.756,6,Jan 05 2022 01: +0,1641344400
17.858,10,Jan 06 2022 01: +0,1641430800
17.874,19,Jan 07 2022 01: +0,1641517200
17.59,7,Jan 08 2022 01: +0,1641603600
17.117,4,Jan 09 2022 01: +0,1641690000
18.059,8,Jan 10 2022 01: +0,1641776400
18.322,6,Jan 11 2022 01: +0,1641862800
19.554,4,Jan 12 2022 01: +0,1641949200
19.246,10,Jan 13 2022 01: +0,1642035600
19.048,10,Jan 14 2022 01: +0,1642122000
17.438,11,Jan 15 2022 01: +0,1642208400
19.29,4,Jan 16 2022 01: +0,1642294800
18.5,6,Jan 17 2022 01: +0,1642381200
18.033,11,Jan 18 2022 01: +0,1642467600
19.176,5,Jan 19 2022 01: +0,1642554000
18.203,6,Jan 20 2022 01: +0,1642640400
18.199,11,Jan 21 2022 01: +0,1642726800
18.068,5,Jan 22 2022 01: +0,1642813200
17.429,1,Jan 23 2022 01: +0,1642899600
17.175,6,Jan 24 2022 01: +0,1642986000
18.867,5,Jan 25 2022 01: +0,1643072400
17.789,2,Jan 26 2022 01: +0,1643158800
17.856,6,Jan 27 2022 01: +0,1643245200
16.865,4,Jan 28 2022 01: +0,1643331600
16.782,8,Jan 29 2022 01: +0,1643418000
16.742,8,Jan 30 2022 01: +0,1643504400
17.278,18,Jan 31 2022 01: +0,1643590800
17.689,5,Feb 01 2022 01: +0,1643677200
16.945,7,Feb 02 2022 01: +0,1643763600
16.604,8,Feb 03 2022 01: +0,1643850000
17.444,4,Feb 04 2022 01: +0,1643936400
17.497,12,Feb 05 2022 01: +0,1644022800
17.209,25,Feb 06 2022 01: +0,1644109200
16.466,12,Feb 07 2022 01: +0,1644195600
16.814,14,Feb 08 2022 01: +0,1644282000
16.394,4,Feb 09 2022 01: +0,1644368400
17.227,19,Feb 10 2022 01: +0,1644454800
16.84,17,Feb 11 2022 01: +0,1644541200
17.688,14,Feb 12 2022 01: +0,1644627600
16.761,7,Feb 13 2022 01: +0,1644714000
16.061,3,Feb 14 2022 01: +0,1644800400
17.636,7,Feb 15 2022 01: +0,1644886800
18.897,6,Feb 16 2022 01: +0,1644973200
18.512,9,Feb 17 2022 01: +0,1645059600
17.416,5,Feb 18 2022 01: +0,1645146000
18.592,9,Feb 19 2022 01: +0,1645232400
18.309,5,Feb 20 2022 01: +0,1645318800
18.468,12,Feb 21 2022 01: +0,1645405200
18.041,7,Feb 23 2022 01: +0,1645578000
18.523,12,Feb 24 2022 01: +0,1645664400
18.076,7,Feb 25 2022 01: +0,1645750800
18.396,4,Feb 26 2022 01: +0,1645837200
18.984,1,Feb 27 2022 01: +0,1645923600
18.245,4,Feb 28 2022 01: +0,1646010000
17.169,10,Mar 01 2022 01: +0,1646096400
17.389,6,Mar 02 2022 01: +0,1646182800
17.715,12,Mar 03 2022 01: +0,1646269200
18.155,9,Mar 04 2022 01: +0,1646355600
19.445,19,Mar 05 2022 01: +0,1646442000
19.698,12,Mar 06 2022 01: +0,1646528400
19.598,15,Mar 07 2022 01: +0,1646614800
20.04,15,Mar 08 2022 01: +0,1646701200
20.149,13,Mar 09 2022 01: +0,1646787600
20.521,22,Mar 10 2022 01: +0,1646874000
19.37,3,Mar 11 2022 01: +0,1646960400
19.364,6,Mar 12 2022 01: +0,1647046800
20.473,11,Mar 13 2022 01: +0,1647133200
20.533,3,Mar 14 2022 01: +0,1647219600
20.332,5,Mar 15 2022 01: +0,1647306000
21.08,8,Mar 16 2022 01: +0,1647392400
20.913,2,Mar 17 2022 01: +0,1647478800
18.372,3,Mar 18 2022 01: +0,1647565200
20.504,12,Mar 19 2022 01: +0,1647651600
21.302,3,Mar 20 2022 01: +0,1647738000
18.812,2,Mar 21 2022 01: +0,1647824400
20.551,2,Mar 22 2022 01: +0,1647910800
21.649,4,Mar 23 2022 01: +0,1647997200
20.972,5,Mar 24 2022 01: +0,1648083600
20.243,8,Mar 25 2022 01: +0,1648170000
21.68,4,Mar 26 2022 01: +0,1648256400
20.345,7,Mar 27 2022 01: +0,1648342800
20.509,8,Mar 28 2022 01: +0,1648425600
20.553,7,Mar 29 2022 01: +0,1648512000
21.511,5,Mar 30 2022 01: +0,1648598400
21.857,6,Mar 31 2022 01: +0,1648684800
21.536,5,Apr 01 2022 01: +0,1648771200
21.177,6,Apr 02 2022 01: +0,1648857600
22.564,7,Apr 03 2022 01: +0,1648944000
19.949,4,Apr 04 2022 01: +0,1649030400
22.002,10,Apr 05 2022 01: +0,1649116800
21.828,4,Apr 07 2022 01: +0,1649289600
22.29,4,Apr 08 2022 01: +0,1649376000
22.19,5,Apr 09 2022 01: +0,1649462400
21.304,2,Apr 10 2022 01: +0,1649548800
21.54,5,Apr 11 2022 01: +0,1649635200
22.739,9,Apr 12 2022 01: +0,1649721600
22.234,1,Apr 13 2022 01: +0,1649808000
22.182,16,Apr 14 2022 01: +0,1649894400
22.64,4,Apr 15 2022 01: +0,1649980800
23.57,4,Apr 16 2022 01: +0,1650067200
23.164,3,Apr 17 2022 01: +0,1650153600
24.131,7,Apr 18 2022 01: +0,1650240000
24.938,4,Apr 19 2022 01: +0,1650326400
23.948,12,Apr 20 2022 01: +0,1650412800
24.484,1,Apr 21 2022 01: +0,1650499200
25.245,15,Apr 22 2022 01: +0,1650585600
29.282,2,Apr 23 2022 01: +0,1650672000
26.918,5,Apr 24 2022 01: +0,1650758400
25.944,9,Apr 25 2022 01: +0,1650844800
26.774,9,Apr 26 2022 01: +0,1650931200
25.061,4,Apr 27 2022 01: +0,1651017600
25.262,5,Apr 28 2022 01: +0,1651104000
25.674,10,Apr 29 2022 01: +0,1651190400
23.199,2,Apr 30 2022 01: +0,1651276800
25.077,2,May 01 2022 01: +0,1651363200
24.824,2,May 02 2022 01: +0,1651449600
25.786,7,May 03 2022 01: +0,1651536000
23.607,13,May 04 2022 01: +0,1651622400
22.889,6,May 05 2022 01: +0,1651708800
22.047,7,May 06 2022 01: +0,1651795200
22.899,7,May 07 2022 01: +0,1651881600
22.509,3,May 08 2022 01: +0,1651968000
22.598,7,May 09 2022 01: +0,1652054400
22.52,2,May 10 2022 01: +0,1652140800
22.958,8,May 11 2022 01: +0,1652227200
23.568,7,May 12 2022 01: +0,1652313600
21.898,6,May 13 2022 01: +0,1652400000
22.087,5,May 14 2022 01: +0,1652486400
22.367,4,May 15 2022 01: +0,1652572800
22.884,9,May 16 2022 01: +0,1652659200
22.415,9,May 17 2022 01: +0,1652745600
22.84,4,May 18 2022 01: +0,1652832000
23.012,2,May 19 2022 01: +0,1652918400
23.771,9,May 20 2022 01: +0,1653004800
22.102,2,May 21 2022 01: +0,1653091200
24.541,5,May 22 2022 01: +0,1653177600
22.614,6,May 23 2022 01: +0,1653264000
21.618,4,May 24 2022 01: +0,1653350400
21.76,4,May 25 2022 01: +0,1653436800
22.847,5,May 26 2022 01: +0,1653523200
21.229,9,May 27 2022 01: +0,1653609600
14.713,5,May 28 2022 01: +0,1653696000
23.141,2,May 29 2022 01: +0,1653782400
22.314,5,May 30 2022 01: +0,1653868800
21.159,1,May 31 2022 01: +0,1653955200
19.929,3,Jun 01 2022 01: +0,1654041600
21.816,4,Jun 02 2022 01: +0,1654128000
20.422,14,Jun 03 2022 01: +0,1654214400
22.303,6,Jun 04 2022 01: +0,1654300800
21.395,4,Jun 05 2022 01: +0,1654387200
21.88,6,Jun 06 2022 01: +0,1654473600
22.889,18,Jun 07 2022 01: +0,1654560000
23.157,2,Jun 08 2022 01: +0,1654646400
22.758,1,Jun 09 2022 01: +0,1654732800
22.121,3,Jun 10 2022 01: +0,1654819200
23.406,4,Jun 11 2022 01: +0,1654905600
22.196,6,Jun 12 2022 01: +0,1654992000
22.557,9,Jun 13 2022 01: +0,1655078400
22.622,4,Jun 14 2022 01: +0,1655164800
22.904,5,Jun 15 2022 01: +0,1655251200
21.149,6,Jun 16 2022 01: +0,1655337600
20.208,6,Jun 17 2022 01: +0,1655424000
20.138,15,Jun 18 2022 01: +0,1655510400
23.286,2,Jun 19 2022 01: +0,1655596800
21.406,6,Jun 20 2022 01: +0,1655683200
19.898,2,Jun 21 2022 01: +0,1655769600
18.388,4,Jun 22 2022 01: +0,1655856000
19.621,5,Jun 23 2022 01: +0,1655942400
18.726,8,Jun 24 2022 01: +0,1656028800
18.188,7,Jun 25 2022 01: +0,1656115200
18.198,9,Jun 26 2022 01: +0,1656201600
18.019,8,Jun 27 2022 01: +0,1656288000
17.1,4,Jun 28 2022 01: +0,1656374400
17.811,3,Jun 29 2022 01: +0,1656460800
18.406,7,Jun 30 2022 01: +0,1656547200
17.478,2,Jul 01 2022 01: +0,1656633600
18.7,9,Jul 02 2022 01: +0,1656720000
18.035,6,Jul 03 2022 01: +0,1656806400
18.546,12,Jul 04 2022 01: +0,1656892800
18.633,11,Jul 05 2022 01: +0,1656979200
18.895,3,Jul 06 2022 01: +0,1657065600
17.028,16,Jul 07 2022 01: +0,1657152000
18.417,4,Jul 08 2022 01: +0,1657238400
19.058,10,Jul 09 2022 01: +0,1657324800
18.86,1,Jul 10 2022 01: +0,1657411200
19.716,2,Jul 11 2022 01: +0,1657497600
18.442,2,Jul 12 2022 01: +0,1657584000
20.197,7,Jul 13 2022 01: +0,1657670400
19.544,5,Jul 14 2022 01: +0,1657756800
19.273,5,Jul 16 2022 01: +0,1657929600
19.599,11,Jul 17 2022 01: +0,1658016000
19.497,7,Jul 18 2022 01: +0,1658102400
21.724,7,Jul 19 2022 01: +0,1658188800
20.067,4,Jul 20 2022 01: +0,1658275200
20.626,3,Jul 21 2022 01: +0,1658361600
20.848,3,Jul 22 2022 01: +0,1658448000
20.417,5,Jul 23 2022 01: +0,1658534400
20.9,4,Jul 24 2022 01: +0,1658620800
20.253,6,Jul 25 2022 01: +0,1658707200
22.139,2,Jul 26 2022 01: +0,1658793600
19.85,1,Jul 27 2022 01: +0,1658880000
21.171,3,Jul 28 2022 01: +0,1658966400
21.263,11,Jul 29 2022 01: +0,1659052800
21.872,4,Jul 30 2022 01: +0,1659139200
22.009,7,Jul 31 2022 01: +0,1659225600
21.239,5,Aug 01 2022 01: +0,1659312000
22.351,8,Aug 02 2022 01: +0,1659398400
22.396,5,Aug 03 2022 01: +0,1659484800
21.399,5,Aug 04 2022 01: +0,1659571200
22.822,5,Aug 05 2022 01: +0,1659657600
22.985,8,Aug 06 2022 01: +0,1659744000
24.824,13,Aug 07 2022 01: +0,1659830400
22.218,5,Aug 08 2022 01: +0,1659916800
21.54,3,Aug 09 2022 01: +0,1660003200
23.087,8,Aug 10 2022 01: +0,1660089600
21.643,2,Aug 11 2022 01: +0,1660176000
20.979,5,Aug 12 2022 01: +0,1660262400
20.754,4,Aug 13 2022 01: +0,1660348800
23.205,6,Aug 14 2022 01: +0,1660435200
23.397,4,Aug 15 2022 01: +0,1660521600
20.196,7,Aug 16 2022 01: +0,1660608000
21.629,6,Aug 17 2022 01: +0,1660694400
19.088,6,Aug 18 2022 01: +0,1660780800
19.844,16,Aug 19 2022 01: +0,1660867200
20.995,6,Aug 20 2022 01: +0,1660953600
20.396,4,Aug 21 2022 01: +0,1661040000
21.038,7,Aug 22 2022 01: +0,1661126400
23.639,2,Aug 23 2022 01: +0,1661212800
20.078,3,Aug 24 2022 01: +0,1661299200
19.953,8,Aug 25 2022 01: +0,1661385600
21.126,10,Aug 26 2022 01: +0,1661472000
20.655,5,Aug 27 2022 01: +0,1661558400
20.144,5,Aug 28 2022 01: +0,1661644800
20.916,6,Aug 29 2022 01: +0,1661731200
20.621,3,Aug 30 2022 01: +0,1661817600
20.653,5,Aug 31 2022 01: +0,1661904000
22.117,9,Sep 01 2022 01: +0,1661990400
21.543,5,Sep 02 2022 01: +0,1662076800
21.319,4,Sep 03 2022 01: +0,1662163200
21.727,8,Sep 04 2022 01: +0,1662249600
22.387,10,Sep 05 2022 01: +0,1662336000
21.693,3,Sep 06 2022 01: +0,1662422400
21.62,6,Sep 07 2022 01: +0,1662508800
23.202,5,Sep 08 2022 01: +0,1662595200
22.607,5,Sep 09 2022 01: +0,1662681600
21.784,7,Sep 10 2022 01: +0,1662768000
21.76,5,Sep 11 2022 01: +0,1662854400
23.078,4,Sep 13 2022 01: +0,1663027200
20.369,2,Sep 14 2022 01: +0,1663113600
21.296,5,Sep 15 2022 01: +0,1663200000
21.203,7,Sep 16 2022 01: +0,1663286400
23.273,5,Sep 17 2022 01: +0,1663372800
20.577,6,Sep 18 2022 01: +0,1663459200
23.16,4,Sep 19 2022 01: +0,1663545600
22.822,3,Sep 20 2022 01: +0,1663632000
22.685,4,Sep 21 2022 01: +0,1663718400
21.599,4,Sep 22 2022 01: +0,1663804800
20.43,7,Sep 23 2022 01: +0,1663891200
22.21,3,Sep 24 2022 01: +0,1663977600
20.175,4,Sep 25 2022 01: +0,1664064000
21.323,11,Sep 26 2022 01: +0,1664150400
21.562,10,Sep 27 2022 01: +0,1664236800
20.797,7,Sep 28 2022 01: +0,1664323200
20.295,2,Sep 29 2022 01: +0,1664409600
21.565,6,Sep 30 2022 01: +0,1664496000
22.261,14,Oct 01 2022 01: +0,1664582400
20.336,2,Oct 02 2022 01: +0,1664668800
22.336,6,Oct 03 2022 01: +0,1664755200
22.699,11,Oct 04 2022 01: +0,1664841600
21.742,6,Oct 05 2022 01: +0,1664928000
21.727,10,Oct 06 2022 01: +0,1665014400
22.668,3,Oct 07 2022 01: +0,1665100800
22.765,7,Oct 08 2022 01: +0,1665187200
23.574,9,Oct 09 2022 01: +0,1665273600
23.031,4,Oct 10 2022 01: +0,1665360000
23.556,4,Oct 11 2022 01: +0,1665446400
22.015,5,Oct 12 2022 01: +0,1665532800
24.148,9,Oct 13 2022 01: +0,1665619200
22.863,4,Oct 14 2022 01: +0,1665705600
22.035,9,Oct 15 2022 01: +0,1665792000
21.798,5,Oct 16 2022 01: +0,1665878400
22.706,6,Oct 17 2022 01: +0,1665964800
23.93,3,Oct 18 2022 01: +0,1666051200
22.887,7,Oct 19 2022 01: +0,1666137600
12.845,2,Oct 20 2022 01: +0,1666224000
23.204,2,Oct 21 2022 01: +0,1666310400
22.846,8,Oct 22 2022 01: +0,1666396800
23.193,4,Oct 23 2022 01: +0,1666483200
21.711,4,Oct 24 2022 01: +0,1666569600
23.313,5,Oct 25 2022 01: +0,1666656000
23.206,7,Oct 26 2022 01: +0,1666742400
21.726,2,Oct 27 2022 01: +0,1666828800
22.66,2,Oct 28 2022 01: +0,1666915200
21.549,5,Oct 29 2022 01: +0,1667001600
22.299,8,Oct 30 2022 01: +0,1667088000
22.508,5,Oct 31 2022 01: +0,1667178000
21.988,14,Nov 01 2022 01: +0,1667264400
23.28,3,Nov 02 2022 01: +0,1667350800
22.341,5,Nov 03 2022 01: +0,1667437200
22.632,8,Nov 04 2022 01: +0,1667523600
22.766,6,Nov 05 2022 01: +0,1667610000
22.959,7,Nov 06 2022 01: +0,1667696400
23.66,6,Nov 07 2022 01: +0,1667782800
24.095,6,Nov 08 2022 01: +0,1667869200
25.304,9,Nov 09 2022 01: +0,1667955600
23.656,5,Nov 10 2022 01: +0,1668042000
23.111,4,Nov 11 2022 01: +0,1668128400
23.925,3,Nov 12 2022 01: +0,1668214800
25.765,9,Nov 13 2022 01: +0,1668301200
22.598,1,Nov 15 2022 01: +0,1668474000
22.433,4,Nov 16 2022 01: +0,1668560400
25.551,7,Nov 17 2022 01: +0,1668646800
24.124,12,Nov 18 2022 01: +0,1668733200
24.512,4,Nov 19 2022 01: +0,1668819600
24.699,4,Nov 20 2022 01: +0,1668906000
21.506,2,Nov 21 2022 01: +0,1668992400
21.587,5,Nov 22 2022 01: +0,1669078800
21.315,7,Nov 23 2022 01: +0,1669165200
21.572,12,Nov 24 2022 01: +0,1669251600
21.23,7,Nov 25 2022 01: +0,1669338000
20.612,5,Nov 26 2022 01: +0,1669424400
21.875,4,Nov 27 2022 01: +0,1669510800
21.129,3,Nov 28 2022 01: +0,1669597200
19.262,3,Nov 29 2022 01: +0,1669683600
20.448,7,Nov 30 2022 01: +0,1669770000
21.03,7,Dec 01 2022 01: +0,1669856400
21.366,2,Dec 02 2022 01: +0,1669942800
22.029,3,Dec 03 2022 01: +0,1670029200
24.008,4,Dec 04 2022 01: +0,1670115600
22.893,13,Dec 05 2022 01: +0,1670202000
23.662,5,Dec 06 2022 01: +0,1670288400
22.849,9,Dec 07 2022 01: +0,1670374800
22.862,2,Dec 08 2022 01: +0,1670461200
21.519,5,Dec 09 2022 01: +0,1670547600
20.251,3,Dec 10 2022 01: +0,1670634000
21.704,15,Dec 11 2022 01: +0,1670720400
23.787,1,Dec 12 2022 01: +0,1670806800
21.213,5,Dec 13 2022 01: +0,1670893200
22.825,1,Dec 14 2022 01: +0,1670979600
23.388,6,Dec 15 2022 01: +0,1671066000
20.984,3,Dec 16 2022 01: +0,1671152400
21.404,4,Dec 17 2022 01: +0,1671238800
22.681,4,Dec 18 2022 01: +0,1671325200
24.423,8,Dec 19 2022 01: +0,1671411600
22.337,3,Dec 20 2022 01: +0,1671498000
24.464,5,Dec 21 2022 01: +0,1671584400
20.919,1,Dec 22 2022 01: +0,1671670800
21.19,5,Dec 23 2022 01: +0,1671757200
22.068,6,Dec 24 2022 01: +0,1671843600
22.286,3,Dec 25 2022 01: +0,1671930000
21.25,1,Dec 26 2022 01: +0,1672016400
20.881,3,Dec 27 2022 01: +0,1672102800
18.967,1,Dec 28 2022 01: +0,1672189200
20.827,4,Dec 29 2022 01: +0,1672275600
20.578,6,Dec 30 2022 01: +0,1672362000
20.291,3,Dec 31 2022 01: +0,1672448400
19.806,9,Jan 01 2023 01: +0,1672534800
21.616,9,Jan 02 2023 01: +0,1672621200
22.932,1,Jan 03 2023 01: +0,1672707600
21.031,6,Jan 04 2023 01: +0,1672794000
19.976,1,Jan 05 2023 01: +0,1672880400
20.344,3,Jan 06 2023 01: +0,1672966800
21.351,4,Jan 07 2023 01: +0,1673053200
19.951,2,Jan 08 2023 01: +0,1673139600
19.951,1,Jan 09 2023 01: +0,1673226000
21.431,6,Jan 10 2023 01: +0,1673312400
19.323,2,Jan 11 2023 01: +0,1673398800
21.738,5,Jan 12 2023 01: +0,1673485200
20.494,6,Jan 13 2023 01: +0,1673571600
20.965,6,Jan 14 2023 01: +0,1673658000
21.062,5,Jan 15 2023 01: +0,1673744400
21.96,4,Jan 16 2023 01: +0,1673830800
23.072,6,Jan 17 2023 01: +0,1673917200
22.895,7,Jan 18 2023 01: +0,1674003600
21.719,5,Jan 19 2023 01: +0,1674090000
22.751,1,Jan 20 2023 01: +0,1674176400
21.912,4,Jan 21 2023 01: +0,1674262800
23.226,5,Jan 22 2023 01: +0,1674349200
22.715,3,Jan 23 2023 01: +0,1674435600
21.554,5,Jan 24 2023 01: +0,1674522000
21.101,2,Jan 25 2023 01: +0,1674608400
21.161,5,Jan 26 2023 01: +0,1674694800
21.539,12,Jan 27 2023 01: +0,1674781200
21.824,6,Jan 28 2023 01: +0,1674867600
21.774,11,Jan 29 2023 01: +0,1674954000
23.402,9,Jan 30 2023 01: +0,1675040400
21.496,5,Jan 31 2023 01: +0,1675126800
21.134,1,Feb 01 2023 01: +0,1675213200
20.357,6,Feb 02 2023 01: +0,1675299600
22.695,12,Feb 03 2023 01: +0,1675386000
20.332,2,Feb 04 2023 01: +0,1675472400
21.123,6,Feb 05 2023 01: +0,1675558800
21.437,5,Feb 06 2023 01: +0,1675645200
21.14,6,Feb 07 2023 01: +0,1675731600
23.602,3,Feb 08 2023 01: +0,1675818000
21.647,6,Feb 09 2023 01: +0,1675904400
22.414,4,Feb 10 2023 01: +0,1675990800
21.227,5,Feb 11 2023 01: +0,1676077200
21.192,3,Feb 12 2023 01: +0,1676163600
21.647,4,Feb 13 2023 01: +0,1676250000
21.715,5,Feb 14 2023 01: +0,1676336400
20.415,1,Feb 15 2023 00: +0,1676419200
21.424,1,Feb 15 2023 05: +0,1676437200
21.424,1,Feb 15 2023 11: +0,1676458800
21.424,1,Feb 15 2023 17: +0,1676480400
21.438,3,Feb 15 2023 21: +0,1676494800
21.341,1,Feb 16 2023 02: +0,1676512800
21.341,1,Feb 16 2023 07: +0,1676530800
21.341,1,Feb 16 2023 08: +0,1676534400
21.391,2,Feb 16 2023 12: +0,1676548800
21.275,1,Feb 16 2023 13: +0,1676552400
20.481,2,Feb 16 2023 17: +0,1676566800
20.307,1,Feb 16 2023 18: +0,1676570400
19.688,1,Feb 16 2023 21: +0,1676581200
19.86,1,Feb 17 2023 07: +0,1676617200
19.422,1,Feb 17 2023 12: +0,1676635200
19.742,1,Feb 17 2023 15: +0,1676646000
20.089,2,Feb 17 2023 16: +0,1676649600
22.727,1,Feb 17 2023 17: +0,1676653200
11.694,2,Feb 17 2023 18: +0,1676656800
19.902,1,Feb 17 2023 19: +0,1676660400
22.78,2,Feb 17 2023 21: +0,1676667600
20.001,1,Feb 18 2023 17: +0,1676739600
21.568,1,Feb 19 2023 00: +0,1676764800
20.034,1,Feb 19 2023 01: +0,1676768400
19.72,1,Feb 19 2023 02: +0,1676772000
23.732,1,Feb 19 2023 04: +0,1676779200
19.712,1,Feb 19 2023 18: +0,1676829600
22.218,1,Feb 19 2023 20: +0,1676836800
22.193,1,Feb 20 2023 00: +0,1676851200
20.109,1,Feb 20 2023 01: +0,1676854800
22.184,2,Feb 20 2023 04: +0,1676865600
20.117,1,Feb 20 2023 06: +0,1676872800
20.117,1,Feb 20 2023 15: +0,1676905200
20.109,1,Feb 20 2023 17: +0,1676912400
22.216,1,Feb 20 2023 18: +0,1676916000
20.142,1,Feb 20 2023 19: +0,1676919600
22.218,2,Feb 20 2023 22: +0,1676930400
22.218,2,Feb 20 2023 23: +0,1676934000
22.21,1,Feb 21 2023 07: +0,1676962800
19.917,1,Feb 21 2023 13: +0,1676984400
20.142,1,Feb 21 2023 14: +0,1676988000
22.218,1,Feb 21 2023 19: +0,1677006000
20.968,2,Feb 21 2023 23: +0,1677020400
23.329,1,Feb 22 2023 04: +0,1677038400
19.505,1,Feb 22 2023 09: +0,1677056400
19.364,1,Feb 22 2023 12: +0,1677067200
19.989,1,Feb 22 2023 13: +0,1677070800
19.751,1,Feb 22 2023 14: +0,1677074400
19.736,1,Feb 22 2023 16: +0,1677081600
19.761,1,Feb 23 2023 04: +0,1677124800
19.761,2,Feb 23 2023 08: +0,1677139200
19.761,1,Feb 23 2023 11: +0,1677150000
23.076,4,Feb 23 2023 13: +0,1677157200
23.076,1,Feb 23 2023 14: +0,1677160800
22.706,1,Feb 23 2023 18: +0,1677175200
19.918,2,Feb 23 2023 20: +0,1677182400
22.857,1,Feb 23 2023 22: +0,1677189600
19.984,1,Feb 24 2023 08: +0,1677225600
22.629,1,Feb 24 2023 11: +0,1677236400
22.939,7,Feb 24 2023 12: +0,1677240000
22.939,1,Feb 24 2023 13: +0,1677243600
21.495,4,Feb 24 2023 14: +0,1677247200
20.062,2,Feb 24 2023 16: +0,1677254400
20.133,1,Feb 24 2023 17: +0,1677258000
22.074,1,Feb 25 2023 06: +0,1677304800
19.542,1,Feb 25 2023 15: +0,1677337200
21.498,1,Feb 25 2023 16: +0,1677340800
19.48,1,Feb 25 2023 18: +0,1677348000
19.695,1,Feb 25 2023 23: +0,1677366000
20.95,1,Feb 26 2023 06: +0,1677391200
19.816,1,Feb 26 2023 15: +0,1677423600
19.819,1,Feb 26 2023 17: +0,1677430800
21.736,1,Feb 26 2023 18: +0,1677434400
24.031,1,Feb 26 2023 20: +0,1677441600
20.177,1,Feb 27 2023 16: +0,1677513600
20.142,1,Feb 27 2023 22: +0,1677535200
19.042,1,Feb 28 2023 02: +0,1677549600
19.943,1,Feb 28 2023 10: +0,1677578400
20.564,1,Feb 28 2023 12: +0,1677585600
20.456,2,Feb 28 2023 13: +0,1677589200
20.55,1,Feb 28 2023 14: +0,1677592800
22.331,1,Feb 28 2023 20: +0,1677614400
24.559,10,Mar 01 2023 06: +0,1677650400
20.845,1,Mar 01 2023 17: +0,1677690000
24.584,1,Mar 01 2023 18: +0,1677693600
20.927,1,Mar 01 2023 19: +0,1677697200
22.259,1,Mar 01 2023 22: +0,1677708000
20.927,1,Mar 02 2023 01: +0,1677718800
20.969,1,Mar 02 2023 09: +0,1677747600
21.027,1,Mar 02 2023 16: +0,1677772800
21.134,1,Mar 02 2023 20: +0,1677787200
21.308,1,Mar 03 2023 06: +0,1677823200
21.932,1,Mar 03 2023 16: +0,1677859200
24.579,1,Mar 03 2023 18: +0,1677866400
21.341,1,Mar 03 2023 20: +0,1677873600
20.171,1,Mar 03 2023 21: +0,1677877200
21.358,1,Mar 04 2023 03: +0,1677898800
21.358,1,Mar 04 2023 04: +0,1677902400
21.366,1,Mar 04 2023 07: +0,1677913200
23.472,1,Mar 04 2023 11: +0,1677927600
24.152,2,Mar 04 2023 12: +0,1677931200
21.874,1,Mar 05 2023 04: +0,1677988800
21.457,1,Mar 05 2023 16: +0,1678032000
21.589,1,Mar 05 2023 20: +0,1678046400
24.617,1,Mar 05 2023 21: +0,1678050000
21.602,1,Mar 06 2023 02: +0,1678068000
18.876,1,Mar 06 2023 04: +0,1678075200
24.038,1,Mar 06 2023 20: +0,1678132800
24.621,3,Mar 06 2023 21: +0,1678136400
24.585,1,Mar 06 2023 23: +0,1678143600
21.639,1,Mar 07 2023 00: +0,1678147200
18.194,1,Mar 07 2023 10: +0,1678183200
21.275,2,Mar 07 2023 17: +0,1678208400
23.99,1,Mar 08 2023 00: +0,1678233600
21.664,1,Mar 08 2023 01: +0,1678237200
23.489,1,Mar 08 2023 05: +0,1678251600
24.559,5,Mar 08 2023 09: +0,1678266000
21.664,1,Mar 08 2023 10: +0,1678269600
20.984,1,Mar 08 2023 14: +0,1678284000
24.22,3,Mar 08 2023 18: +0,1678298400
24.269,3,Mar 09 2023 07: +0,1678345200
24.184,2,Mar 09 2023 19: +0,1678388400
24.314,1,Mar 09 2023 21: +0,1678395600
21.316,1,Mar 10 2023 01: +0,1678410000
24.52,1,Mar 10 2023 08: +0,1678435200
24.507,1,Mar 10 2023 11: +0,1678446000
24.507,2,Mar 10 2023 13: +0,1678453200
24.414,2,Mar 10 2023 17: +0,1678467600
24.401,1,Mar 10 2023 22: +0,1678485600
24.521,3,Mar 10 2023 23: +0,1678489200
24.396,2,Mar 11 2023 00: +0,1678492800
24.195,1,Mar 11 2023 06: +0,1678514400
24.401,2,Mar 11 2023 12: +0,1678536000
19.955,1,Mar 11 2023 16: +0,1678550400
20.865,2,Mar 11 2023 19: +0,1678561200
20.679,1,Mar 11 2023 21: +0,1678568400
24.708,1,Mar 12 2023 01: +0,1678582800
25.576,2,Mar 12 2023 16: +0,1678636800
24.559,2,Mar 12 2023 20: +0,1678651200
26.045,1,Mar 13 2023 12: +0,1678708800
21.854,1,Mar 13 2023 17: +0,1678726800
21.937,1,Mar 14 2023 13: +0,1678798800
22.011,1,Mar 14 2023 18: +0,1678816800
23.661,2,Mar 14 2023 19: +0,1678820400
22.171,1,Mar 15 2023 01: +0,1678842000
26.391,3,Mar 15 2023 13: +0,1678885200
26.499,3,Mar 15 2023 18: +0,1678903200
22.785,1,Mar 15 2023 22: +0,1678917600
23.043,1,Mar 16 2023 16: +0,1678982400
24.024,1,Mar 16 2023 21: +0,1679000400
24.048,1,Mar 16 2023 23: +0,1679007600
25.102,1,Mar 17 2023 10: +0,1679047200
22.952,1,Mar 17 2023 14: +0,1679061600
23.71,1,Mar 17 2023 16: +0,1679068800
22.375,1,Mar 17 2023 21: +0,1679086800
23.508,1,Mar 18 2023 04: +0,1679112000
22.173,1,Mar 18 2023 06: +0,1679119200
21.868,1,Mar 18 2023 16: +0,1679155200
21.585,1,Mar 18 2023 17: +0,1679158800
21.275,1,Mar 19 2023 06: +0,1679205600
25.912,1,Mar 19 2023 11: +0,1679223600
25.92,3,Mar 19 2023 13: +0,1679230800
20.644,1,Mar 19 2023 18: +0,1679248800
21.34,1,Mar 19 2023 19: +0,1679252400
25.389,1,Mar 19 2023 22: +0,1679263200
20.809,1,Mar 20 2023 00: +0,1679270400
21.266,1,Mar 20 2023 06: +0,1679292000
25.42,1,Mar 20 2023 11: +0,1679310000
25.003,2,Mar 20 2023 13: +0,1679317200
24.35,1,Mar 20 2023 17: +0,1679331600
26.055,2,Mar 20 2023 18: +0,1679335200
25.055,1,Mar 21 2023 02: +0,1679364000
25.362,3,Mar 21 2023 13: +0,1679403600
22.021,1,Mar 21 2023 20: +0,1679428800
22.013,1,Mar 22 2023 05: +0,1679461200
22.136,2,Mar 22 2023 09: +0,1679475600
24.379,1,Mar 22 2023 15: +0,1679497200
24.436,1,Mar 22 2023 16: +0,1679500800
26.931,2,Mar 22 2023 21: +0,1679518800
28.423,3,Mar 23 2023 00: +0,1679529600
30.148,1,Mar 23 2023 01: +0,1679533200
28.649,3,Mar 23 2023 11: +0,1679569200
23.893,1,Mar 23 2023 13: +0,1679576400
26.436,1,Mar 23 2023 16: +0,1679587200
29.871,2,Mar 23 2023 17: +0,1679590800
32.066,1,Mar 23 2023 19: +0,1679598000
31.445,2,Mar 23 2023 22: +0,1679608800
31.684,2,Mar 23 2023 23: +0,1679612400
32.921,2,Mar 24 2023 01: +0,1679619600
32.831,2,Mar 24 2023 02: +0,1679623200
37.636,1,Mar 24 2023 06: +0,1679637600
29.091,2,Mar 24 2023 07: +0,1679641200
31.797,1,Mar 24 2023 14: +0,1679666400
28.043,1,Mar 25 2023 01: +0,1679706000
34.906,3,Mar 25 2023 02: +0,1679709600
33.616,2,Mar 25 2023 07: +0,1679727600
32.608,3,Mar 25 2023 12: +0,1679745600
35.416,1,Mar 25 2023 13: +0,1679749200
28.952,1,Mar 25 2023 14: +0,1679752800
36.985,5,Mar 25 2023 23: +0,1679785200
34.85,3,Mar 26 2023 00: +0,1679788800
37.009,1,Mar 26 2023 02: +0,1679792400
36.834,1,Mar 26 2023 08: +0,1679814000
37.009,3,Mar 26 2023 09: +0,1679817600
30.564,1,Mar 26 2023 11: +0,1679824800
36.29,1,Mar 26 2023 17: +0,1679846400
30.255,1,Mar 26 2023 19: +0,1679853600
30.907,1,Mar 26 2023 20: +0,1679857200
30.907,1,Mar 26 2023 21: +0,1679860800
36.088,2,Mar 26 2023 22: +0,1679864400
36.445,2,Mar 27 2023 03: +0,1679882400
35.074,1,Mar 27 2023 09: +0,1679904000
36.174,3,Mar 27 2023 11: +0,1679911200
38.885,1,Mar 27 2023 22: +0,1679950800
39.309,2,Mar 27 2023 23: +0,1679954400
30.997,1,Mar 28 2023 00: +0,1679958000
39.585,2,Mar 28 2023 02: +0,1679965200
36.066,5,Mar 28 2023 16: +0,1680015600
34.583,1,Mar 28 2023 19: +0,1680026400
39.637,4,Mar 28 2023 20: +0,1680030000
36.911,1,Mar 28 2023 23: +0,1680040800
32.125,1,Mar 29 2023 06: +0,1680066000
32.142,1,Mar 29 2023 07: +0,1680069600
32.513,1,Mar 29 2023 13: +0,1680091200
34.871,1,Mar 29 2023 20: +0,1680116400
37.008,2,Mar 30 2023 01: +0,1680134400
32.529,1,Mar 30 2023 02: +0,1680138000
32.974,1,Mar 30 2023 10: +0,1680166800
32.974,1,Mar 30 2023 11: +0,1680170400
32.94,1,Mar 30 2023 17: +0,1680192000
33.031,1,Mar 30 2023 18: +0,1680195600
33.007,2,Mar 31 2023 01: +0,1680220800
32.998,1,Mar 31 2023 08: +0,1680246000
31.939,2,Mar 31 2023 11: +0,1680256800
32.958,1,Mar 31 2023 12: +0,1680260400
36.416,1,Mar 31 2023 13: +0,1680264000
30.854,4,Apr 01 2023 01: +0,1680307200
30.84,1,Apr 01 2023 05: +0,1680321600
35.771,1,Apr 01 2023 06: +0,1680325200
36.078,3,Apr 01 2023 07: +0,1680328800
36.875,2,Apr 01 2023 08: +0,1680332400
34.514,1,Apr 01 2023 11: +0,1680343200
35.165,2,Apr 01 2023 18: +0,1680368400
35.381,1,Apr 01 2023 23: +0,1680386400
36.972,4,Apr 02 2023 00: +0,1680390000
38.065,1,Apr 02 2023 02: +0,1680397200
37.994,1,Apr 02 2023 03: +0,1680400800
35.136,2,Apr 02 2023 06: +0,1680411600
33.677,1,Apr 02 2023 07: +0,1680415200
31.891,1,Apr 02 2023 08: +0,1680418800
37.995,6,Apr 02 2023 09: +0,1680422400
37.982,1,Apr 02 2023 11: +0,1680429600
37.186,1,Apr 03 2023 02: +0,1680483600
37.186,1,Apr 03 2023 09: +0,1680508800
37.78,1,Apr 03 2023 11: +0,1680516000
31.931,1,Apr 03 2023 12: +0,1680519600
36.928,1,Apr 03 2023 17: +0,1680537600
31.959,1,Apr 03 2023 19: +0,1680544800
35.485,2,Apr 03 2023 21: +0,1680552000
37.695,1,Apr 04 2023 02: +0,1680570000
31.838,1,Apr 04 2023 03: +0,1680573600
37.162,1,Apr 04 2023 05: +0,1680580800
31.997,1,Apr 04 2023 12: +0,1680606000
35.736,1,Apr 04 2023 13: +0,1680609600
36.525,2,Apr 04 2023 22: +0,1680642000
36.574,2,Apr 05 2023 09: +0,1680681600
34.824,1,Apr 05 2023 17: +0,1680710400
31.824,1,Apr 05 2023 19: +0,1680717600
31.808,1,Apr 05 2023 23: +0,1680732000
31.847,1,Apr 06 2023 01: +0,1680739200
36.111,2,Apr 06 2023 02: +0,1680742800
32.065,1,Apr 06 2023 03: +0,1680746400
32.081,1,Apr 06 2023 07: +0,1680760800
36.566,2,Apr 06 2023 09: +0,1680768000
32.129,1,Apr 06 2023 12: +0,1680778800
36.514,4,Apr 06 2023 16: +0,1680793200
38.092,1,Apr 06 2023 18: +0,1680800400
37.354,2,Apr 06 2023 21: +0,1680811200
37.361,1,Apr 06 2023 22: +0,1680814800
38.005,1,Apr 07 2023 04: +0,1680836400
38.429,2,Apr 07 2023 05: +0,1680840000
37.971,2,Apr 07 2023 11: +0,1680861600
31.233,1,Apr 07 2023 22: +0,1680901200
38.91,3,Apr 08 2023 01: +0,1680912000
38.073,2,Apr 08 2023 18: +0,1680973200
34.685,1,Apr 09 2023 09: +0,1681027200
43.155,1,Apr 09 2023 18: +0,1681059600
43.463,3,Apr 09 2023 20: +0,1681066800
40.396,1,Apr 09 2023 23: +0,1681077600
44.338,1,Apr 10 2023 04: +0,1681095600
44.116,4,Apr 10 2023 09: +0,1681113600
41.454,3,Apr 10 2023 22: +0,1681160400
43.971,2,Apr 11 2023 01: +0,1681171200
45.019,3,Apr 11 2023 19: +0,1681236000
41.255,2,Apr 12 2023 02: +0,1681261200
43.756,1,Apr 12 2023 17: +0,1681315200
42.423,1,Apr 12 2023 18: +0,1681318800
43.786,2,Apr 12 2023 19: +0,1681322400
44.441,1,Apr 12 2023 21: +0,1681329600
36.898,1,Apr 12 2023 23: +0,1681336800
37.859,1,Apr 13 2023 05: +0,1681358400
38.164,1,Apr 13 2023 08: +0,1681369200
43.85,2,Apr 13 2023 12: +0,1681383600
43.829,1,Apr 13 2023 18: +0,1681405200
43.878,1,Apr 13 2023 20: +0,1681412400
43.96,4,Apr 13 2023 22: +0,1681419600
45.378,3,Apr 13 2023 23: +0,1681423200
43.172,2,Apr 14 2023 05: +0,1681444800
47.204,1,Apr 14 2023 06: +0,1681448400
45.591,1,Apr 15 2023 03: +0,1681524000
44.12,1,Apr 15 2023 22: +0,1681592400
42.038,1,Apr 16 2023 05: +0,1681617600
42.006,1,Apr 16 2023 23: +0,1681682400
42.078,1,Apr 17 2023 08: +0,1681714800
42.086,1,Apr 17 2023 12: +0,1681729200
49.897,2,Apr 18 2023 03: +0,1681783200
42.328,1,Apr 18 2023 06: +0,1681794000
42.328,1,Apr 18 2023 08: +0,1681801200
42.332,1,Apr 18 2023 10: +0,1681808400
49.216,3,Apr 18 2023 18: +0,1681837200
44.246,1,Apr 19 2023 04: +0,1681873200
51.336,3,Apr 19 2023 11: +0,1681898400
44.358,4,Apr 19 2023 12: +0,1681902000
52.902,3,Apr 19 2023 13: +0,1681905600
46.405,1,Apr 19 2023 18: +0,1681923600
52.003,2,Apr 19 2023 22: +0,1681938000
52.327,2,Apr 19 2023 23: +0,1681941600
52.9,5,Apr 20 2023 00: +0,1681945200
64.032,2,Apr 20 2023 10: +0,1681981200
55.789,1,Apr 20 2023 12: +0,1681988400
59.692,1,Apr 20 2023 13: +0,1681992000
41.658,1,Apr 20 2023 16: +0,1682002800
55.898,1,Apr 20 2023 17: +0,1682006400
50.692,1,Apr 20 2023 19: +0,1682013600
57.974,4,Apr 20 2023 21: +0,1682020800
56.938,2,Apr 21 2023 01: +0,1682035200
48.347,1,Apr 21 2023 03: +0,1682042400
57.301,2,Apr 21 2023 06: +0,1682053200
57.373,1,Apr 21 2023 07: +0,1682056800
60.356,2,Apr 21 2023 17: +0,1682092800
60.468,1,Apr 21 2023 19: +0,1682100000
64.161,2,Apr 21 2023 20: +0,1682103600
46.822,1,Apr 22 2023 02: +0,1682125200
59.784,1,Apr 22 2023 14: +0,1682168400
49.022,1,Apr 22 2023 18: +0,1682182800
46.34,1,Apr 22 2023 19: +0,1682186400
58.724,2,Apr 22 2023 22: +0,1682197200
58.738,1,Apr 22 2023 23: +0,1682200800
58.736,2,Apr 23 2023 02: +0,1682211600
58.723,1,Apr 23 2023 03: +0,1682215200
59.359,1,Apr 23 2023 04: +0,1682218800
58.664,1,Apr 23 2023 05: +0,1682222400
59.484,1,Apr 23 2023 07: +0,1682229600
50.252,1,Apr 23 2023 12: +0,1682247600
58.572,1,Apr 23 2023 13: +0,1682251200
50.276,1,Apr 23 2023 17: +0,1682265600
56.387,1,Apr 23 2023 20: +0,1682276400
54.998,1,Apr 23 2023 22: +0,1682283600
56.156,1,Apr 24 2023 01: +0,1682294400
50.445,1,Apr 24 2023 16: +0,1682348400
50.445,1,Apr 24 2023 17: +0,1682352000
48.756,1,Apr 24 2023 18: +0,1682355600
55.346,1,Apr 24 2023 23: +0,1682373600
50.618,2,Apr 25 2023 01: +0,1682380800
50.622,1,Apr 25 2023 02: +0,1682384400
50.63,4,Apr 25 2023 03: +0,1682388000
50.349,1,Apr 25 2023 04: +0,1682391600
56.062,1,Apr 25 2023 05: +0,1682395200
50.683,4,Apr 25 2023 06: +0,1682398800
50.662,1,Apr 25 2023 07: +0,1682402400
50.662,1,Apr 25 2023 09: +0,1682409600
55.88,1,Apr 25 2023 10: +0,1682413200
50.405,1,Apr 25 2023 11: +0,1682416800
56.294,3,Apr 25 2023 12: +0,1682420400
50.349,1,Apr 25 2023 14: +0,1682427600
50.405,1,Apr 25 2023 15: +0,1682431200
56.685,1,Apr 25 2023 17: +0,1682438400
50.789,1,Apr 25 2023 19: +0,1682445600
55.127,1,Apr 25 2023 21: +0,1682452800
56.014,1,Apr 26 2023 00: +0,1682463600
56.661,1,Apr 26 2023 10: +0,1682499600
55.821,1,Apr 26 2023 16: +0,1682521200
49.787,1,Apr 26 2023 22: +0,1682542800
55.78,3,Apr 26 2023 23: +0,1682546400
56.199,3,Apr 27 2023 00: +0,1682550000
56.71,2,Apr 27 2023 02: +0,1682557200
56.706,1,Apr 27 2023 03: +0,1682560800
56.003,1,Apr 27 2023 05: +0,1682568000
56.703,3,Apr 27 2023 07: +0,1682575200
53.619,1,Apr 27 2023 15: +0,1682604000
54.386,4,Apr 27 2023 18: +0,1682614800
55.201,2,Apr 27 2023 23: +0,1682632800
53.391,1,Apr 28 2023 08: +0,1682665200
50.153,1,Apr 28 2023 10: +0,1682672400
50.115,1,Apr 28 2023 14: +0,1682686800
50.603,1,Apr 28 2023 17: +0,1682697600
54.325,3,Apr 28 2023 19: +0,1682704800
44.624,2,Apr 28 2023 21: +0,1682712000
43.996,1,Apr 29 2023 06: +0,1682744400
47.319,2,Apr 29 2023 08: +0,1682751600
53.257,4,Apr 29 2023 14: +0,1682773200
50.595,1,Apr 30 2023 00: +0,1682809200
55.106,1,Apr 30 2023 03: +0,1682820000
55.102,2,Apr 30 2023 14: +0,1682859600
47.347,1,May 01 2023 09: +0,1682928000
54.836,6,May 01 2023 15: +0,1682949600
45.243,1,May 01 2023 22: +0,1682974800
46.527,1,May 02 2023 06: +0,1683003600
56.151,3,May 02 2023 10: +0,1683018000
56.095,5,May 02 2023 15: +0,1683036000
51.771,2,May 03 2023 02: +0,1683075600
55.659,1,May 03 2023 05: +0,1683086400
45.323,1,May 03 2023 08: +0,1683097200
54.323,1,May 03 2023 15: +0,1683122400
51.256,2,May 03 2023 16: +0,1683126000
55.394,1,May 03 2023 17: +0,1683129600
47.771,1,May 03 2023 20: +0,1683140400
47.595,1,May 04 2023 05: +0,1683172800
47.155,1,May 04 2023 10: +0,1683190800
53.247,3,May 04 2023 16: +0,1683212400
53.185,2,May 04 2023 19: +0,1683223200
54.634,1,May 05 2023 03: +0,1683252000
44.671,1,May 05 2023 05: +0,1683259200
44.695,1,May 05 2023 06: +0,1683262800
43.885,1,May 05 2023 11: +0,1683280800
43.803,1,May 05 2023 12: +0,1683284400
43.851,1,May 05 2023 13: +0,1683288000
43.762,1,May 05 2023 23: +0,1683324000
50.73,1,May 06 2023 01: +0,1683331200
48.68,2,May 06 2023 10: +0,1683363600
50.623,1,May 06 2023 11: +0,1683367200
49.47,1,May 06 2023 15: +0,1683381600
43.778,1,May 06 2023 18: +0,1683392400
50.727,1,May 06 2023 20: +0,1683399600
50.734,1,May 06 2023 21: +0,1683403200
43.778,2,May 07 2023 00: +0,1683414000
48.219,1,May 07 2023 12: +0,1683457200
52.488,6,May 07 2023 15: +0,1683468000
50.345,1,May 07 2023 23: +0,1683496800
43.778,1,May 08 2023 06: +0,1683522000
52.166,5,May 08 2023 09: +0,1683532800
51.901,2,May 08 2023 13: +0,1683547200
51.608,1,May 08 2023 19: +0,1683568800
51.938,3,May 08 2023 20: +0,1683572400
52.105,1,May 09 2023 11: +0,1683626400
42.886,1,May 09 2023 13: +0,1683633600
52.62,4,May 09 2023 18: +0,1683651600
47.501,2,May 09 2023 21: +0,1683662400
49.017,1,May 09 2023 22: +0,1683666000
53.023,1,May 10 2023 00: +0,1683673200
42.659,1,May 10 2023 02: +0,1683680400
50.941,1,May 10 2023 04: +0,1683687600
43.152,3,May 10 2023 07: +0,1683698400
51.226,1,May 10 2023 08: +0,1683702000
43.112,1,May 10 2023 09: +0,1683705600
51.987,3,May 10 2023 16: +0,1683730800
42.344,1,May 10 2023 18: +0,1683738000
51.577,1,May 10 2023 20: +0,1683745200
47.723,2,May 11 2023 03: +0,1683770400
49.117,1,May 11 2023 07: +0,1683784800
43.148,3,May 11 2023 09: +0,1683792000
43.117,1,May 11 2023 12: +0,1683802800
45.7,1,May 11 2023 19: +0,1683828000
44.048,1,May 11 2023 21: +0,1683835200
51.708,1,May 12 2023 07: +0,1683871200
50.96,2,May 12 2023 19: +0,1683914400
51.708,3,May 12 2023 23: +0,1683928800
52.87,2,May 13 2023 11: +0,1683972000
54.06,2,May 13 2023 16: +0,1683990000
52.244,1,May 13 2023 19: +0,1684000800
48.026,1,May 14 2023 06: +0,1684040400
50.027,1,May 14 2023 16: +0,1684076400
42.687,1,May 14 2023 17: +0,1684080000
41.951,1,May 14 2023 18: +0,1684083600
41.951,1,May 14 2023 22: +0,1684098000
42.095,1,May 15 2023 15: +0,1684159200
42.095,1,May 15 2023 17: +0,1684166400
48.65,1,May 15 2023 18: +0,1684170000
42.051,3,May 15 2023 21: +0,1684180800
48.629,3,May 16 2023 02: +0,1684198800
47.789,1,May 16 2023 11: +0,1684231200
42.035,1,May 16 2023 13: +0,1684238400
47.973,1,May 16 2023 14: +0,1684242000
41.747,1,May 16 2023 15: +0,1684245600
48.33,1,May 16 2023 17: +0,1684252800
42.239,3,May 16 2023 18: +0,1684256400
49.379,3,May 16 2023 22: +0,1684270800
47.772,2,May 17 2023 11: +0,1684317600
42.275,1,May 17 2023 15: +0,1684332000
49.236,4,May 17 2023 18: +0,1684342800
50.17,1,May 18 2023 00: +0,1684364400
47.367,1,May 18 2023 05: +0,1684382400
49.918,1,May 18 2023 08: +0,1684393200
51.216,1,May 18 2023 23: +0,1684447200
43.312,1,May 19 2023 18: +0,1684515600
47.998,2,May 19 2023 20: +0,1684522800
48.242,2,May 19 2023 21: +0,1684526400
43.273,1,May 20 2023 01: +0,1684540800
43.233,1,May 20 2023 02: +0,1684544400
43.386,1,May 20 2023 04: +0,1684551600
50.518,4,May 20 2023 07: +0,1684562400
50.783,1,May 20 2023 20: +0,1684609200
45.113,1,May 21 2023 02: +0,1684630800
49.85,1,May 21 2023 08: +0,1684652400
52.906,1,May 21 2023 15: +0,1684677600
54.152,3,May 21 2023 18: +0,1684688400
51.521,1,May 21 2023 20: +0,1684695600
54.636,1,May 21 2023 21: +0,1684699200
54.845,3,May 21 2023 22: +0,1684702800
54.641,1,May 22 2023 06: +0,1684731600
55.956,6,May 23 2023 01: +0,1684800000
46.696,1,May 23 2023 05: +0,1684814400
46.616,1,May 23 2023 10: +0,1684832400
49.95,1,May 23 2023 22: +0,1684875600
55.168,2,May 24 2023 02: +0,1684890000
47.462,1,May 24 2023 15: +0,1684936800
47.567,1,May 25 2023 05: +0,1684987200
47.68,1,May 25 2023 11: +0,1685008800
56.221,4,May 25 2023 16: +0,1685026800
56.629,2,May 25 2023 17: +0,1685030400
56.768,7,May 26 2023 01: +0,1685059200
56.294,1,May 26 2023 07: +0,1685080800
48.15,1,May 26 2023 08: +0,1685084400
50.043,1,May 26 2023 15: +0,1685109600
56.443,2,May 26 2023 16: +0,1685113200
50.043,1,May 26 2023 18: +0,1685120400
56.409,1,May 26 2023 22: +0,1685134800
50.043,1,May 26 2023 23: +0,1685138400
56.979,3,May 27 2023 06: +0,1685163600
58.937,3,May 27 2023 07: +0,1685167200
59.343,1,May 27 2023 16: +0,1685199600
50.614,2,May 28 2023 16: +0,1685286000
50.844,1,May 29 2023 04: +0,1685329200
53.406,1,May 29 2023 06: +0,1685336400
50.958,2,May 29 2023 12: +0,1685358000
56.991,1,May 29 2023 16: +0,1685372400
58.371,1,May 29 2023 18: +0,1685379600
58.49,1,May 30 2023 04: +0,1685415600
59.246,1,May 30 2023 07: +0,1685426400
51.346,1,May 30 2023 09: +0,1685433600
51.37,1,May 30 2023 15: +0,1685455200
59.222,1,May 30 2023 16: +0,1685458800
60.758,1,May 30 2023 17: +0,1685462400
62.533,4,May 30 2023 18: +0,1685466000
51.401,2,May 30 2023 19: +0,1685469600
51.439,1,May 31 2023 05: +0,1685505600
56.646,1,May 31 2023 06: +0,1685509200
60.684,1,Jun 01 2023 03: +0,1685584800
55.595,1,Jun 02 2023 00: +0,1685660400
51.469,1,Jun 02 2023 15: +0,1685714400
58.816,3,Jun 02 2023 19: +0,1685728800
59.73,1,Jun 03 2023 04: +0,1685761200
52.119,1,Jun 03 2023 12: +0,1685790000
58.19,1,Jun 03 2023 13: +0,1685793600
56.627,1,Jun 03 2023 17: +0,1685808000
54.842,2,Jun 03 2023 19: +0,1685815200
51.305,1,Jun 03 2023 20: +0,1685818800
63.088,2,Jun 04 2023 11: +0,1685872800
59.297,1,Jun 05 2023 00: +0,1685919600
52.307,1,Jun 05 2023 04: +0,1685934000
50.631,1,Jun 05 2023 07: +0,1685944800
64.748,5,Jun 05 2023 09: +0,1685952000
63.524,1,Jun 06 2023 00: +0,1686006000
65.335,2,Jun 06 2023 03: +0,1686016800
64.004,1,Jun 06 2023 07: +0,1686031200
64.575,2,Jun 06 2023 10: +0,1686042000
62.726,2,Jun 07 2023 06: +0,1686114000
64.467,3,Jun 07 2023 09: +0,1686124800
65.376,1,Jun 07 2023 18: +0,1686157200
56.102,1,Jun 07 2023 19: +0,1686160800
56.169,1,Jun 07 2023 22: +0,1686171600
54.003,1,Jun 08 2023 02: +0,1686186000
65.795,3,Jun 08 2023 09: +0,1686211200
66.646,2,Jun 08 2023 20: +0,1686250800
53.099,1,Jun 09 2023 01: +0,1686268800
62.0,3,Jun 10 2023 03: +0,1686362400
54.124,1,Jun 10 2023 06: +0,1686373200
53.718,1,Jun 10 2023 07: +0,1686376800
61.113,1,Jun 10 2023 19: +0,1686420000
61.128,2,Jun 10 2023 22: +0,1686430800
53.73,1,Jun 10 2023 23: +0,1686434400
53.722,1,Jun 11 2023 00: +0,1686438000
53.733,1,Jun 11 2023 08: +0,1686466800
53.812,1,Jun 11 2023 20: +0,1686510000
62.154,1,Jun 11 2023 22: +0,1686517200
62.312,5,Jun 12 2023 05: +0,1686542400
54.582,1,Jun 12 2023 18: +0,1686589200
54.582,1,Jun 12 2023 23: +0,1686607200
63.98,2,Jun 13 2023 06: +0,1686632400
65.95,8,Jun 13 2023 13: +0,1686657600
70.45,1,Jun 14 2023 00: +0,1686697200
53.84,1,Jun 14 2023 10: +0,1686733200
62.155,1,Jun 14 2023 16: +0,1686754800
63.883,1,Jun 15 2023 02: +0,1686790800
55.413,1,Jun 16 2023 03: +0,1686880800
60.865,1,Jun 17 2023 00: +0,1686956400
63.111,2,Jun 17 2023 03: +0,1686967200
64.898,1,Jun 17 2023 04: +0,1686970800
55.21,1,Jun 17 2023 10: +0,1686992400
54.96,1,Jun 17 2023 19: +0,1687024800
54.96,1,Jun 17 2023 23: +0,1687039200
58.806,1,Jun 18 2023 02: +0,1687050000
57.928,2,Jun 18 2023 05: +0,1687060800
64.446,1,Jun 19 2023 00: +0,1687129200
60.781,1,Jun 19 2023 02: +0,1687136400
64.453,1,Jun 19 2023 03: +0,1687140000
66.281,2,Jun 19 2023 04: +0,1687143600
68.158,1,Jun 20 2023 00: +0,1687215600
68.265,1,Jun 21 2023 06: +0,1687323600
61.923,2,Jun 22 2023 04: +0,1687402800
57.144,1,Jun 22 2023 07: +0,1687413600
58.985,1,Jun 22 2023 16: +0,1687446000
62.788,2,Jun 22 2023 21: +0,1687464000
67.581,3,Jun 23 2023 01: +0,1687478400
68.954,1,Jun 23 2023 06: +0,1687496400
59.008,1,Jun 23 2023 12: +0,1687518000
69.642,1,Jun 23 2023 20: +0,1687546800
54.824,1,Jun 24 2023 14: +0,1687611600
56.106,1,Jun 25 2023 08: +0,1687676400
59.121,1,Jun 25 2023 14: +0,1687698000
66.682,3,Jun 26 2023 08: +0,1687762800
54.557,2,Jun 26 2023 18: +0,1687798800
53.278,1,Jun 26 2023 22: +0,1687813200
55.599,1,Jun 27 2023 16: +0,1687878000
63.673,1,Jun 27 2023 18: +0,1687885200
63.918,1,Jun 27 2023 19: +0,1687888800
55.599,1,Jun 27 2023 23: +0,1687903200
55.785,1,Jun 28 2023 00: +0,1687906800
55.654,1,Jun 28 2023 17: +0,1687968000
55.36,1,Jun 29 2023 12: +0,1688036400
64.729,7,Jun 29 2023 13: +0,1688040000
66.784,2,Jun 30 2023 01: +0,1688083200
55.694,1,Jun 30 2023 09: +0,1688112000
63.533,1,Jun 30 2023 11: +0,1688119200
56.115,1,Jun 30 2023 12: +0,1688122800
55.83,1,Jun 30 2023 20: +0,1688151600
52.779,1,Jul 01 2023 00: +0,1688166000
51.47,1,Jul 01 2023 03: +0,1688176800
55.183,1,Jul 01 2023 06: +0,1688187600
51.464,1,Jul 01 2023 09: +0,1688198400
55.861,3,Jul 01 2023 12: +0,1688209200
48.789,1,Jul 01 2023 15: +0,1688220000
59.137,1,Jul 01 2023 16: +0,1688223600
49.167,1,Jul 01 2023 19: +0,1688234400
59.062,1,Jul 02 2023 02: +0,1688259600
61.686,1,Jul 02 2023 08: +0,1688281200
59.677,1,Jul 03 2023 19: +0,1688407200
68.578,1,Jul 04 2023 21: +0,1688500800
65.245,3,Jul 05 2023 07: +0,1688536800
52.467,1,Jul 05 2023 19: +0,1688580000
63.9,4,Jul 07 2023 09: +0,1688716800
66.225,1,Jul 07 2023 13: +0,1688731200
53.199,1,Jul 07 2023 15: +0,1688738400
70.408,1,Jul 08 2023 02: +0,1688778000
53.183,1,Jul 08 2023 04: +0,1688785200
54.999,1,Jul 08 2023 17: +0,1688832000
54.8,1,Jul 09 2023 06: +0,1688878800
56.59,1,Jul 09 2023 10: +0,1688893200
51.556,1,Jul 09 2023 17: +0,1688918400
49.042,1,Jul 09 2023 22: +0,1688936400
67.756,2,Jul 11 2023 13: +0,1689076800
49.499,1,Jul 11 2023 19: +0,1689098400
51.337,3,Jul 12 2023 03: +0,1689127200
50.934,1,Jul 12 2023 05: +0,1689134400
50.934,1,Jul 12 2023 08: +0,1689145200
50.895,1,Jul 12 2023 11: +0,1689156000
50.414,1,Jul 12 2023 15: +0,1689170400
50.152,1,Jul 12 2023 21: +0,1689192000
50.267,1,Jul 14 2023 15: +0,1689343200
50.255,1,Jul 15 2023 05: +0,1689393600
54.178,1,Jul 15 2023 09: +0,1689408000
50.263,1,Jul 15 2023 20: +0,1689447600
50.257,2,Jul 15 2023 21: +0,1689451200
50.278,1,Jul 15 2023 23: +0,1689458400
50.311,1,Jul 16 2023 23: +0,1689544800
58.329,1,Jul 17 2023 04: +0,1689562800
62.276,1,Jul 17 2023 16: +0,1689606000
51.072,1,Jul 17 2023 23: +0,1689631200
62.086,2,Jul 18 2023 08: +0,1689663600
52.507,1,Jul 18 2023 19: +0,1689703200
52.569,2,Jul 19 2023 08: +0,1689750000
52.565,2,Jul 19 2023 09: +0,1689753600
52.414,1,Jul 19 2023 16: +0,1689778800
52.703,1,Jul 20 2023 09: +0,1689840000
52.688,1,Jul 20 2023 10: +0,1689843600
62.474,7,Jul 20 2023 13: +0,1689854400
54.501,1,Jul 21 2023 06: +0,1689915600
58.509,1,Jul 21 2023 13: +0,1689940800
51.972,2,Jul 22 2023 09: +0,1690012800
53.826,1,Jul 23 2023 08: +0,1690095600
62.711,1,Jul 23 2023 20: +0,1690138800
52.133,1,Jul 24 2023 19: +0,1690221600
52.765,1,Jul 24 2023 20: +0,1690225200
54.609,1,Jul 24 2023 22: +0,1690232400
48.989,1,Jul 25 2023 01: +0,1690243200
60.02,3,Jul 25 2023 04: +0,1690254000
50.783,2,Jul 25 2023 09: +0,1690272000
50.986,1,Jul 25 2023 11: +0,1690279200
48.161,1,Jul 26 2023 15: +0,1690380000
52.396,1,Jul 27 2023 13: +0,1690459200
60.529,1,Jul 27 2023 15: +0,1690466400
51.68,1,Jul 27 2023 18: +0,1690477200
52.404,1,Jul 28 2023 05: +0,1690516800
52.404,1,Jul 28 2023 06: +0,1690520400
61.046,2,Jul 28 2023 10: +0,1690534800
62.015,3,Jul 28 2023 14: +0,1690549200
53.041,1,Jul 29 2023 14: +0,1690635600
53.041,1,Jul 29 2023 15: +0,1690639200
60.613,1,Jul 29 2023 19: +0,1690653600
53.033,1,Jul 30 2023 03: +0,1690682400
61.305,1,Jul 30 2023 13: +0,1690718400
53.041,1,Jul 30 2023 16: +0,1690729200
62.672,1,Jul 30 2023 19: +0,1690740000
53.002,3,Jul 30 2023 20: +0,1690743600
53.19,1,Jul 31 2023 13: +0,1690804800
53.23,1,Jul 31 2023 17: +0,1690819200
53.183,1,Jul 31 2023 18: +0,1690822800
55.066,2,Jul 31 2023 20: +0,1690830000
58.303,1,Aug 01 2023 02: +0,1690851600
63.372,1,Aug 01 2023 11: +0,1690884000
52.49,1,Aug 01 2023 17: +0,1690905600
53.757,1,Aug 02 2023 02: +0,1690938000
62.192,3,Aug 02 2023 04: +0,1690945200
64.687,1,Aug 02 2023 12: +0,1690974000
66.372,1,Aug 02 2023 22: +0,1691010000
66.635,1,Aug 03 2023 11: +0,1691056800
57.76,1,Aug 04 2023 10: +0,1691139600
65.273,1,Aug 04 2023 11: +0,1691143200
63.075,1,Aug 05 2023 03: +0,1691200800
62.427,1,Aug 05 2023 12: +0,1691233200
65.132,1,Aug 05 2023 13: +0,1691236800
54.583,2,Aug 05 2023 19: +0,1691258400
53.12,1,Aug 06 2023 01: +0,1691280000
63.748,1,Aug 06 2023 03: +0,1691287200
66.728,1,Aug 07 2023 10: +0,1691398800
65.046,1,Aug 07 2023 14: +0,1691413200
54.143,1,Aug 07 2023 19: +0,1691431200
53.804,2,Aug 08 2023 16: +0,1691506800
57.935,2,Aug 09 2023 11: +0,1691575200
60.242,1,Aug 09 2023 19: +0,1691604000
52.895,2,Aug 09 2023 20: +0,1691607600
58.87,1,Aug 09 2023 21: +0,1691611200
58.894,2,Aug 10 2023 15: +0,1691676000
63.783,1,Aug 11 2023 04: +0,1691722800
53.099,1,Aug 12 2023 15: +0,1691848800
53.102,1,Aug 13 2023 13: +0,1691928000
60.406,3,Aug 13 2023 16: +0,1691938800
59.22,1,Aug 14 2023 15: +0,1692021600
59.182,1,Aug 15 2023 05: +0,1692072000
60.755,1,Aug 15 2023 11: +0,1692093600
52.489,1,Aug 15 2023 14: +0,1692104400
60.268,1,Aug 15 2023 15: +0,1692108000
54.988,1,Aug 16 2023 00: +0,1692140400
60.025,1,Aug 16 2023 01: +0,1692144000
60.783,1,Aug 16 2023 03: +0,1692151200
52.513,2,Aug 16 2023 16: +0,1692198000
62.244,4,Aug 16 2023 17: +0,1692201600
61.247,1,Aug 17 2023 07: +0,1692252000
53.267,1,Aug 18 2023 13: +0,1692360000
53.267,1,Aug 18 2023 17: +0,1692374400
53.353,1,Aug 18 2023 21: +0,1692388800
53.813,1,Aug 19 2023 17: +0,1692460800
63.48,4,Aug 20 2023 07: +0,1692511200
54.869,1,Aug 21 2023 00: +0,1692572400
60.871,1,Aug 21 2023 06: +0,1692594000
57.122,4,Aug 22 2023 15: +0,1692712800
56.332,1,Aug 22 2023 16: +0,1692716400
55.531,1,Aug 24 2023 10: +0,1692867600
57.729,1,Aug 24 2023 13: +0,1692878400
61.692,1,Aug 24 2023 15: +0,1692885600
61.692,1,Aug 24 2023 17: +0,1692892800
58.158,1,Aug 25 2023 12: +0,1692961200
62.253,3,Aug 25 2023 17: +0,1692979200
60.612,2,Aug 25 2023 23: +0,1693000800
63.307,1,Aug 26 2023 07: +0,1693029600
65.078,5,Aug 26 2023 08: +0,1693033200
66.546,2,Aug 26 2023 20: +0,1693076400
58.35,1,Aug 28 2023 20: +0,1693249200
57.94,1,Aug 28 2023 21: +0,1693252800
58.365,1,Aug 29 2023 20: +0,1693335600
62.607,3,Aug 30 2023 04: +0,1693364400
58.365,1,Aug 30 2023 18: +0,1693414800
58.35,1,Aug 30 2023 21: +0,1693425600
58.35,1,Aug 31 2023 14: +0,1693486800
71.224,2,Aug 31 2023 16: +0,1693494000
71.24,1,Aug 31 2023 17: +0,1693497600
58.263,1,Sep 01 2023 01: +0,1693526400
67.023,1,Sep 01 2023 05: +0,1693540800
70.106,1,Sep 01 2023 17: +0,1693584000
70.161,2,Sep 02 2023 09: +0,1693641600
68.706,1,Sep 04 2023 06: +0,1693803600
59.706,1,Sep 04 2023 07: +0,1693807200
59.302,1,Sep 04 2023 13: +0,1693828800
60.654,1,Sep 04 2023 17: +0,1693843200
73.304,2,Sep 05 2023 04: +0,1693882800
61.225,1,Sep 05 2023 09: +0,1693900800
73.663,3,Sep 05 2023 11: +0,1693908000
71.325,1,Sep 06 2023 00: +0,1693954800
72.492,1,Sep 06 2023 01: +0,1693958400
74.5,1,Sep 06 2023 10: +0,1693990800
61.692,1,Sep 07 2023 04: +0,1694055600
62.432,1,Sep 07 2023 09: +0,1694073600
62.448,1,Sep 07 2023 19: +0,1694109600
74.116,1,Sep 08 2023 03: +0,1694138400
62.521,1,Sep 08 2023 17: +0,1694188800
63.14,1,Sep 09 2023 03: +0,1694224800
63.124,1,Sep 09 2023 05: +0,1694232000
52.309,1,Sep 10 2023 03: +0,1694311200
47.408,1,Sep 10 2023 12: +0,1694343600
67.361,1,Sep 10 2023 20: +0,1694372400
71.089,1,Sep 10 2023 21: +0,1694376000
71.598,3,Sep 10 2023 22: +0,1694379600
73.716,3,Sep 11 2023 07: +0,1694412000
73.743,1,Sep 12 2023 17: +0,1694534400
75.035,2,Sep 12 2023 21: +0,1694548800
67.164,1,Sep 13 2023 01: +0,1694563200
76.564,3,Sep 13 2023 12: +0,1694602800
63.824,1,Sep 13 2023 16: +0,1694617200
69.144,1,Sep 14 2023 11: +0,1694685600
73.594,5,Sep 15 2023 04: +0,1694746800
64.742,1,Sep 15 2023 11: +0,1694772000
76.228,1,Sep 16 2023 05: +0,1694836800
76.85,1,Sep 16 2023 08: +0,1694847600
79.197,1,Sep 16 2023 15: +0,1694872800
67.575,1,Sep 17 2023 11: +0,1694944800
67.567,1,Sep 18 2023 07: +0,1695016800
78.794,1,Sep 18 2023 13: +0,1695038400
68.208,1,Sep 21 2023 11: +0,1695290400
57.62,1,Sep 22 2023 05: +0,1695355200
58.186,1,Sep 24 2023 11: +0,1695549600
65.414,1,Sep 25 2023 00: +0,1695596400
68.424,1,Sep 25 2023 01: +0,1695600000
76.373,1,Sep 27 2023 14: +0,1695819600
71.634,2,Sep 27 2023 15: +0,1695823200
68.144,1,Sep 28 2023 06: +0,1695877200
67.039,1,Sep 30 2023 17: +0,1696089600
74.698,1,Oct 01 2023 19: +0,1696183200
66.073,1,Oct 02 2023 00: +0,1696201200
61.179,1,Oct 02 2023 11: +0,1696240800
70.084,1,Oct 02 2023 14: +0,1696251600
61.522,1,Oct 03 2023 18: +0,1696352400
64.932,1,Oct 03 2023 20: +0,1696359600
73.36,1,Oct 04 2023 00: +0,1696374000
73.36,1,Oct 04 2023 01: +0,1696377600
73.36,1,Oct 04 2023 16: +0,1696431600
65.031,1,Oct 05 2023 02: +0,1696467600
65.789,1,Oct 05 2023 23: +0,1696543200
65.517,1,Oct 06 2023 00: +0,1696546800
65.22,1,Oct 06 2023 04: +0,1696561200
65.336,1,Oct 06 2023 10: +0,1696582800
72.398,1,Oct 06 2023 12: +0,1696590000
65.911,1,Oct 06 2023 19: +0,1696615200
73.135,1,Oct 07 2023 19: +0,1696701600
72.917,1,Oct 07 2023 20: +0,1696705200
65.895,1,Oct 07 2023 22: +0,1696712400
73.1,1,Oct 08 2023 03: +0,1696730400
72.059,1,Oct 09 2023 15: +0,1696860000
72.395,7,Oct 09 2023 18: +0,1696870800
74.629,1,Oct 09 2023 21: +0,1696881600
67.215,1,Oct 10 2023 22: +0,1696971600
72.303,1,Oct 11 2023 00: +0,1696978800
65.777,1,Oct 12 2023 03: +0,1697076000
68.122,1,Oct 12 2023 19: +0,1697133600
70.102,1,Oct 13 2023 02: +0,1697158800
67.487,1,Oct 13 2023 03: +0,1697162400
70.668,1,Oct 13 2023 18: +0,1697216400
70.093,1,Oct 14 2023 00: +0,1697238000
73.514,1,Oct 15 2023 01: +0,1697328000
66.393,1,Oct 15 2023 13: +0,1697371200
73.514,1,Oct 16 2023 09: +0,1697443200
73.514,1,Oct 16 2023 10: +0,1697446800
70.726,1,Oct 16 2023 19: +0,1697479200
70.726,1,Oct 16 2023 22: +0,1697490000
62.069,1,Oct 17 2023 01: +0,1697500800
73.982,1,Oct 17 2023 06: +0,1697518800
67.771,1,Oct 17 2023 12: +0,1697540400
74.004,1,Oct 17 2023 15: +0,1697551200
73.837,1,Oct 17 2023 18: +0,1697562000
74.093,1,Oct 17 2023 19: +0,1697565600
75.364,1,Oct 18 2023 04: +0,1697598000
67.713,1,Oct 19 2023 17: +0,1697731200
67.663,1,Oct 19 2023 22: +0,1697749200
67.731,1,Oct 21 2023 22: +0,1697922000
67.888,1,Oct 22 2023 16: +0,1697986800
73.266,1,Oct 23 2023 04: +0,1698030000
67.903,1,Oct 24 2023 14: +0,1698152400
67.176,1,Oct 26 2023 21: +0,1698350400
69.579,2,Oct 28 2023 11: +0,1698487200
71.2,2,Oct 28 2023 12: +0,1698490800
60.521,1,Oct 29 2023 13: +0,1698584400
69.162,1,Oct 29 2023 18: +0,1698602400
60.955,1,Oct 30 2023 01: +0,1698627600
62.81,1,Oct 31 2023 05: +0,1698728400
59.361,1,Nov 01 2023 10: +0,1698832800
60.87,1,Nov 01 2023 17: +0,1698858000
61.576,1,Nov 01 2023 18: +0,1698861600
66.371,3,Nov 02 2023 08: +0,1698912000
62.136,1,Nov 03 2023 20: +0,1699041600
62.112,1,Nov 03 2023 21: +0,1699045200
66.373,1,Nov 04 2023 04: +0,1699070400
72.729,3,Nov 04 2023 15: +0,1699110000
65.715,1,Nov 05 2023 21: +0,1699218000
65.617,1,Nov 07 2023 06: +0,1699336800
72.697,2,Nov 08 2023 12: +0,1699444800
64.178,1,Nov 08 2023 18: +0,1699466400
64.924,1,Nov 09 2023 00: +0,1699488000
64.578,1,Nov 09 2023 10: +0,1699524000
62.807,1,Nov 12 2023 07: +0,1699772400
58.827,1,Nov 12 2023 19: +0,1699815600
58.827,1,Nov 13 2023 10: +0,1699869600
58.827,1,Nov 13 2023 15: +0,1699887600
62.462,1,Nov 14 2023 06: +0,1699941600
64.267,1,Nov 15 2023 07: +0,1700031600
58.86,1,Nov 17 2023 05: +0,1700197200
65.712,1,Nov 17 2023 12: +0,1700222400
55.358,2,Nov 18 2023 23: +0,1700348400
55.117,1,Nov 19 2023 10: +0,1700388000
53.846,1,Nov 19 2023 18: +0,1700416800
61.42,1,Nov 22 2023 10: +0,1700647200
56.496,1,Nov 24 2023 22: +0,1700863200
56.52,1,Nov 25 2023 01: +0,1700874000
51.326,1,Nov 26 2023 11: +0,1700996400
52.077,1,Nov 28 2023 14: +0,1701180000
54.626,1,Nov 28 2023 19: +0,1701198000
54.714,1,Nov 29 2023 12: +0,1701259200
58.333,2,Nov 29 2023 14: +0,1701266400
59.958,3,Nov 30 2023 23: +0,1701385200
56.791,1,Dec 01 2023 02: +0,1701396000
56.951,1,Dec 01 2023 13: +0,1701435600
60.1,1,Dec 03 2023 07: +0,1701586800
60.1,1,Dec 03 2023 17: +0,1701622800
64.685,2,Dec 04 2023 04: +0,1701662400
60.1,1,Dec 04 2023 07: +0,1701673200
60.155,1,Dec 04 2023 18: +0,1701712800
60.171,1,Dec 05 2023 03: +0,1701745200
62.28,1,Dec 05 2023 17: +0,1701795600
60.691,1,Dec 05 2023 18: +0,1701799200
60.395,1,Dec 05 2023 22: +0,1701813600
64.229,2,Dec 06 2023 04: +0,1701835200
61.17,1,Dec 07 2023 13: +0,1701954000
63.452,2,Dec 08 2023 08: +0,1702022400
64.574,2,Dec 08 2023 09: +0,1702026000
69.271,1,Dec 08 2023 17: +0,1702054800
68.731,1,Dec 09 2023 11: +0,1702119600
60.723,1,Dec 09 2023 17: +0,1702141200
68.245,1,Dec 11 2023 18: +0,1702317600
68.263,1,Dec 12 2023 05: +0,1702357200
69.405,1,Dec 12 2023 15: +0,1702393200
70.25,1,Dec 14 2023 14: +0,1702562400
64.602,1,Dec 18 2023 08: +0,1702886400
63.152,1,Dec 18 2023 17: +0,1702918800
70.409,1,Dec 18 2023 23: +0,1702940400
63.152,1,Dec 19 2023 23: +0,1703026800
61.581,1,Dec 21 2023 15: +0,1703170800
57.639,1,Dec 22 2023 06: +0,1703224800
59.568,1,Dec 24 2023 00: +0,1703376000
59.04,1,Dec 24 2023 05: +0,1703394000
65.011,2,Dec 25 2023 01: +0,1703466000
67.802,1,Dec 27 2023 11: +0,1703674800
60.692,1,Dec 27 2023 19: +0,1703703600
60.308,1,Dec 27 2023 20: +0,1703707200
60.237,1,Dec 28 2023 00: +0,1703721600
60.04,1,Dec 30 2023 17: +0,1703955600
60.221,1,Dec 31 2023 14: +0,1704031200
67.788,1,Jan 01 2024 11: +0,1704106800
68.283,1,Jan 01 2024 13: +0,1704114000
69.526,1,Jan 01 2024 21: +0,1704142800
65.208,1,Jan 02 2024 12: +0,1704196800
68.299,1,Jan 03 2024 09: +0,1704272400
65.853,1,Jan 05 2024 18: +0,1704477600
58.829,1,Jan 05 2024 19: +0,1704481200
59.757,1,Jan 07 2024 02: +0,1704592800
66.781,1,Jan 07 2024 11: +0,1704625200
65.76,1,Jan 08 2024 01: +0,1704675600
64.154,1,Jan 08 2024 07: +0,1704697200
66.785,3,Jan 08 2024 08: +0,1704700800
70.527,2,Jan 08 2024 16: +0,1704729600
61.299,1,Jan 11 2024 11: +0,1704970800
60.75,1,Jan 13 2024 01: +0,1705107600
61.952,1,Jan 15 2024 06: +0,1705298400
64.433,2,Jan 18 2024 19: +0,1705604400
62.695,1,Jan 19 2024 21: +0,1705698000
62.695,1,Jan 20 2024 01: +0,1705712400
62.41,1,Jan 21 2024 04: +0,1705809600
62.417,1,Jan 22 2024 02: +0,1705888800
62.339,1,Jan 22 2024 15: +0,1705935600
55.703,1,Jan 23 2024 06: +0,1705989600
58.206,1,Jan 23 2024 12: +0,1706011200
57.12,1,Jan 24 2024 05: +0,1706072400
54.774,1,Jan 24 2024 21: +0,1706130000
66.592,1,Jan 25 2024 00: +0,1706140800
67.03,1,Jan 25 2024 02: +0,1706148000
57.513,3,Jan 26 2024 08: +0,1706256000
56.86,1,Jan 26 2024 13: +0,1706274000
57.439,1,Jan 28 2024 15: +0,1706454000
60.028,1,Jan 31 2024 13: +0,1706706000
65.852,1,Feb 01 2024 20: +0,1706817600
60.418,1,Feb 02 2024 04: +0,1706846400
65.908,1,Feb 02 2024 10: +0,1706868000
67.529,1,Feb 02 2024 13: +0,1706878800
69.384,1,Feb 03 2024 20: +0,1706990400
69.396,1,Feb 04 2024 10: +0,1707040800
71.048,2,Feb 05 2024 23: +0,1707174000
62.42,1,Feb 07 2024 05: +0,1707282000
63.66,1,Feb 07 2024 06: +0,1707285600
59.934,1,Feb 09 2024 08: +0,1707465600
60.101,1,Feb 09 2024 18: +0,1707501600
62.332,1,Feb 10 2024 17: +0,1707584400
58.085,1,Feb 11 2024 01: +0,1707613200
57.265,1,Feb 11 2024 06: +0,1707631200
56.03,1,Feb 11 2024 12: +0,1707652800
66.892,2,Feb 11 2024 15: +0,1707663600
57.807,1,Feb 13 2024 17: +0,1707843600
64.323,1,Feb 16 2024 04: +0,1708056000
63.989,2,Feb 16 2024 13: +0,1708088400
64.443,1,Feb 18 2024 06: +0,1708236000
57.607,1,Feb 18 2024 11: +0,1708254000
63.279,1,Feb 19 2024 08: +0,1708329600
57.166,1,Feb 19 2024 18: +0,1708365600
57.347,1,Feb 22 2024 04: +0,1708574400
57.741,1,Feb 24 2024 12: +0,1708776000
59.958,1,Feb 25 2024 11: +0,1708858800
62.382,1,Feb 25 2024 16: +0,1708876800
58.345,1,Feb 26 2024 20: +0,1708977600
61.303,2,Feb 27 2024 11: +0,1709031600
64.041,1,Feb 27 2024 15: +0,1709046000
63.96,1,Feb 28 2024 04: +0,1709092800
65.395,2,Feb 28 2024 12: +0,1709121600
63.238,1,Feb 28 2024 21: +0,1709154000
59.64,1,Feb 29 2024 08: +0,1709193600
65.894,1,Feb 29 2024 13: +0,1709211600
62.737,1,Mar 01 2024 15: +0,1709305200
67.018,4,Mar 01 2024 16: +0,1709308800
61.756,1,Mar 03 2024 19: +0,1709492400
61.686,1,Mar 03 2024 21: +0,1709499600
38.888,1,Mar 04 2024 17: +0,1709571600
64.732,1,Mar 05 2024 11: +0,1709636400
65.493,1,Mar 06 2024 00: +0,1709683200
67.339,2,Mar 06 2024 16: +0,1709740800
63.842,1,Mar 08 2024 14: +0,1709906400
61.943,1,Mar 08 2024 22: +0,1709935200
72.105,2,Mar 09 2024 08: +0,1709971200
67.287,1,Mar 10 2024 11: +0,1710068400
68.561,1,Mar 10 2024 12: +0,1710072000
62.489,1,Mar 13 2024 06: +0,1710309600
62.481,1,Mar 13 2024 17: +0,1710349200
62.403,1,Mar 14 2024 00: +0,1710374400
67.674,1,Mar 14 2024 23: +0,1710457200
57.722,1,Mar 16 2024 13: +0,1710594000
64.31,1,Mar 16 2024 16: +0,1710604800
60.046,1,Mar 16 2024 22: +0,1710626400
57.225,2,Mar 17 2024 15: +0,1710687600
57.194,1,Mar 18 2024 23: +0,1710802800
59.958,1,Mar 20 2024 00: +0,1710892800
59.554,1,Mar 20 2024 05: +0,1710910800
62.341,1,Mar 20 2024 20: +0,1710964800
67.294,1,Mar 20 2024 23: +0,1710975600
68.365,1,Mar 21 2024 01: +0,1710982800
68.737,1,Mar 22 2024 02: +0,1711072800
64.122,1,Mar 25 2024 04: +0,1711339200
60.306,1,Mar 26 2024 11: +0,1711450800
67.956,1,Mar 27 2024 18: +0,1711562400
68.701,1,Mar 27 2024 22: +0,1711576800
67.607,1,Apr 01 2024 00: +0,1711926000
67.607,1,Apr 01 2024 21: +0,1712001600
67.655,1,Apr 01 2024 23: +0,1712008800
68.018,1,Apr 02 2024 01: +0,1712016000
66.29,1,Apr 02 2024 19: +0,1712080800
67.102,1,Apr 03 2024 03: +0,1712109600
70.476,2,Apr 03 2024 12: +0,1712142000
67.157,1,Apr 03 2024 17: +0,1712160000
67.331,1,Apr 04 2024 05: +0,1712203200
67.307,1,Apr 05 2024 15: +0,1712325600
68.973,1,Apr 05 2024 23: +0,1712354400
69.358,1,Apr 06 2024 03: +0,1712368800
68.925,1,Apr 06 2024 15: +0,1712412000
72.089,1,Apr 07 2024 17: +0,1712505600
71.416,1,Apr 08 2024 18: +0,1712595600
69.23,1,Apr 09 2024 13: +0,1712664000
75.671,2,Apr 10 2024 20: +0,1712775600
74.314,1,Apr 14 2024 04: +0,1713063600
74.418,1,Apr 14 2024 15: +0,1713103200
75.454,1,Apr 15 2024 12: +0,1713178800
74.9,1,Apr 15 2024 13: +0,1713182400
75.623,1,Apr 16 2024 02: +0,1713229200
71.744,1,Apr 17 2024 03: +0,1713319200
75.101,1,Apr 18 2024 10: +0,1713430800
73.607,1,Apr 18 2024 16: +0,1713452400
72.041,1,Apr 18 2024 22: +0,1713474000
72.282,1,Apr 19 2024 21: +0,1713556800
73.8,1,Apr 20 2024 05: +0,1713585600
73.864,1,Apr 20 2024 06: +0,1713589200
79.492,2,Apr 22 2024 11: +0,1713780000
72.745,1,Apr 24 2024 10: +0,1713949200
76.564,1,Apr 24 2024 11: +0,1713952800
73.44,1,Apr 25 2024 01: +0,1714003200
73.44,1,Apr 25 2024 18: +0,1714064400
79.79,1,Apr 25 2024 20: +0,1714071600
82.085,1,Apr 27 2024 03: +0,1714183200
80.336,1,Apr 28 2024 10: +0,1714294800
80.336,1,Apr 29 2024 05: +0,1714363200
76.354,1,May 01 2024 03: +0,1714528800
76.95,1,May 01 2024 15: +0,1714572000
77.524,1,May 01 2024 23: +0,1714600800
77.508,1,May 02 2024 06: +0,1714626000
77.955,1,May 02 2024 21: +0,1714680000
80.761,1,May 03 2024 09: +0,1714723200
80.192,1,May 03 2024 11: +0,1714730400
78.123,1,May 03 2024 18: +0,1714755600
81.589,1,May 04 2024 11: +0,1714816800
80.08,1,May 05 2024 03: +0,1714874400
82.315,1,May 05 2024 05: +0,1714881600
82.867,1,May 05 2024 12: +0,1714906800
84.092,1,May 06 2024 06: +0,1714971600
80.705,1,May 06 2024 08: +0,1714978800
74.326,2,May 08 2024 22: +0,1715202000
80.892,1,May 09 2024 07: +0,1715234400
79.929,2,May 10 2024 19: +0,1715364000
80.353,1,May 12 2024 18: +0,1715533200
77.445,1,May 14 2024 04: +0,1715655600
83.003,2,May 14 2024 14: +0,1715691600
80.953,1,May 14 2024 18: +0,1715706000
81.009,1,May 14 2024 20: +0,1715713200
81.222,1,May 15 2024 14: +0,1715778000
83.996,1,May 15 2024 17: +0,1715788800
84.201,1,May 17 2024 21: +0,1715976000
86.849,1,May 18 2024 01: +0,1715990400
87.09,2,May 18 2024 02: +0,1715994000
81.974,1,May 19 2024 04: +0,1716087600
86.295,1,May 19 2024 09: +0,1716105600
83.383,1,May 20 2024 17: +0,1716220800
85.501,1,May 20 2024 22: +0,1716238800
90.136,2,May 21 2024 17: +0,1716307200
90.259,1,May 24 2024 15: +0,1716559200
84.913,1,May 26 2024 17: +0,1716739200
89.795,1,May 28 2024 20: +0,1716922800
90.824,1,May 28 2024 21: +0,1716926400
92.344,2,May 28 2024 22: +0,1716930000
84.683,1,Jun 06 2024 20: +0,1717700400
86.492,1,Jun 07 2024 06: +0,1717736400
86.926,1,Jun 07 2024 12: +0,1717758000
86.91,1,Jun 07 2024 16: +0,1717772400
85.875,1,Jun 07 2024 20: +0,1717786800
92.25,2,Jun 07 2024 22: +0,1717794000
86.815,1,Jun 09 2024 20: +0,1717959600
78.798,1,Jun 12 2024 11: +0,1718186400
79.778,1,Jun 12 2024 14: +0,1718197200
82.114,1,Jun 14 2024 20: +0,1718391600
80.552,1,Jun 15 2024 04: +0,1718420400
77.258,1,Jun 15 2024 10: +0,1718442000
